3232988579.1034503	0.1133312	0.1110529	0.2998066	0.4580264	0.0714334	0.1709831	0.3416296	0.3981293	0.4094759	0.5334036	0.1435557	0.1046061	0.0830317	0.1831026	0.4702377	0.4556760
3232988579.1133385	0.1133159	0.1110520	0.2998065	0.4580263	0.0714396	0.1709592	0.3416245	0.3981443	0.4094699	0.5333887	0.1435345	0.1046116	0.0830149	0.1831399	0.4702306	0.4556852
3232988579.1232266	0.1133038	0.1110637	0.2997931	0.4580356	0.0714251	0.1709866	0.3416183	0.3981319	0.4094777	0.5333997	0.1435328	0.1046100	0.0830375	0.1831220	0.4702275	0.4556745
3232988579.1331148	0.1133257	0.1110699	0.2997829	0.4580301	0.0714430	0.1709741	0.3416213	0.3981258	0.4094844	0.5334248	0.1435434	0.1046162	0.0830167	0.1831211	0.4702263	0.4556667
3232988579.1430030	0.1133075	0.1110651	0.2998150	0.4580401	0.0714296	0.1709719	0.3416172	0.3981191	0.4094572	0.5334089	0.1435410	0.1046054	0.0830208	0.1831165	0.4702181	0.4556685
3232988579.1528912	0.1133276	0.1110606	0.2997978	0.4580273	0.0714334	0.1709795	0.3416289	0.3981445	0.4094924	0.5334025	0.1435419	0.1046164	0.0830371	0.1831388	0.4702326	0.4556572
3232988579.1627793	0.1133060	0.1110594	0.2998028	0.4580179	0.0714324	0.1709802	0.3416142	0.3981384	0.4094856	0.5333993	0.1435507	0.1046032	0.0830184	0.1831283	0.4702253	0.4556613
3232988579.1726675	0.1133378	0.1110656	0.2997843	0.4580159	0.0714238	0.1709743	0.3416092	0.3981367	0.4094814	0.5333869	0.1435418	0.1046290	0.0830075	0.1831227	0.4702156	0.4556645
3232988579.1825557	0.1133046	0.1110699	0.2997931	0.4580220	0.0714510	0.1709811	0.3416166	0.3981319	0.4094671	0.5334196	0.1435364	0.1046151	0.0830233	0.1831260	0.4702257	0.4556857
3232988579.1924438	0.1133168	0.1110606	0.2997969	0.4580199	0.0714253	0.1709859	0.3416283	0.3981468	0.4094725	0.5334087	0.1435552	0.1046012	0.0830192	0.1831219	0.4702368	0.4556710
3232988579.2023301	0.1133249	0.1110501	0.2997930	0.4580198	0.0714345	0.1709693	0.3416106	0.3981217	0.4094810	0.5334145	0.1435496	0.1046317	0.0830390	0.1831361	0.4702304	0.4556810
3232988579.2122183	0.1133148	0.1110691	0.2997976	0.4580316	0.0714234	0.1709750	0.3416257	0.3981470	0.4094891	0.5334031	0.1435599	0.1046214	0.0830178	0.1831338	0.4702623	0.4556800
3232988579.2221065	0.1133090	0.1110501	0.2998024	0.4580181	0.0714468	0.1709710	0.3416131	0.3981404	0.4094986	0.5334042	0.1435410	0.1046101	0.0830248	0.1831251	0.4702185	0.4556870
3232988579.2319946	0.1133101	0.1110650	0.2997846	0.4580147	0.0714244	0.1709825	0.3416088	0.3981429	0.4094683	0.5334097	0.1435311	0.1046218	0.0830245	0.1831413	0.4702411	0.4556909
3232988579.2418828	0.1133130	0.1110706	0.2998014	0.4580334	0.0714401	0.1709825	0.3416071	0.3981251	0.4094733	0.5334151	0.1435481	0.1046038	0.0830204	0.1831043	0.4702153	0.4556742
3232988579.2517710	0.1133052	0.1110761	0.2998022	0.4580330	0.0714353	0.1709868	0.3416235	0.3981022	0.4094721	0.5334102	0.1435532	0.1046174	0.0830260	0.1831279	0.4702389	0.4556809
3232988579.2616591	0.1133360	0.1110659	0.2998153	0.4580170	0.0714275	0.1709696	0.3416056	0.3981251	0.4094943	0.5333985	0.1435571	0.1046073	0.0830431	0.1831162	0.4702264	0.4556851
3232988579.2715473	0.1133189	0.1110802	0.2997902	0.4580327	0.0714321	0.1709755	0.3416254	0.3981196	0.4094801	0.5334086	0.1435639	0.1046104	0.0830209	0.1831122	0.4702401	0.4556779
3232988579.2814355	0.1133191	0.1110482	0.2997845	0.4580112	0.0714442	0.1709653	0.3416038	0.3981356	0.4094756	0.5333967	0.1435383	0.1046007	0.0830286	0.1831294	0.4702404	0.4556624
3232988579.2913237	0.1133012	0.1110617	0.2998007	0.4580193	0.0714282	0.1709694	0.3416346	0.3981217	0.4094738	0.5334232	0.1435340	0.1046224	0.0830173	0.1831326	0.4702385	0.4556921
3232988579.3012099	0.1133089	0.1110699	0.2998037	0.4580334	0.0714434	0.1709709	0.3416310	0.3981307	0.4094940	0.5334151	0.1435501	0.1046039	0.0830251	0.1831189	0.4702353	0.4556952
3232988579.3110981	0.1133320	0.1110558	0.2997968	0.4580272	0.0714274	0.1709689	0.3416096	0.3981365	0.4094926	0.5333994	0.1435457	0.1045944	0.0830384	0.1830962	0.4702489	0.4556833
3232988579.3209863	0.1133066	0.1110617	0.2997968	0.4580265	0.0714180	0.1709739	0.3416346	0.3981338	0.4094576	0.5333994	0.1435333	0.1046237	0.0830153	0.1831264	0.4702404	0.4556717
3232988579.3308744	0.1133111	0.1110641	0.2997992	0.4580285	0.0714418	0.1709766	0.3416222	0.3981286	0.4094916	0.5334057	0.1435328	0.1046223	0.0830241	0.1831162	0.4702311	0.4556682
3232988579.3407626	0.1133149	0.1110465	0.2997900	0.4580494	0.0714418	0.1709895	0.3416240	0.3981480	0.4094672	0.5333869	0.1435570	0.1046154	0.0830321	0.1831250	0.4702315	0.4556470
3232988579.3506508	0.1133056	0.1110449	0.2997948	0.4580136	0.0714446	0.1709710	0.3416158	0.3981394	0.4094668	0.5333966	0.1435557	0.1046144	0.0830283	0.1831360	0.4702210	0.4556855
3232988579.3605390	0.1133136	0.1110743	0.2998024	0.4580249	0.0714513	0.1709817	0.3416334	0.3981516	0.4094761	0.5334053	0.1435587	0.1046057	0.0830103	0.1831355	0.4702184	0.4556684
3232988579.3704271	0.1133153	0.1110570	0.2998089	0.4580383	0.0714340	0.1709836	0.3416243	0.3981239	0.4094844	0.5334271	0.1435425	0.1046086	0.0830190	0.1831302	0.4702409	0.4556856
3232988579.3803153	0.1133185	0.1110705	0.2997934	0.4580240	0.0714382	0.1709679	0.3416300	0.3981453	0.4094815	0.5334051	0.1435423	0.1046089	0.0830172	0.1831297	0.4702368	0.4556769
3232988579.3902035	0.1133065	0.1110516	0.2997999	0.4580333	0.0714374	0.1709813	0.3416311	0.3981200	0.4094710	0.5333996	0.1435529	0.1046083	0.0830246	0.1831147	0.4702325	0.4556746
3232988579.4000902	0.1133165	0.1110746	0.2997926	0.4580352	0.0714437	0.1709751	0.3416304	0.3981247	0.4094772	0.5334091	0.1435487	0.1046112	0.0830106	0.1831181	0.4702221	0.4556894
3232988579.4099784	0.1133223	0.1110673	0.2997997	0.4580272	0.0714445	0.1709815	0.3416289	0.3981547	0.4094611	0.5334092	0.1435479	0.1045943	0.0830244	0.1831150	0.4702336	0.4556932
3232988579.4198666	0.1133180	0.1110563	0.2998185	0.4580355	0.0714191	0.1709649	0.3416350	0.3981400	0.4094652	0.5333902	0.1435428	0.1046162	0.0830262	0.1831266	0.4702450	0.4556660
3232988579.4297547	0.1132946	0.1110703	0.2997890	0.4580298	0.0714415	0.1709775	0.3416155	0.3981528	0.4094709	0.5333859	0.1435453	0.1046194	0.0830274	0.1831427	0.4702379	0.4556905
3232988579.4396429	0.1133008	0.1110668	0.2998096	0.4580266	0.0714140	0.1709769	0.3416307	0.3981215	0.4094772	0.5334261	0.1435481	0.1046090	0.0830246	0.1831193	0.4702179	0.4556981
3232988579.4495311	0.1132977	0.1110421	0.2997967	0.4580295	0.0714479	0.1709784	0.3416160	0.3981306	0.4094858	0.5334047	0.1435640	0.1046046	0.0830270	0.1831461	0.4702309	0.4556891
3232988579.4594192	0.1133230	0.1110541	0.2998002	0.4580426	0.0714332	0.1709875	0.3416302	0.3981436	0.4094889	0.5333997	0.1435410	0.1046184	0.0830381	0.1831195	0.4702326	0.4556671
3232988579.4693074	0.1133286	0.1110670	0.2998014	0.4580333	0.0714403	0.1709867	0.3416258	0.3981487	0.4094844	0.5334221	0.1435496	0.1046110	0.0830264	0.1831285	0.4702299	0.4556829
3232988579.4791956	0.1133189	0.1110753	0.2998177	0.4580298	0.0714347	0.1709817	0.3416258	0.3981277	0.4094814	0.5334106	0.1435502	0.1046150	0.0830189	0.1831089	0.4702269	0.4556931
3232988579.4890838	0.1133115	0.1110545	0.2997910	0.4580436	0.0714381	0.1709772	0.3416142	0.3981378	0.4094661	0.5334134	0.1435394	0.1046162	0.0830182	0.1831372	0.4702172	0.4556765
3232988579.4989700	0.1132959	0.1110562	0.2998058	0.4580330	0.0714448	0.1709819	0.3416235	0.3981249	0.4094770	0.5334079	0.1435420	0.1045993	0.0830333	0.1831163	0.4702267	0.4557042
3232988579.5088582	0.1133111	0.1110810	0.2998048	0.4580354	0.0714233	0.1709889	0.3416464	0.3981475	0.4094919	0.5334071	0.1435462	0.1046024	0.0830352	0.1831413	0.4702394	0.4556731
3232988579.5187464	0.1133142	0.1110722	0.2998089	0.4580303	0.0714373	0.1709816	0.3416151	0.3981491	0.4094585	0.5334109	0.1435376	0.1046031	0.0830163	0.1831270	0.4702166	0.4556773
3232988579.5286345	0.1133154	0.1110559	0.2998094	0.4580451	0.0714418	0.1710016	0.3416123	0.3981427	0.4094621	0.5334021	0.1435377	0.1046261	0.0830248	0.1831235	0.4702241	0.4556872
3232988579.5385227	0.1133004	0.1110747	0.2998127	0.4580450	0.0714434	0.1709930	0.3416304	0.3981203	0.4094856	0.5334221	0.1435328	0.1046056	0.0830251	0.1831191	0.4702467	0.4556874
3232988579.5484109	0.1133149	0.1110549	0.2997945	0.4580321	0.0714253	0.1709771	0.3416232	0.3981396	0.4094683	0.5334248	0.1435349	0.1046251	0.0830470	0.1831229	0.4702405	0.4556671
3232988579.5582991	0.1133083	0.1110638	0.2998151	0.4580354	0.0714417	0.1709919	0.3416369	0.3981340	0.4094693	0.5334177	0.1435437	0.1046103	0.0830215	0.1831399	0.4702303	0.4556861
3232988579.5681872	0.1133238	0.1110706	0.2997969	0.4580386	0.0714390	0.1709854	0.3416321	0.3981563	0.4094790	0.5334283	0.1435418	0.1046282	0.0830389	0.1831160	0.4702214	0.4556960
3232988579.5780754	0.1133287	0.1110636	0.2998214	0.4580482	0.0714437	0.1709901	0.3416356	0.3981459	0.4094724	0.5334349	0.1435470	0.1046154	0.0830407	0.1831375	0.4702440	0.4556742
3232988579.5879636	0.1133072	0.1110664	0.2998064	0.4580313	0.0714380	0.1709903	0.3416210	0.3981330	0.4094864	0.5334280	0.1435489	0.1046124	0.0830066	0.1830993	0.4702446	0.4556820
3232988579.5978503	0.1133056	0.1110632	0.2998075	0.4580502	0.0714282	0.1709810	0.3416280	0.3981455	0.4094707	0.5334331	0.1435620	0.1046075	0.0830148	0.1831378	0.4702341	0.4556622
3232988579.6077385	0.1133207	0.1110677	0.2997851	0.4580410	0.0714318	0.1709889	0.3416056	0.3981289	0.4094646	0.5334281	0.1435457	0.1046087	0.0830199	0.1831372	0.4702274	0.4556901
3232988579.6176267	0.1133249	0.1110775	0.2997940	0.4580370	0.0714452	0.1710042	0.3416344	0.3981567	0.4094909	0.5334338	0.1435561	0.1046074	0.0830249	0.1831168	0.4702309	0.4556822
3232988579.6275148	0.1133170	0.1110522	0.2997995	0.4580628	0.0714343	0.1709856	0.3416298	0.3981569	0.4094778	0.5334469	0.1435406	0.1046134	0.0830314	0.1831264	0.4702213	0.4556909
3232988579.6374030	0.1133212	0.1110822	0.2998077	0.4580492	0.0714151	0.1709832	0.3416299	0.3981427	0.4094857	0.5334174	0.1435485	0.1046221	0.0830231	0.1831331	0.4702278	0.4556932
3232988579.6472912	0.1133329	0.1110600	0.2998011	0.4580461	0.0714380	0.1709827	0.3416452	0.3981401	0.4094703	0.5334255	0.1435421	0.1046171	0.0830151	0.1831155	0.4702127	0.4556942
3232988579.6571794	0.1133169	0.1110633	0.2997983	0.4580468	0.0714317	0.1709845	0.3416167	0.3981526	0.4094684	0.5334395	0.1435424	0.1046097	0.0830275	0.1831394	0.4702424	0.4556924
3232988579.6670675	0.1133065	0.1110717	0.2997901	0.4580578	0.0714276	0.1709893	0.3416238	0.3981520	0.4094676	0.5334090	0.1435452	0.1046158	0.0830310	0.1831381	0.4702289	0.4556973
3232988579.6769557	0.1133348	0.1110591	0.2997975	0.4580550	0.0714408	0.1709833	0.3416295	0.3981389	0.4094783	0.5334403	0.1435350	0.1046188	0.0830332	0.1831217	0.4702380	0.4556773
3232988579.6868439	0.1133012	0.1110558	0.2998061	0.4580507	0.0714501	0.1709792	0.3416204	0.3981420	0.4094706	0.5334434	0.1435394	0.1046108	0.0830218	0.1831432	0.4702516	0.4556914
3232988579.6967301	0.1133074	0.1110628	0.2998041	0.4580354	0.0714312	0.1709807	0.3416180	0.3981636	0.4094677	0.5334294	0.1435521	0.1046003	0.0830113	0.1831399	0.4702128	0.4557015
3232988579.7066183	0.1133091	0.1110686	0.2997931	0.4580296	0.0714257	0.1709955	0.3416091	0.3981404	0.4094616	0.5334241	0.1435334	0.1046204	0.0830270	0.1831396	0.4702219	0.4557173
3232988579.7165065	0.1133007	0.1110797	0.2997959	0.4580415	0.0714258	0.1709717	0.3416202	0.3981453	0.4094764	0.5334364	0.1435479	0.1046120	0.0830238	0.1831191	0.4702320	0.4556896
3232988579.7263947	0.1133024	0.1110672	0.2998182	0.4580549	0.0714530	0.1709846	0.3416287	0.3981542	0.4094609	0.5334195	0.1435395	0.1046262	0.0830326	0.1831189	0.4702110	0.4556958
3232988579.7362828	0.1132820	0.1110767	0.2998058	0.4580440	0.0714435	0.1709909	0.3416216	0.3981632	0.4094800	0.5334425	0.1435559	0.1046202	0.0830174	0.1831485	0.4702213	0.4557045
3232988579.7461710	0.1133227	0.1110779	0.2997969	0.4580448	0.0714385	0.1709848	0.3416137	0.3981688	0.4094735	0.5334370	0.1435313	0.1046209	0.0830098	0.1831367	0.4702137	0.4556965
3232988579.7560592	0.1133095	0.1110682	0.2997996	0.4580626	0.0714309	0.1709716	0.3416214	0.3981519	0.4094606	0.5334356	0.1435337	0.1045940	0.0830394	0.1831338	0.4701998	0.4557020
3232988579.7659473	0.1132984	0.1110722	0.2997903	0.4580448	0.0714424	0.1709710	0.3416184	0.3981548	0.4094740	0.5334424	0.1435178	0.1046026	0.0830296	0.1831410	0.4702196	0.4557028
3232988579.7758355	0.1133244	0.1110733	0.2998092	0.4580557	0.0714414	0.1709910	0.3416452	0.3981340	0.4094810	0.5334225	0.1435291	0.1046110	0.0830116	0.1831240	0.4702072	0.4556984
3232988579.7857237	0.1133207	0.1110531	0.2998055	0.4580499	0.0714356	0.1709837	0.3416226	0.3981489	0.4094723	0.5334536	0.1435481	0.1046323	0.0830243	0.1831401	0.4702210	0.4556850
3232988579.7956099	0.1133191	0.1110887	0.2998173	0.4580428	0.0714145	0.1709833	0.3415906	0.3981512	0.4094556	0.5334426	0.1435253	0.1046191	0.0830233	0.1831309	0.4702154	0.4556830
3232988579.8054981	0.1132939	0.1110763	0.2997959	0.4580470	0.0714300	0.1709694	0.3416002	0.3981386	0.4094659	0.5334312	0.1435375	0.1046088	0.0830112	0.1831488	0.4702213	0.4556958
3232988579.8153863	0.1133005	0.1110872	0.2997956	0.4580663	0.0714114	0.1709728	0.3416268	0.3981532	0.4094569	0.5334398	0.1435489	0.1046311	0.0830106	0.1831497	0.4702115	0.4556831
3232988579.8252745	0.1133091	0.1110904	0.2997939	0.4580658	0.0714169	0.1709773	0.3416178	0.3981401	0.4094574	0.5334322	0.1435277	0.1046307	0.0830263	0.1831447	0.4702135	0.4556938
3232988579.8351626	0.1133240	0.1110814	0.2997932	0.4580547	0.0714293	0.1709937	0.3416230	0.3981583	0.4094511	0.5334225	0.1435263	0.1046191	0.0830415	0.1831331	0.4702155	0.4557005
3232988579.8450508	0.1132972	0.1110716	0.2998083	0.4580710	0.0714403	0.1709966	0.3416203	0.3981588	0.4094486	0.5334204	0.1435548	0.1046065	0.0830213	0.1831375	0.4702018	0.4557090
3232988579.8549390	0.1133012	0.1110732	0.2997894	0.4580468	0.0714360	0.1709926	0.3416072	0.3981636	0.4094503	0.5334312	0.1435511	0.1046115	0.0830115	0.1831335	0.4702068	0.4557226
3232988579.8648272	0.1133228	0.1110822	0.2997820	0.4580594	0.0714345	0.1710031	0.3416246	0.3981641	0.4094671	0.5334291	0.1435273	0.1046102	0.0830177	0.1831356	0.4702048	0.4556986
3232988579.8747153	0.1133052	0.1110594	0.2998045	0.4580573	0.0714287	0.1709723	0.3416165	0.3981487	0.4094546	0.5334291	0.1435595	0.1045955	0.0830435	0.1831384	0.4702212	0.4557294
3232988579.8846035	0.1133153	0.1110722	0.2998065	0.4580624	0.0714366	0.1709965	0.3416142	0.3981683	0.4094479	0.5334325	0.1435187	0.1046125	0.0830311	0.1831473	0.4702126	0.4557179
3232988579.8944902	0.1133296	0.1110882	0.2998129	0.4580520	0.0714271	0.1709843	0.3416168	0.3981576	0.4094605	0.5334490	0.1435439	0.1046194	0.0830137	0.1831299	0.4702139	0.4557166
3232988579.9043784	0.1133029	0.1110706	0.2997826	0.4580608	0.0714255	0.1709922	0.3416185	0.3981568	0.4094441	0.5334369	0.1435382	0.1046187	0.0830211	0.1831547	0.4702068	0.4557040
3232988579.9142666	0.1133063	0.1110731	0.2997937	0.4580380	0.0714153	0.1709875	0.3416218	0.3981706	0.4094555	0.5334376	0.1435496	0.1046119	0.0830319	0.1831397	0.4702107	0.4557175
3232988579.9241548	0.1133031	0.1110661	0.2997798	0.4580580	0.0714399	0.1709968	0.3416136	0.3981571	0.4094578	0.5334245	0.1435321	0.1046135	0.0830153	0.1831557	0.4702026	0.4556967
3232988579.9340429	0.1133173	0.1110846	0.2998068	0.4580714	0.0714293	0.1709788	0.3416192	0.3981613	0.4094530	0.5334412	0.1435543	0.1046019	0.0830232	0.1831276	0.4701937	0.4557273
3232988579.9439311	0.1133100	0.1110684	0.2997992	0.4580639	0.0714376	0.1709762	0.3416229	0.3981780	0.4094589	0.5334374	0.1435449	0.1046216	0.0830128	0.1831358	0.4702158	0.4557015
3232988579.9538193	0.1132825	0.1110558	0.2998009	0.4580709	0.0714317	0.1709857	0.3416118	0.3981468	0.4094328	0.5334448	0.1435328	0.1046213	0.0830169	0.1831362	0.4702031	0.4557149
3232988579.9637074	0.1133116	0.1110695	0.2997930	0.4580693	0.0714200	0.1709862	0.3416185	0.3981678	0.4094590	0.5334342	0.1435541	0.1046135	0.0830243	0.1831473	0.4702183	0.4557255
3232988579.9735956	0.1133184	0.1110837	0.2998074	0.4580559	0.0714349	0.1709740	0.3416097	0.3981655	0.4094514	0.5334468	0.1435288	0.1046215	0.0830152	0.1831415	0.4702244	0.4557080
3232988579.9834838	0.1133237	0.1110707	0.2997989	0.4580590	0.0714441	0.1709954	0.3416249	0.3981636	0.4094604	0.5334505	0.1435465	0.1046221	0.0830349	0.1831458	0.4701856	0.4557300
3232988579.9933701	0.1133145	0.1110866	0.2998110	0.4580619	0.0714450	0.1710006	0.3416121	0.3981670	0.4094482	0.5334575	0.1435301	0.1046288	0.0830191	0.1831420	0.4702144	0.4557185
3232988580.0032582	0.1133191	0.1110856	0.2997884	0.4580656	0.0714427	0.1709942	0.3416166	0.3981673	0.4094616	0.5334454	0.1435498	0.1046036	0.0830103	0.1831530	0.4701997	0.4557149
3232988580.0131464	0.1133208	0.1110731	0.2997840	0.4580633	0.0714379	0.1710063	0.3416111	0.3981620	0.4094529	0.5334487	0.1435367	0.1046267	0.0830259	0.1831480	0.4702042	0.4557136
3232988580.0230346	0.1133193	0.1110548	0.2997824	0.4580674	0.0714411	0.1709815	0.3416231	0.3981529	0.4094591	0.5334690	0.1435325	0.1046052	0.0830141	0.1831449	0.4702054	0.4557104
3232988580.0329227	0.1133126	0.1110809	0.2997944	0.4580534	0.0714299	0.1709912	0.3415942	0.3981613	0.4094555	0.5334488	0.1435301	0.1046178	0.0830234	0.1831301	0.4702017	0.4557072
3232988580.0428109	0.1133215	0.1110859	0.2998003	0.4580780	0.0714134	0.1709771	0.3416114	0.3981734	0.4094611	0.5334541	0.1435329	0.1046148	0.0830185	0.1831488	0.4702276	0.4557117
3232988580.0526991	0.1132986	0.1110806	0.2998094	0.4580492	0.0714410	0.1709972	0.3416364	0.3981771	0.4094562	0.5334620	0.1435414	0.1046115	0.0830288	0.1831335	0.4702044	0.4557175
3232988580.0625873	0.1133110	0.1110836	0.2998083	0.4580576	0.0714266	0.1710041	0.3416290	0.3981733	0.4094717	0.5334635	0.1435570	0.1046270	0.0830356	0.1831394	0.4702038	0.4557151
3232988580.0724754	0.1133043	0.1110789	0.2998034	0.4580618	0.0714139	0.1709948	0.3416040	0.3981800	0.4094380	0.5334506	0.1435293	0.1046122	0.0830139	0.1831585	0.4702056	0.4557183
3232988580.0823636	0.1132948	0.1110647	0.2997723	0.4580534	0.0714378	0.1709928	0.3416054	0.3981800	0.4094631	0.5334458	0.1435264	0.1046263	0.0830081	0.1831515	0.4702072	0.4557434
3232988580.0922499	0.1133075	0.1110739	0.2997912	0.4580632	0.0714278	0.1709910	0.3416146	0.3981596	0.4094504	0.5334560	0.1435299	0.1046065	0.0830091	0.1831331	0.4702162	0.4557311
3232988580.1021380	0.1133255	0.1110874	0.2998128	0.4580792	0.0714483	0.1709940	0.3416171	0.3981605	0.4094711	0.5334552	0.1435205	0.1046217	0.0830161	0.1831411	0.4702206	0.4557107
3232988580.1120262	0.1133148	0.1110607	0.2997771	0.4580807	0.0714669	0.1709855	0.3416095	0.3981498	0.4094737	0.5334719	0.1435438	0.1046251	0.0830038	0.1831380	0.4702158	0.4557197
3232988580.1219144	0.1133056	0.1110780	0.2997927	0.4580678	0.0714391	0.1709826	0.3416347	0.3981684	0.4094477	0.5334536	0.1435438	0.1046234	0.0830205	0.1831518	0.4702034	0.4557186
3232988580.1318026	0.1133085	0.1110782	0.2997905	0.4580719	0.0714281	0.1709896	0.3416117	0.3981661	0.4094542	0.5334589	0.1435438	0.1046179	0.0830221	0.1831401	0.4702171	0.4557344
3232988580.1416907	0.1133303	0.1110739	0.2998049	0.4580549	0.0714367	0.1709735	0.3416012	0.3981650	0.4094845	0.5334455	0.1435237	0.1046067	0.0830161	0.1831236	0.4702189	0.4557247
3232988580.1515789	0.1133111	0.1110719	0.2997997	0.4580784	0.0714305	0.1709945	0.3416121	0.3981697	0.4094596	0.5334555	0.1435330	0.1046261	0.0830209	0.1831416	0.4702397	0.4557269
3232988580.1614671	0.1133120	0.1110677	0.2997732	0.4580579	0.0714362	0.1709944	0.3416061	0.3981694	0.4094625	0.5334462	0.1435479	0.1046152	0.0830198	0.1831464	0.4702070	0.4557167
3232988580.1713552	0.1133088	0.1110624	0.2997938	0.4580734	0.0714116	0.1709917	0.3416108	0.3981596	0.4094688	0.5334501	0.1435641	0.1046399	0.0830285	0.1831440	0.4702032	0.4557157
3232988580.1812434	0.1133322	0.1110688	0.2998099	0.4580694	0.0714351	0.1709839	0.3416237	0.3981635	0.4094683	0.5334477	0.1435387	0.1046216	0.0830425	0.1831377	0.4702198	0.4557108
3232988580.1911302	0.1133040	0.1110776	0.2997952	0.4580725	0.0714231	0.1710098	0.3416162	0.3981841	0.4094509	0.5334637	0.1435480	0.1046317	0.0830084	0.1831355	0.4702147	0.4557276
3232988580.2010183	0.1133172	0.1110773	0.2997917	0.4580456	0.0714351	0.1710042	0.3416220	0.3981688	0.4094530	0.5334573	0.1435416	0.1046362	0.0830182	0.1831403	0.4702101	0.4557242
3232988580.2109065	0.1133037	0.1110826	0.2997995	0.4580766	0.0714239	0.1710087	0.3416163	0.3981912	0.4094728	0.5334478	0.1435425	0.1046275	0.0830241	0.1831450	0.4702049	0.4557232
3232988580.2207947	0.1133139	0.1110669	0.2998080	0.4580616	0.0714286	0.1709871	0.3416135	0.3981597	0.4094717	0.5334460	0.1435342	0.1046173	0.0830303	0.1831640	0.4702195	0.4557302
3232988580.2306828	0.1133068	0.1110737	0.2998041	0.4580835	0.0714245	0.1709825	0.3416136	0.3981631	0.4094621	0.5334393	0.1435414	0.1046014	0.0830282	0.1831498	0.4702273	0.4557120
3232988580.2405710	0.1133121	0.1110465	0.2997818	0.4580775	0.0714325	0.1709772	0.3416262	0.3981665	0.4094704	0.5334354	0.1435468	0.1046229	0.0830303	0.1831398	0.4702265	0.4557024
3232988580.2504592	0.1133107	0.1110713	0.2998086	0.4580672	0.0714229	0.1709873	0.3415992	0.3981801	0.4094663	0.5334568	0.1435510	0.1046356	0.0830183	0.1831219	0.4702382	0.4557112
3232988580.2603474	0.1133247	0.1110724	0.2998128	0.4580702	0.0714413	0.1709816	0.3416211	0.3981540	0.4094803	0.5334569	0.1435326	0.1046388	0.0830081	0.1831394	0.4702311	0.4557335
3232988580.2702355	0.1133102	0.1110628	0.2997940	0.4580602	0.0714278	0.1709812	0.3416135	0.3981673	0.4094577	0.5334346	0.1435377	0.1046131	0.0830082	0.1831348	0.4702248	0.4557108
3232988580.2801237	0.1133015	0.1110933	0.2997853	0.4580679	0.0714259	0.1709718	0.3416195	0.3981638	0.4094837	0.5334321	0.1435611	0.1046248	0.0830277	0.1831442	0.4702316	0.4557127
3232988580.2900100	0.1133104	0.1110679	0.2997955	0.4580422	0.0714315	0.1709742	0.3416087	0.3981403	0.4094635	0.5334394	0.1435550	0.1046173	0.0830077	0.1831338	0.4702391	0.4557242
3232988580.2998981	0.1133126	0.1110756	0.2997833	0.4580549	0.0714238	0.1709815	0.3416236	0.3981494	0.4094727	0.5334490	0.1435422	0.1046166	0.0830228	0.1831592	0.4702146	0.4557115
3232988580.3097863	0.1133098	0.1110908	0.2998254	0.4580569	0.0714575	0.1709913	0.3416180	0.3981722	0.4094819	0.5334531	0.1435431	0.1046297	0.0830287	0.1831533	0.4702361	0.4557039
3232988580.3196745	0.1133104	0.1110582	0.2998049	0.4580521	0.0714275	0.1709774	0.3416233	0.3981543	0.4094740	0.5334600	0.1435357	0.1046319	0.0830297	0.1831500	0.4702438	0.4557127
3232988580.3295627	0.1133281	0.1110775	0.2998051	0.4580316	0.0714540	0.1709849	0.3416207	0.3981475	0.4094716	0.5334566	0.1435573	0.1046347	0.0830219	0.1831491	0.4702453	0.4557184
3232988580.3394508	0.1133140	0.1110841	0.2997893	0.4580611	0.0714444	0.1709906	0.3416232	0.3981590	0.4094658	0.5334361	0.1435560	0.1046208	0.0830263	0.1831544	0.4702437	0.4557220
3232988580.3493390	0.1133090	0.1110651	0.2997882	0.4580431	0.0714316	0.1709895	0.3416418	0.3981708	0.4094767	0.5334428	0.1435415	0.1046129	0.0830180	0.1831265	0.4702398	0.4557111
3232988580.3592272	0.1133105	0.1110867	0.2997950	0.4580585	0.0714213	0.1709811	0.3416407	0.3981531	0.4094772	0.5334420	0.1435570	0.1046026	0.0830221	0.1831556	0.4702460	0.4557279
3232988580.3691154	0.1133187	0.1110852	0.2997952	0.4580433	0.0714292	0.1709844	0.3416326	0.3981610	0.4094714	0.5334360	0.1435414	0.1046240	0.0830361	0.1831396	0.4702476	0.4557016
3232988580.3790035	0.1133083	0.1110800	0.2998053	0.4580603	0.0714331	0.1709861	0.3416188	0.3981461	0.4094722	0.5334437	0.1435523	0.1046358	0.0830248	0.1831259	0.4702291	0.4557092
3232988580.3888903	0.1133063	0.1110682	0.2997971	0.4580521	0.0714388	0.1709739	0.3416077	0.3981617	0.4094773	0.5334333	0.1435577	0.1046259	0.0830349	0.1831299	0.4702388	0.4557013
3232988580.3987784	0.1133015	0.1110736	0.2997984	0.4580537	0.0714310	0.1709951	0.3416245	0.3981740	0.4094910	0.5334721	0.1435526	0.1046143	0.0830272	0.1831391	0.4702463	0.4556947
3232988580.4086666	0.1132996	0.1110750	0.2997941	0.4580722	0.0714440	0.1709955	0.3416286	0.3981697	0.4094858	0.5334418	0.1435405	0.1046368	0.0830250	0.1831199	0.4702339	0.4557057
3232988580.4185548	0.1133049	0.1110772	0.2998057	0.4580592	0.0714381	0.1710106	0.3416267	0.3981634	0.4094952	0.5334334	0.1435555	0.1046158	0.0830449	0.1831291	0.4702339	0.4557045
3232988580.4284430	0.1133168	0.1110737	0.2997939	0.4580443	0.0714360	0.1709889	0.3416293	0.3981537	0.4094904	0.5334231	0.1435352	0.1046245	0.0830295	0.1831417	0.4702303	0.4556991
3232988580.4383311	0.1133223	0.1110613	0.2997906	0.4580709	0.0714177	0.1709870	0.3416313	0.3981507	0.4094773	0.5334326	0.1435378	0.1046261	0.0830317	0.1831510	0.4702391	0.4557010
3232988580.4482193	0.1133146	0.1110599	0.2998024	0.4580622	0.0714387	0.1709921	0.3416264	0.3981477	0.4094819	0.5334282	0.1435487	0.1046230	0.0830219	0.1831277	0.4702384	0.4557091
3232988580.4581075	0.1133004	0.1110765	0.2997981	0.4580518	0.0714302	0.1709835	0.3416140	0.3981608	0.4094835	0.5334505	0.1435617	0.1046182	0.0830249	0.1831512	0.4702546	0.4557059
3232988580.4679956	0.1133190	0.1110743	0.2997969	0.4580598	0.0714413	0.1709759	0.3416174	0.3981458	0.4094923	0.5334572	0.1435346	0.1046111	0.0830285	0.1831213	0.4702253	0.4556875
3232988580.4778838	0.1133240	0.1110750	0.2998142	0.4580452	0.0714430	0.1709902	0.3416300	0.3981437	0.4094857	0.5334478	0.1435511	0.1046052	0.0830146	0.1831253	0.4702499	0.4556913
3232988580.4877701	0.1133126	0.1110885	0.2997983	0.4580493	0.0714325	0.1709784	0.3416139	0.3981471	0.4094857	0.5334464	0.1435574	0.1046206	0.0830311	0.1831370	0.4702601	0.4556909
3232988580.4976583	0.1133039	0.1110760	0.2997828	0.4580515	0.0714475	0.1709969	0.3416199	0.3981497	0.4094704	0.5334256	0.1435650	0.1045960	0.0830242	0.1831336	0.4702295	0.4556855
3232988580.5075464	0.1132975	0.1110710	0.2998008	0.4580440	0.0714400	0.1709878	0.3416097	0.3981365	0.4094672	0.5334238	0.1435423	0.1046202	0.0830247	0.1831281	0.4702375	0.4557071
3232988580.5174346	0.1133139	0.1110743	0.2998072	0.4580308	0.0714415	0.1709960	0.3416221	0.3981612	0.4094949	0.5334353	0.1435461	0.1046419	0.0830258	0.1831523	0.4702341	0.4556910
3232988580.5273228	0.1133052	0.1110656	0.2998006	0.4580442	0.0714462	0.1709896	0.3416397	0.3981585	0.4094682	0.5334381	0.1435448	0.1046095	0.0830270	0.1831315	0.4702487	0.4557095
3232988580.5372109	0.1133206	0.1110639	0.2998016	0.4580355	0.0714422	0.1709794	0.3416100	0.3981354	0.4094821	0.5334457	0.1435481	0.1046316	0.0830210	0.1831266	0.4702226	0.4556874
3232988580.5470991	0.1132959	0.1110758	0.2997949	0.4580455	0.0714398	0.1709910	0.3416304	0.3981386	0.4094763	0.5334405	0.1435340	0.1045877	0.0830279	0.1831317	0.4702364	0.4557024
3232988580.5569873	0.1133019	0.1110603	0.2997880	0.4580349	0.0714348	0.1710043	0.3416192	0.3981635	0.4094637	0.5334213	0.1435414	0.1046256	0.0830371	0.1831377	0.4702455	0.4557016
3232988580.5668755	0.1133183	0.1110687	0.2997947	0.4580363	0.0714267	0.1709847	0.3416159	0.3981530	0.4094699	0.5334227	0.1435419	0.1046213	0.0830208	0.1831338	0.4702436	0.4556931
3232988580.5767636	0.1133195	0.1110764	0.2998130	0.4580481	0.0714340	0.1709702	0.3416182	0.3981517	0.4094952	0.5334409	0.1435483	0.1045900	0.0830240	0.1831177	0.4702540	0.4557020
3232988580.5866499	0.1133270	0.1110845	0.2998246	0.4580454	0.0714442	0.1709850	0.3416445	0.3981448	0.4094942	0.5334303	0.1435702	0.1046251	0.0830320	0.1831508	0.4702437	0.4557080
3232988580.5965381	0.1133195	0.1110653	0.2997902	0.4580408	0.0714133	0.1709681	0.3416255	0.3981489	0.4094952	0.5334504	0.1435341	0.1046083	0.0830262	0.1831291	0.4702333	0.4556945
3232988580.6064262	0.1133014	0.1110485	0.2997887	0.4580457	0.0714245	0.1709692	0.3416329	0.3981380	0.4094675	0.5334252	0.1435519	0.1046195	0.0830304	0.1831075	0.4702371	0.4557004
3232988580.6163144	0.1133276	0.1110646	0.2998051	0.4580307	0.0714373	0.1709914	0.3416124	0.3981498	0.4094802	0.5334147	0.1435526	0.1046171	0.0830430	0.1831295	0.4702240	0.4556960
3232988580.6262026	0.1132940	0.1110749	0.2997979	0.4580286	0.0714266	0.1709832	0.3416344	0.3981442	0.4094835	0.5334140	0.1435640	0.1046163	0.0830150	0.1831330	0.4702286	0.4556980
3232988580.6360908	0.1133129	0.1110702	0.2997931	0.4580271	0.0714530	0.1709955	0.3416152	0.3981413	0.4094692	0.5334319	0.1435424	0.1046036	0.0830347	0.1831297	0.4702317	0.4556971
3232988580.6459789	0.1133281	0.1110762	0.2997980	0.4580336	0.0714411	0.1709686	0.3416267	0.3981316	0.4094653	0.5334083	0.1435523	0.1046044	0.0830222	0.1831325	0.4702262	0.4556737
3232988580.6558671	0.1133144	0.1110595	0.2998095	0.4580224	0.0714404	0.1709716	0.3416177	0.3981473	0.4094703	0.5334149	0.1435442	0.1046006	0.0830208	0.1831207	0.4702391	0.4556792
3232988580.6657553	0.1133068	0.1110717	0.2997989	0.4580311	0.0714307	0.1709830	0.3416209	0.3981344	0.4094920	0.5334111	0.1435420	0.1046021	0.0830198	0.1831128	0.4702328	0.4556591
3232988580.6756434	0.1132919	0.1110637	0.2997906	0.4580283	0.0714276	0.1709916	0.3416100	0.3981373	0.4094777	0.5334052	0.1435320	0.1046214	0.0830238	0.1831278	0.4702248	0.4556765
3232988580.6855302	0.1133383	0.1110705	0.2998090	0.4580228	0.0714488	0.1709883	0.3416258	0.3981234	0.4094950	0.5334242	0.1435443	0.1046160	0.0830396	0.1831282	0.4702212	0.4556630
3232988580.6954184	0.1133101	0.1110693	0.2998239	0.4580488	0.0714409	0.1709888	0.3416277	0.3981386	0.4095015	0.5334245	0.1435360	0.1046083	0.0830150	0.1831214	0.4702197	0.4556824
3232988580.7053065	0.1133224	0.1110753	0.2997909	0.4580227	0.0714445	0.1709794	0.3416391	0.3981330	0.4094909	0.5334069	0.1435499	0.1046242	0.0830353	0.1831274	0.4702240	0.4556780
3232988580.7151947	0.1133026	0.1110633	0.2997841	0.4580352	0.0714314	0.1709716	0.3416134	0.3981372	0.4094845	0.5333984	0.1435449	0.1045903	0.0830283	0.1831252	0.4702150	0.4556856
3232988580.7250829	0.1133052	0.1110732	0.2997930	0.4580183	0.0714316	0.1709583	0.3416295	0.3981324	0.4094554	0.5333912	0.1435563	0.1046108	0.0830314	0.1831290	0.4702412	0.4556760
3232988580.7349710	0.1133150	0.1110734	0.2998126	0.4580253	0.0714402	0.1709804	0.3416139	0.3981282	0.4094773	0.5333902	0.1435392	0.1045993	0.0830227	0.1831395	0.4702291	0.4556796
3232988580.7448592	0.1133207	0.1110642	0.2998065	0.4580113	0.0714519	0.1709985	0.3416371	0.3981270	0.4094957	0.5334150	0.1435402	0.1046175	0.0830420	0.1831214	0.4702127	0.4556812
3232988580.7547474	0.1133110	0.1110666	0.2997887	0.4580350	0.0714273	0.1709731	0.3416223	0.3981315	0.4094752	0.5334053	0.1435521	0.1046028	0.0830458	0.1831393	0.4702435	0.4556758
3232988580.7646356	0.1133046	0.1110620	0.2998116	0.4580153	0.0714292	0.1709840	0.3416221	0.3981347	0.4094816	0.5334071	0.1435447	0.1046110	0.0830226	0.1831105	0.4702299	0.4556704
3232988580.7745237	0.1133040	0.1110568	0.2997858	0.4580180	0.0714221	0.1709823	0.3416089	0.3981120	0.4094786	0.5333960	0.1435382	0.1046121	0.0830307	0.1831276	0.4702521	0.4556696
3232988580.7844100	0.1133104	0.1110647	0.2997803	0.4580260	0.0714395	0.1709698	0.3416219	0.3981145	0.4094789	0.5334133	0.1435555	0.1046029	0.0830432	0.1831352	0.4702313	0.4556701
3232988580.7942982	0.1133080	0.1110729	0.2998024	0.4580328	0.0714411	0.1709906	0.3416293	0.3981243	0.4094927	0.5333959	0.1435503	0.1046052	0.0830237	0.1831090	0.4702479	0.4556601
3232988580.8041863	0.1133142	0.1110750	0.2998052	0.4580131	0.0714445	0.1709713	0.3416425	0.3981296	0.4094617	0.5334122	0.1435525	0.1046151	0.0830250	0.1831408	0.4702318	0.4556599
3232988580.8140745	0.1132980	0.1110534	0.2998059	0.4580227	0.0714207	0.1709837	0.3416232	0.3981298	0.4094668	0.5333837	0.1435505	0.1045943	0.0830215	0.1831316	0.4702253	0.4556580
3232988580.8239627	0.1133099	0.1110591	0.2997927	0.4580256	0.0714366	0.1709786	0.3415982	0.3981438	0.4094679	0.5333679	0.1435346	0.1046092	0.0830143	0.1831220	0.4702280	0.4556551
3232988580.8338509	0.1133104	0.1110561	0.2997949	0.4580254	0.0714280	0.1709785	0.3416210	0.3980987	0.4094778	0.5333822	0.1435552	0.1046193	0.0830180	0.1831301	0.4702319	0.4556617
3232988580.8437390	0.1133149	0.1110562	0.2997933	0.4580065	0.0714427	0.1709676	0.3416191	0.3981398	0.4094833	0.5333896	0.1435328	0.1045956	0.0830308	0.1831264	0.4702405	0.4556572
3232988580.8536272	0.1133259	0.1110552	0.2998095	0.4580070	0.0714334	0.1709782	0.3416378	0.3981146	0.4094828	0.5334033	0.1435448	0.1046140	0.0830314	0.1831129	0.4702519	0.4556694
3232988580.8635154	0.1133040	0.1110563	0.2998128	0.4580036	0.0714281	0.1709747	0.3416229	0.3981313	0.4094863	0.5333829	0.1435540	0.1046224	0.0830375	0.1831333	0.4702372	0.4556595
3232988580.8734035	0.1133079	0.1110595	0.2997975	0.4580273	0.0714383	0.1709722	0.3416130	0.3981174	0.4094747	0.5333787	0.1435416	0.1045961	0.0830307	0.1831265	0.4702261	0.4556343
3232988580.8832903	0.1133061	0.1110571	0.2997999	0.4580098	0.0714378	0.1709831	0.3416188	0.3981423	0.4094754	0.5334163	0.1435377	0.1046245	0.0830392	0.1831318	0.4702542	0.4556627
3232988580.8931785	0.1133160	0.1110649	0.2998073	0.4580176	0.0714394	0.1709578	0.3416205	0.3981249	0.4094889	0.5333879	0.1435604	0.1045981	0.0830278	0.1831128	0.4702380	0.4556852
3232988580.9030666	0.1133244	0.1110755	0.2998077	0.4580357	0.0714466	0.1709781	0.3416436	0.3981377	0.4094764	0.5333946	0.1435551	0.1045988	0.0830148	0.1831167	0.4702334	0.4556612
3232988580.9129548	0.1133204	0.1110533	0.2998019	0.4580358	0.0714275	0.1709528	0.3416104	0.3981172	0.4094925	0.5334015	0.1435415	0.1046281	0.0830354	0.1831225	0.4702319	0.4556563
3232988580.9228430	0.1133041	0.1110474	0.2998001	0.4580043	0.0714241	0.1709677	0.3416138	0.3981074	0.4094820	0.5333740	0.1435357	0.1046043	0.0830272	0.1831153	0.4702424	0.4556821
3232988580.9327311	0.1133101	0.1110578	0.2998008	0.4580255	0.0714457	0.1709688	0.3416158	0.3981056	0.4094946	0.5333941	0.1435687	0.1046065	0.0830276	0.1831236	0.4702290	0.4556425
3232988580.9426193	0.1133191	0.1110660	0.2998136	0.4580090	0.0714249	0.1709878	0.3416354	0.3981215	0.4094902	0.5333839	0.1435300	0.1045991	0.0830423	0.1831187	0.4702475	0.4556765
3232988580.9525075	0.1133132	0.1110684	0.2997936	0.4580175	0.0714425	0.1709672	0.3416188	0.3981305	0.4094828	0.5333932	0.1435553	0.1046060	0.0830310	0.1831215	0.4702390	0.4556788
3232988580.9623957	0.1133035	0.1110678	0.2997998	0.4579992	0.0714293	0.1709594	0.3416257	0.3981000	0.4094761	0.5334230	0.1435594	0.1046177	0.0830298	0.1831201	0.4702378	0.4556456
3232988580.9722838	0.1132835	0.1110758	0.2997950	0.4580127	0.0714386	0.1709811	0.3416050	0.3981206	0.4094976	0.5333824	0.1435431	0.1045934	0.0830367	0.1831291	0.4702314	0.4556586
3232988580.9821701	0.1133090	0.1110443	0.2997979	0.4580352	0.0714431	0.1709656	0.3416095	0.3981036	0.4094795	0.5333951	0.1435381	0.1045983	0.0830272	0.1831220	0.4702408	0.4556700
3232988580.9920583	0.1133035	0.1110769	0.2997852	0.4580196	0.0714266	0.1709767	0.3416106	0.3981239	0.4094840	0.5333885	0.1435577	0.1045831	0.0830281	0.1831310	0.4702414	0.4556688
3232988581.0019464	0.1133009	0.1110574	0.2998073	0.4580209	0.0714265	0.1709605	0.3416345	0.3981084	0.4094771	0.5334010	0.1435624	0.1046167	0.0830356	0.1831339	0.4702431	0.4556436
3232988581.0118346	0.1133039	0.1110641	0.2997885	0.4580084	0.0714414	0.1709792	0.3416141	0.3981202	0.4094824	0.5333882	0.1435486	0.1045902	0.0830277	0.1831247	0.4702340	0.4556578
3232988581.0217228	0.1133222	0.1110674	0.2997998	0.4580068	0.0714268	0.1709745	0.3416095	0.3981228	0.4094916	0.5333862	0.1435332	0.1046109	0.0830145	0.1831127	0.4702542	0.4556778
3232988581.0316110	0.1132967	0.1110673	0.2998090	0.4580184	0.0714332	0.1709561	0.3416039	0.3981141	0.4094878	0.5333854	0.1435496	0.1045861	0.0830096	0.1831336	0.4702511	0.4556372
3232988581.0414991	0.1133238	0.1110647	0.2997949	0.4579979	0.0714331	0.1709627	0.3416163	0.3980943	0.4094865	0.5333772	0.1435680	0.1046077	0.0830369	0.1831215	0.4702075	0.4556767
3232988581.0513873	0.1133199	0.1110505	0.2997951	0.4580050	0.0714412	0.1709663	0.3416225	0.3981234	0.4094956	0.5333813	0.1435608	0.1046096	0.0830333	0.1831276	0.4702560	0.4556701
3232988581.0612755	0.1133154	0.1110499	0.2998021	0.4580093	0.0714372	0.1709781	0.3416219	0.3981190	0.4094839	0.5333900	0.1435787	0.1046057	0.0830229	0.1831192	0.4702484	0.4556632
3232988581.0711637	0.1133316	0.1110609	0.2998049	0.4579917	0.0714381	0.1709710	0.3416206	0.3981124	0.4094922	0.5334002	0.1435556	0.1046059	0.0830429	0.1831012	0.4702503	0.4556543
3232988581.0810499	0.1133131	0.1110661	0.2998038	0.4580254	0.0714115	0.1709652	0.3416176	0.3981258	0.4094990	0.5333916	0.1435556	0.1046114	0.0830319	0.1831038	0.4702318	0.4556540
3232988581.0909381	0.1133128	0.1110537	0.2997796	0.4580105	0.0714457	0.1709720	0.3416216	0.3981325	0.4094796	0.5333877	0.1435480	0.1046261	0.0830266	0.1831191	0.4702571	0.4556808
3232988581.1008263	0.1133257	0.1110642	0.2997967	0.4580092	0.0714369	0.1709919	0.3416164	0.3981256	0.4094893	0.5333926	0.1435516	0.1046110	0.0830431	0.1831194	0.4702638	0.4556792
3232988581.1107144	0.1133140	0.1110710	0.2997874	0.4580308	0.0714378	0.1709730	0.3416067	0.3981102	0.4095099	0.5333823	0.1435562	0.1046271	0.0830334	0.1831278	0.4702549	0.4556852
3232988581.1206026	0.1133248	0.1110635	0.2997915	0.4580155	0.0714295	0.1709996	0.3416322	0.3981374	0.4094983	0.5333904	0.1435414	0.1046002	0.0830300	0.1831278	0.4702482	0.4556765
3232988581.1304908	0.1133072	0.1110448	0.2997923	0.4580134	0.0714312	0.1709766	0.3416213	0.3981140	0.4094992	0.5333912	0.1435566	0.1046024	0.0830186	0.1831254	0.4702564	0.4556787
3232988581.1403790	0.1133046	0.1110511	0.2998027	0.4580229	0.0714313	0.1709828	0.3416045	0.3981304	0.4094770	0.5334077	0.1435461	0.1046118	0.0830309	0.1831249	0.4702354	0.4556677
3232988581.1502671	0.1133009	0.1110462	0.2998004	0.4580255	0.0714480	0.1709682	0.3416296	0.3980981	0.4094899	0.5334008	0.1435463	0.1046042	0.0830282	0.1831189	0.4702588	0.4556832
3232988581.1601553	0.1133144	0.1110766	0.2998052	0.4580202	0.0714358	0.1709954	0.3416227	0.3981193	0.4095168	0.5334034	0.1435516	0.1046037	0.0830358	0.1831209	0.4702572	0.4556823
3232988581.1700435	0.1133212	0.1110814	0.2997949	0.4580063	0.0714419	0.1709631	0.3416261	0.3981193	0.4094840	0.5334086	0.1435598	0.1045987	0.0830364	0.1831297	0.4702215	0.4556712
3232988581.1799302	0.1133122	0.1110497	0.2997975	0.4580053	0.0714303	0.1709846	0.3416118	0.3981245	0.4094771	0.5333891	0.1435536	0.1046264	0.0830239	0.1831589	0.4702541	0.4556735
3232988581.1898184	0.1133068	0.1110644	0.2998059	0.4580312	0.0714294	0.1709562	0.3416071	0.3981275	0.4094888	0.5333874	0.1435613	0.1046046	0.0830327	0.1831259	0.4702282	0.4556851
3232988581.1997066	0.1133065	0.1110428	0.2998014	0.4580170	0.0714378	0.1709731	0.3416270	0.3981141	0.4094926	0.5334145	0.1435386	0.1045920	0.0830081	0.1831301	0.4702467	0.4556704
3232988581.2095947	0.1133036	0.1110621	0.2997986	0.4580147	0.0714339	0.1709813	0.3416215	0.3981240	0.4094789	0.5334162	0.1435549	0.1045972	0.0830310	0.1831087	0.4702581	0.4556748
3232988581.2194829	0.1133129	0.1110461	0.2998033	0.4580239	0.0714320	0.1709760	0.3416165	0.3981286	0.4095051	0.5334151	0.1435598	0.1046008	0.0830182	0.1831103	0.4702430	0.4556696
3232988581.2293711	0.1133221	0.1110628	0.2998107	0.4580278	0.0714310	0.1709887	0.3416163	0.3981194	0.4094997	0.5333990	0.1435296	0.1045998	0.0830500	0.1831077	0.4702474	0.4556844
3232988581.2392592	0.1133153	0.1110598	0.2998028	0.4580259	0.0714403	0.1709601	0.3416318	0.3981081	0.4094739	0.5333957	0.1435453	0.1046033	0.0830401	0.1831133	0.4702454	0.4556755
3232988581.2491474	0.1132840	0.1110596	0.2997851	0.4580245	0.0714264	0.1709801	0.3416182	0.3981216	0.4094934	0.5334025	0.1435616	0.1046087	0.0830283	0.1831291	0.4702609	0.4556473
3232988581.2590356	0.1133078	0.1110741	0.2998030	0.4580375	0.0714268	0.1709700	0.3416138	0.3981122	0.4094931	0.5334093	0.1435511	0.1045991	0.0830389	0.1831111	0.4702377	0.4556626
3232988581.2689238	0.1133170	0.1110445	0.2997844	0.4580056	0.0714466	0.1709795	0.3416324	0.3981193	0.4094983	0.5334052	0.1435429	0.1046041	0.0830251	0.1831343	0.4702469	0.4556523
3232988581.2788100	0.1133195	0.1110602	0.2998052	0.4580113	0.0714383	0.1709604	0.3416061	0.3981377	0.4095086	0.5334023	0.1435489	0.1046005	0.0830226	0.1831146	0.4702369	0.4556886
3232988581.2886982	0.1133064	0.1110759	0.2997643	0.4580070	0.0714279	0.1709679	0.3416234	0.3981240	0.4094811	0.5334149	0.1435486	0.1046204	0.0830339	0.1831171	0.4702438	0.4556822
3232988581.2985864	0.1133139	0.1110818	0.2997964	0.4580272	0.0714287	0.1709681	0.3416171	0.3981152	0.4095017	0.5334020	0.1435573	0.1046081	0.0830284	0.1831283	0.4702488	0.4556540
3232988581.3084745	0.1133022	0.1110771	0.2997788	0.4580454	0.0714428	0.1709752	0.3416269	0.3981287	0.4094775	0.5334029	0.1435287	0.1046049	0.0830344	0.1831273	0.4702484	0.4556689
3232988581.3183627	0.1133038	0.1110656	0.2998082	0.4580155	0.0714442	0.1709903	0.3416049	0.3981234	0.4094942	0.5334067	0.1435522	0.1046069	0.0830148	0.1831396	0.4702604	0.4556699
3232988581.3282509	0.1133218	0.1110651	0.2997946	0.4580287	0.0714273	0.1709643	0.3416332	0.3981366	0.4094634	0.5334044	0.1435503	0.1046050	0.0830396	0.1831257	0.4702555	0.4556938
3232988581.3381391	0.1132925	0.1110751	0.2998015	0.4580239	0.0714346	0.1709768	0.3416146	0.3981227	0.4095042	0.5334243	0.1435345	0.1045991	0.0830351	0.1831183	0.4702397	0.4556705
3232988581.3480272	0.1133134	0.1110704	0.2998043	0.4580323	0.0714451	0.1709726	0.3416044	0.3981224	0.4095032	0.5334005	0.1435564	0.1046091	0.0830112	0.1831195	0.4702515	0.4556850
3232988581.3579154	0.1133068	0.1110385	0.2998012	0.4580138	0.0714220	0.1709839	0.3416282	0.3981226	0.4094956	0.5334144	0.1435436	0.1046278	0.0830297	0.1831089	0.4702479	0.4556854
3232988581.3678036	0.1133204	0.1110672	0.2997896	0.4580341	0.0714325	0.1709716	0.3416242	0.3981422	0.4094902	0.5334092	0.1435535	0.1045974	0.0830214	0.1831327	0.4702453	0.4556915
3232988581.3776903	0.1133046	0.1110540	0.2998137	0.4580203	0.0714380	0.1709842	0.3416243	0.3981248	0.4094938	0.5334137	0.1435413	0.1046151	0.0830268	0.1831146	0.4702711	0.4556802
3232988581.3875785	0.1133144	0.1110560	0.2998008	0.4580332	0.0714264	0.1709674	0.3416138	0.3981231	0.4095048	0.5334022	0.1435321	0.1046168	0.0830276	0.1831362	0.4702569	0.4556743
3232988581.3974667	0.1133158	0.1110732	0.2998017	0.4580106	0.0714478	0.1709745	0.3416316	0.3981312	0.4094912	0.5334147	0.1435648	0.1045895	0.0830225	0.1831151	0.4702366	0.4556655
3232988581.4073548	0.1132919	0.1110567	0.2997991	0.4580230	0.0714276	0.1709733	0.3416374	0.3981507	0.4094832	0.5333906	0.1435368	0.1046152	0.0830202	0.1831299	0.4702363	0.4556804
3232988581.4172430	0.1133025	0.1110688	0.2998043	0.4580196	0.0714277	0.1709597	0.3416290	0.3981238	0.4095091	0.5334117	0.1435364	0.1046002	0.0830324	0.1831290	0.4702527	0.4556965
3232988581.4271312	0.1133115	0.1110538	0.2998079	0.4580133	0.0714542	0.1709775	0.3416165	0.3981360	0.4094755	0.5333874	0.1435333	0.1046071	0.0830360	0.1831154	0.4702255	0.4556691
3232988581.4370193	0.1133240	0.1110688	0.2998056	0.4580229	0.0714464	0.1709741	0.3416380	0.3981316	0.4094827	0.5334109	0.1435543	0.1046000	0.0830447	0.1831433	0.4702661	0.4556770
3232988581.4469075	0.1133161	0.1110546	0.2997982	0.4580229	0.0714290	0.1709858	0.3416158	0.3981458	0.4095018	0.5334163	0.1435491	0.1046210	0.0830309	0.1831364	0.4702490	0.4556780
3232988581.4567957	0.1133017	0.1110494	0.2997991	0.4580134	0.0714461	0.1709786	0.3416264	0.3981386	0.4094795	0.5333852	0.1435509	0.1046005	0.0830257	0.1831300	0.4702436	0.4556836
3232988581.4666839	0.1133115	0.1110576	0.2997880	0.4580149	0.0714437	0.1709692	0.3416149	0.3981183	0.4095147	0.5334184	0.1435441	0.1046091	0.0830373	0.1831205	0.4702347	0.4556633
3232988581.4765701	0.1133015	0.1110586	0.2998071	0.4580231	0.0714454	0.1709788	0.3416138	0.3981472	0.4095004	0.5334142	0.1435420	0.1046107	0.0830293	0.1831220	0.4702422	0.4556833
3232988581.4864583	0.1133280	0.1110427	0.2997963	0.4580305	0.0714434	0.1709779	0.3416212	0.3981370	0.4094894	0.5334331	0.1435659	0.1046214	0.0830179	0.1831199	0.4702484	0.4556658
3232988581.4963465	0.1133119	0.1110743	0.2998157	0.4580268	0.0714360	0.1709737	0.3416311	0.3981247	0.4094952	0.5334057	0.1435519	0.1046144	0.0830228	0.1831430	0.4702421	0.4556691
3232988581.5062346	0.1133092	0.1110632	0.2998078	0.4580299	0.0714285	0.1709652	0.3416253	0.3981309	0.4094851	0.5333959	0.1435467	0.1045864	0.0830353	0.1831272	0.4702320	0.4556751
3232988581.5161228	0.1133044	0.1110606	0.2997997	0.4580235	0.0714229	0.1709672	0.3416267	0.3981276	0.4094917	0.5333984	0.1435607	0.1046254	0.0830382	0.1831330	0.4702471	0.4556722
3232988581.5260110	0.1133308	0.1110659	0.2998019	0.4580134	0.0714267	0.1709848	0.3416335	0.3981343	0.4094962	0.5334163	0.1435483	0.1046127	0.0830406	0.1831319	0.4702546	0.4556781
3232988581.5358992	0.1133054	0.1110508	0.2998180	0.4580405	0.0714499	0.1709729	0.3416381	0.3981525	0.4094979	0.5334113	0.1435642	0.1046104	0.0830386	0.1831234	0.4702519	0.4556805
3232988581.5457873	0.1133151	0.1110549	0.2998071	0.4580283	0.0714292	0.1709922	0.3416172	0.3981506	0.4095031	0.5334088	0.1435418	0.1046145	0.0830370	0.1831295	0.4702519	0.4556862
3232988581.5556755	0.1133257	0.1110449	0.2998006	0.4580100	0.0714404	0.1709885	0.3416287	0.3981376	0.4094977	0.5334182	0.1435697	0.1045930	0.0830269	0.1831228	0.4702563	0.4556892
3232988581.5655637	0.1133124	0.1110627	0.2998080	0.4580217	0.0714285	0.1709673	0.3416323	0.3981239	0.4095021	0.5334076	0.1435503	0.1045914	0.0830324	0.1831253	0.4702333	0.4556664
3232988581.5754499	0.1133026	0.1110587	0.2998129	0.4580302	0.0714352	0.1709800	0.3416321	0.3981293	0.4094949	0.5334115	0.1435404	0.1045946	0.0830413	0.1831168	0.4702616	0.4556998
3232988581.5853381	0.1133248	0.1110732	0.2998052	0.4580450	0.0714213	0.1709862	0.3416381	0.3981418	0.4095023	0.5334151	0.1435602	0.1046029	0.0830341	0.1831303	0.4702407	0.4556815
3232988581.5952263	0.1133059	0.1110750	0.2998079	0.4580242	0.0714395	0.1709709	0.3416296	0.3981568	0.4094898	0.5334188	0.1435614	0.1046045	0.0830281	0.1831313	0.4702600	0.4556638
3232988581.6051145	0.1133102	0.1110765	0.2998027	0.4580332	0.0714457	0.1709871	0.3416307	0.3981389	0.4095023	0.5333996	0.1435588	0.1046066	0.0830148	0.1831255	0.4702575	0.4556714
3232988581.6150026	0.1133168	0.1110615	0.2998059	0.4580326	0.0714246	0.1709726	0.3416216	0.3981281	0.4095090	0.5334102	0.1435385	0.1046167	0.0830330	0.1831433	0.4702650	0.4556688
3232988581.6248908	0.1133095	0.1110906	0.2998179	0.4580219	0.0714355	0.1709692	0.3416320	0.3981349	0.4095041	0.5334037	0.1435505	0.1046002	0.0830303	0.1831153	0.4702575	0.4556757
3232988581.6347790	0.1133125	0.1110908	0.2998212	0.4580397	0.0714504	0.1709761	0.3416314	0.3981412	0.4095048	0.5334066	0.1435651	0.1045997	0.0830229	0.1831181	0.4702539	0.4556822
3232988581.6446671	0.1133317	0.1110786	0.2998185	0.4580282	0.0714260	0.1709764	0.3416423	0.3981239	0.4094797	0.5334210	0.1435630	0.1046179	0.0830344	0.1831142	0.4702548	0.4556928
3232988581.6545553	0.1133197	0.1110755	0.2998132	0.4580227	0.0714391	0.1709684	0.3416158	0.3981436	0.4095007	0.5334060	0.1435647	0.1046046	0.0830367	0.1831283	0.4702456	0.4556660
3232988581.6644435	0.1133217	0.1110543	0.2997987	0.4580316	0.0714198	0.1709818	0.3416497	0.3981243	0.4094895	0.5333977	0.1435555	0.1046066	0.0830377	0.1831181	0.4702628	0.4556881
3232988581.6743302	0.1133374	0.1110568	0.2998086	0.4580351	0.0714254	0.1709730	0.3416310	0.3981388	0.4095106	0.5333997	0.1435508	0.1046004	0.0830231	0.1831292	0.4702614	0.4556743
3232988581.6842184	0.1133109	0.1110565	0.2998009	0.4580404	0.0714361	0.1709723	0.3416132	0.3981291	0.4094918	0.5334237	0.1435576	0.1046059	0.0830432	0.1831292	0.4702493	0.4556881
3232988581.6941066	0.1133344	0.1110608	0.2998188	0.4580089	0.0714400	0.1709747	0.3416252	0.3981306	0.4095078	0.5333985	0.1435630	0.1046151	0.0830510	0.1831307	0.4702674	0.4556774
3232988581.7039947	0.1133173	0.1110789	0.2998176	0.4580228	0.0714330	0.1709835	0.3416404	0.3981414	0.4095073	0.5334173	0.1435388	0.1046193	0.0830279	0.1831228	0.4702714	0.4556791
3232988581.7138829	0.1133171	0.1110639	0.2997958	0.4580282	0.0714370	0.1709761	0.3416338	0.3981350	0.4095151	0.5334096	0.1435504	0.1046158	0.0830418	0.1831098	0.4702711	0.4556691
3232988581.7237711	0.1133204	0.1110602	0.2998068	0.4580285	0.0714253	0.1709608	0.3416213	0.3981293	0.4095041	0.5334069	0.1435602	0.1046121	0.0830212	0.1831074	0.4702547	0.4556869
3232988581.7336593	0.1133149	0.1110442	0.2998110	0.4580264	0.0714408	0.1709808	0.3416375	0.3981340	0.4094990	0.5334226	0.1435660	0.1046028	0.0830489	0.1831221	0.4702655	0.4556764
3232988581.7435474	0.1133240	0.1110584	0.2998085	0.4580258	0.0714268	0.1709781	0.3416279	0.3981507	0.4095017	0.5333882	0.1435662	0.1046125	0.0830094	0.1831254	0.4702637	0.4556666
3232988581.7534356	0.1133329	0.1110835	0.2997990	0.4580417	0.0714352	0.1709706	0.3416332	0.3981333	0.4094931	0.5334090	0.1435544	0.1046051	0.0830375	0.1831252	0.4702786	0.4556686
3232988581.7633238	0.1133269	0.1110541	0.2998088	0.4580314	0.0714266	0.1709755	0.3416369	0.3981340	0.4095117	0.5333892	0.1435569	0.1046187	0.0830338	0.1831287	0.4702762	0.4556729
3232988581.7732100	0.1133170	0.1110754	0.2997980	0.4580350	0.0714290	0.1709775	0.3416378	0.3981337	0.4094881	0.5334181	0.1435546	0.1046218	0.0830377	0.1831327	0.4702627	0.4556845
3232988581.7830982	0.1133026	0.1110703	0.2998186	0.4580244	0.0714360	0.1709625	0.3416343	0.3981371	0.4095075	0.5334057	0.1435580	0.1046133	0.0830244	0.1831306	0.4702539	0.4556629
3232988581.7929864	0.1133238	0.1110609	0.2998217	0.4580188	0.0714329	0.1709733	0.3416387	0.3981324	0.4095101	0.5334240	0.1435647	0.1046060	0.0830277	0.1831144	0.4702888	0.4556861
3232988581.8028746	0.1133221	0.1110808	0.2998058	0.4580362	0.0714514	0.1709739	0.3416455	0.3981380	0.4095076	0.5334107	0.1435546	0.1046294	0.0830311	0.1831199	0.4702535	0.4556927
3232988581.8127627	0.1133272	0.1110704	0.2998169	0.4580348	0.0714329	0.1709761	0.3416329	0.3981275	0.4095149	0.5334061	0.1435740	0.1046071	0.0830318	0.1831216	0.4702761	0.4556914
3232988581.8226509	0.1133007	0.1110630	0.2998017	0.4580211	0.0714190	0.1709901	0.3416392	0.3981310	0.4095146	0.5334319	0.1435484	0.1046102	0.0830260	0.1831182	0.4702873	0.4556671
3232988581.8325391	0.1133141	0.1110592	0.2998025	0.4580351	0.0714350	0.1709814	0.3416354	0.3981280	0.4095062	0.5334242	0.1435748	0.1046172	0.0830328	0.1831234	0.4702576	0.4556854
3232988581.8424273	0.1133303	0.1110600	0.2998175	0.4580190	0.0714423	0.1709763	0.3416199	0.3981321	0.4095072	0.5333970	0.1435555	0.1046013	0.0830291	0.1831118	0.4702655	0.4556784
3232988581.8523154	0.1133066	0.1110536	0.2998202	0.4580250	0.0714656	0.1709717	0.3416583	0.3981487	0.4095111	0.5333958	0.1435710	0.1045914	0.0830303	0.1831242	0.4702834	0.4556853
3232988581.8622036	0.1133120	0.1110569	0.2998276	0.4580370	0.0714391	0.1709809	0.3416172	0.3981192	0.4095140	0.5334108	0.1435562	0.1046190	0.0830202	0.1831263	0.4702750	0.4556891
3232988581.8720899	0.1133230	0.1110708	0.2998232	0.4580230	0.0714495	0.1709751	0.3416468	0.3981238	0.4095204	0.5334122	0.1435447	0.1046215	0.0830210	0.1831349	0.4702686	0.4556762
3232988581.8819780	0.1133287	0.1110507	0.2998148	0.4580139	0.0714334	0.1709749	0.3416184	0.3981260	0.4095175	0.5333989	0.1435516	0.1046309	0.0830394	0.1831129	0.4702753	0.4556929
3232988581.8918662	0.1133248	0.1110710	0.2998132	0.4580137	0.0714350	0.1709827	0.3416394	0.3981297	0.4094964	0.5334160	0.1435498	0.1045936	0.0830393	0.1831399	0.4702673	0.4556750
3232988581.9017544	0.1133298	0.1110600	0.2997992	0.4580282	0.0714315	0.1709572	0.3416340	0.3981167	0.4095294	0.5334156	0.1435750	0.1046009	0.0830409	0.1831257	0.4702807	0.4556908
3232988581.9116425	0.1133319	0.1110764	0.2998252	0.4580225	0.0714561	0.1709836	0.3416554	0.3981249	0.4095219	0.5334063	0.1435558	0.1046121	0.0830223	0.1831257	0.4702855	0.4556864
3232988581.9215307	0.1133163	0.1110648	0.2998192	0.4580260	0.0714369	0.1709597	0.3416444	0.3981237	0.4095136	0.5334074	0.1435504	0.1046065	0.0830315	0.1831258	0.4702811	0.4556963
3232988581.9314189	0.1133231	0.1110646	0.2998134	0.4580169	0.0714344	0.1709750	0.3416455	0.3981220	0.4095100	0.5334106	0.1435457	0.1046155	0.0830488	0.1831143	0.4702870	0.4556747
3232988581.9413071	0.1133248	0.1110604	0.2998090	0.4580414	0.0714354	0.1709751	0.3416407	0.3981408	0.4095303	0.5333853	0.1435473	0.1045957	0.0830251	0.1831106	0.4702709	0.4556748
3232988581.9511952	0.1133199	0.1110427	0.2998336	0.4580094	0.0714365	0.1709674	0.3416495	0.3981251	0.4095077	0.5334108	0.1435550	0.1046061	0.0830309	0.1831351	0.4702711	0.4556712
3232988581.9610834	0.1133117	0.1110503	0.2997927	0.4580210	0.0714259	0.1709750	0.3416441	0.3981388	0.4095185	0.5333912	0.1435634	0.1046082	0.0830368	0.1831141	0.4702760	0.4556728
3232988581.9709702	0.1133138	0.1110584	0.2998093	0.4580282	0.0714282	0.1709640	0.3416441	0.3981281	0.4095305	0.5334133	0.1435426	0.1046187	0.0830357	0.1831145	0.4702689	0.4556793
3232988581.9808583	0.1133003	0.1110846	0.2998054	0.4580280	0.0714320	0.1709688	0.3416426	0.3981263	0.4095258	0.5333915	0.1435530	0.1046107	0.0830349	0.1831558	0.4702534	0.4556790
3232988581.9907465	0.1133243	0.1110768	0.2998165	0.4580202	0.0714271	0.1709685	0.3416402	0.3981205	0.4095107	0.5334117	0.1435607	0.1046042	0.0830375	0.1831166	0.4702692	0.4556704
3232988582.0006347	0.1133065	0.1110617	0.2998202	0.4580225	0.0714256	0.1709640	0.3416295	0.3981262	0.4095229	0.5333833	0.1435602	0.1046176	0.0830421	0.1831273	0.4702785	0.4556729
3232988582.0105228	0.1133167	0.1110495	0.2998269	0.4580214	0.0714350	0.1709965	0.3416562	0.3981118	0.4095201	0.5334082	0.1435617	0.1046054	0.0830437	0.1831263	0.4702637	0.4556680
3232988582.0204110	0.1133011	0.1110605	0.2998354	0.4580158	0.0714337	0.1709791	0.3416390	0.3981322	0.4095371	0.5334016	0.1435656	0.1046247	0.0830328	0.1831180	0.4702858	0.4556786
3232988582.0302992	0.1133104	0.1110636	0.2998167	0.4580087	0.0714385	0.1709638	0.3416431	0.3981383	0.4095119	0.5334155	0.1435557	0.1046143	0.0830478	0.1831185	0.4702800	0.4556765
3232988582.0401874	0.1133041	0.1110514	0.2998227	0.4579928	0.0714252	0.1709706	0.3416501	0.3981211	0.4095233	0.5333958	0.1435767	0.1045940	0.0830257	0.1831192	0.4702924	0.4556821
3232988582.0500755	0.1133148	0.1110657	0.2998372	0.4580159	0.0714213	0.1709694	0.3416348	0.3981364	0.4095122	0.5334019	0.1435624	0.1046161	0.0830438	0.1831186	0.4702931	0.4556866
3232988582.0599637	0.1133227	0.1110781	0.2998195	0.4580094	0.0714389	0.1709685	0.3416650	0.3981169	0.4095325	0.5334052	0.1435672	0.1046141	0.0830564	0.1831184	0.4702606	0.4556738
3232988582.0698500	0.1133170	0.1110587	0.2998402	0.4580156	0.0714289	0.1709807	0.3416554	0.3981228	0.4095248	0.5333928	0.1435734	0.1046128	0.0830338	0.1831333	0.4702780	0.4556679
3232988582.0797381	0.1133345	0.1110706	0.2998197	0.4580228	0.0714368	0.1709669	0.3416598	0.3981270	0.4095100	0.5334013	0.1435629	0.1046093	0.0830337	0.1830978	0.4702823	0.4556682
3232988582.0896263	0.1133057	0.1110617	0.2998173	0.4580118	0.0714320	0.1709785	0.3416374	0.3981142	0.4095120	0.5333946	0.1435756	0.1046151	0.0830240	0.1831467	0.4702930	0.4556683
3232988582.0995145	0.1133239	0.1110697	0.2998259	0.4580184	0.0714496	0.1709749	0.3416367	0.3981101	0.4095283	0.5333980	0.1435636	0.1046033	0.0830395	0.1831242	0.4702663	0.4556806
3232988582.1094027	0.1133165	0.1110731	0.2998294	0.4580023	0.0714330	0.1709772	0.3416338	0.3981213	0.4095198	0.5333880	0.1435594	0.1046133	0.0830416	0.1831199	0.4702919	0.4556648
3232988582.1192908	0.1133289	0.1110569	0.2998257	0.4580093	0.0714267	0.1709816	0.3416463	0.3981215	0.4095407	0.5333790	0.1435759	0.1046003	0.0830220	0.1831229	0.4702886	0.4556691
3232988582.1291790	0.1133341	0.1110654	0.2998261	0.4580232	0.0714421	0.1709748	0.3416526	0.3981201	0.4095411	0.5333811	0.1435529	0.1046041	0.0830723	0.1831303	0.4702851	0.4556559
3232988582.1390672	0.1133215	0.1110711	0.2998236	0.4580039	0.0714239	0.1709682	0.3416644	0.3981269	0.4095429	0.5334021	0.1435654	0.1046057	0.0830372	0.1831163	0.4702726	0.4556623
3232988582.1489553	0.1133255	0.1110669	0.2998146	0.4580026	0.0714352	0.1709592	0.3416424	0.3981405	0.4095203	0.5333792	0.1435527	0.1046026	0.0830246	0.1831143	0.4702884	0.4556659
3232988582.1588435	0.1133252	0.1110833	0.2998191	0.4580158	0.0714233	0.1709798	0.3416653	0.3981030	0.4095161	0.5334039	0.1435624	0.1046029	0.0830405	0.1831072	0.4702726	0.4556671
3232988582.1687303	0.1133174	0.1110541	0.2998105	0.4580196	0.0714532	0.1709738	0.3416504	0.3981206	0.4095226	0.5333771	0.1435419	0.1046116	0.0830453	0.1831040	0.4702684	0.4556893
3232988582.1786184	0.1133149	0.1110532	0.2998333	0.4580220	0.0714434	0.1709661	0.3416385	0.3981255	0.4095298	0.5333886	0.1435611	0.1046053	0.0830439	0.1831219	0.4702677	0.4556783
3232988582.1885066	0.1133298	0.1110456	0.2998120	0.4580117	0.0714403	0.1709737	0.3416546	0.3981228	0.4095121	0.5333841	0.1435569	0.1045922	0.0830342	0.1831180	0.4702689	0.4556683
3232988582.1983948	0.1133239	0.1110666	0.2998165	0.4580043	0.0714452	0.1709608	0.3416431	0.3981155	0.4095235	0.5333797	0.1435562	0.1046132	0.0830179	0.1831138	0.4702730	0.4556680
3232988582.2082829	0.1133298	0.1110543	0.2998185	0.4580108	0.0714423	0.1709515	0.3416593	0.3981297	0.4095266	0.5333925	0.1435666	0.1045926	0.0830203	0.1831202	0.4702819	0.4556552
3232988582.2181711	0.1133353	0.1110673	0.2998275	0.4580076	0.0714585	0.1709588	0.3416691	0.3981168	0.4095193	0.5333958	0.1435754	0.1046098	0.0830431	0.1831264	0.4702774	0.4556502
3232988582.2280593	0.1133219	0.1110672	0.2998257	0.4580016	0.0714293	0.1709637	0.3416564	0.3981182	0.4095204	0.5333953	0.1435634	0.1046181	0.0830302	0.1831202	0.4702843	0.4556671
3232988582.2379475	0.1133355	0.1110452	0.2998312	0.4580265	0.0714454	0.1709535	0.3416474	0.3981028	0.4095282	0.5333906	0.1435597	0.1045980	0.0830196	0.1831261	0.4702839	0.4556769
3232988582.2478356	0.1133092	0.1110647	0.2998359	0.4580234	0.0714304	0.1709646	0.3416383	0.3981341	0.4095304	0.5333852	0.1435694	0.1046046	0.0830546	0.1831163	0.4702733	0.4556626
3232988582.2577238	0.1133250	0.1110592	0.2998116	0.4580131	0.0714396	0.1709560	0.3416407	0.3981202	0.4095003	0.5333940	0.1435570	0.1046097	0.0830341	0.1831197	0.4702783	0.4556523
3232988582.2676101	0.1133296	0.1110661	0.2998124	0.4580023	0.0714388	0.1709820	0.3416492	0.3981278	0.4095243	0.5334008	0.1435534	0.1046162	0.0830339	0.1831286	0.4702649	0.4556797
3232988582.2774982	0.1133398	0.1110625	0.2998303	0.4580169	0.0714383	0.1709704	0.3416430	0.3981054	0.4095133	0.5333903	0.1435575	0.1046015	0.0830244	0.1830986	0.4702956	0.4556667
3232988582.2873864	0.1133170	0.1110651	0.2998331	0.4580095	0.0714499	0.1709546	0.3416779	0.3981226	0.4095232	0.5333908	0.1435503	0.1046147	0.0830347	0.1831245	0.4702880	0.4556697
3232988582.2972746	0.1133152	0.1110635	0.2998427	0.4580051	0.0714540	0.1709781	0.3416386	0.3981223	0.4095238	0.5334050	0.1435580	0.1046029	0.0830448	0.1831304	0.4702710	0.4556738
3232988582.3071628	0.1133181	0.1110595	0.2998094	0.4579981	0.0714470	0.1709608	0.3416310	0.3981128	0.4095289	0.5333858	0.1435683	0.1046134	0.0830483	0.1831129	0.4702713	0.4556631
3232988582.3170509	0.1133154	0.1110583	0.2998226	0.4580188	0.0714326	0.1709717	0.3416490	0.3981217	0.4095261	0.5333946	0.1435685	0.1046109	0.0830219	0.1831222	0.4702786	0.4556652
3232988582.3269391	0.1133361	0.1110576	0.2998398	0.4579979	0.0714456	0.1709669	0.3416680	0.3981064	0.4095274	0.5334021	0.1435465	0.1045938	0.0830263	0.1831195	0.4702960	0.4556836
3232988582.3368273	0.1133297	0.1110494	0.2998338	0.4580081	0.0714385	0.1709775	0.3416562	0.3981339	0.4095196	0.5333902	0.1435783	0.1046065	0.0830261	0.1831278	0.4702759	0.4556609
3232988582.3467154	0.1133101	0.1110634	0.2998247	0.4580159	0.0714612	0.1709550	0.3416455	0.3980877	0.4095064	0.5333940	0.1435742	0.1046069	0.0830341	0.1831128	0.4702626	0.4556680
3232988582.3566036	0.1133061	0.1110495	0.2998101	0.4580111	0.0714433	0.1709492	0.3416465	0.3981119	0.4095075	0.5333758	0.1435608	0.1046114	0.0830425	0.1831131	0.4702909	0.4556640
3232988582.3664899	0.1133225	0.1110659	0.2998229	0.4579988	0.0714319	0.1709658	0.3416522	0.3981113	0.4095169	0.5333774	0.1435676	0.1046142	0.0830479	0.1831075	0.4702670	0.4556711
3232988582.3763781	0.1133043	0.1110324	0.2998232	0.4580091	0.0714337	0.1709620	0.3416531	0.3981207	0.4095241	0.5333846	0.1435552	0.1046077	0.0830320	0.1831081	0.4702996	0.4556504
3232988582.3862662	0.1133311	0.1110802	0.2998507	0.4580096	0.0714337	0.1709549	0.3416495	0.3981157	0.4095361	0.5333946	0.1435716	0.1046104	0.0830164	0.1831101	0.4702816	0.4556540
3232988582.3961544	0.1133254	0.1110537	0.2998354	0.4579989	0.0714528	0.1709627	0.3416502	0.3981006	0.4095431	0.5333730	0.1435555	0.1046324	0.0830160	0.1831082	0.4702864	0.4556662
3232988582.4060426	0.1133142	0.1110490	0.2998397	0.4579944	0.0714339	0.1709625	0.3416531	0.3981092	0.4095235	0.5333746	0.1435714	0.1045892	0.0830552	0.1831255	0.4702786	0.4556652
3232988582.4159307	0.1133152	0.1110456	0.2998222	0.4580149	0.0714440	0.1709809	0.3416684	0.3980958	0.4095158	0.5333908	0.1435539	0.1046076	0.0830275	0.1831132	0.4702898	0.4556536
3232988582.4258189	0.1133136	0.1110607	0.2998376	0.4579905	0.0714401	0.1709732	0.3416622	0.3981187	0.4095139	0.5333931	0.1435496	0.1046094	0.0830378	0.1831243	0.4702850	0.4556509
3232988582.4357071	0.1133244	0.1110630	0.2998238	0.4580059	0.0714403	0.1709652	0.3416659	0.3981101	0.4095112	0.5333717	0.1435654	0.1046018	0.0830411	0.1831312	0.4702682	0.4556523
3232988582.4455953	0.1133141	0.1110591	0.2998289	0.4579752	0.0714494	0.1709548	0.3416483	0.3981189	0.4095166	0.5333836	0.1435543	0.1046057	0.0830248	0.1831193	0.4702902	0.4556523
3232988582.4554834	0.1133282	0.1110585	0.2998378	0.4580107	0.0714324	0.1709611	0.3416593	0.3981245	0.4095225	0.5333829	0.1435475	0.1046012	0.0830373	0.1831081	0.4702621	0.4556709
3232988582.4653702	0.1133029	0.1110440	0.2998106	0.4580024	0.0714267	0.1709549	0.3416509	0.3981263	0.4095309	0.5333699	0.1435539	0.1046336	0.0830289	0.1831099	0.4702910	0.4556507
3232988582.4752583	0.1133212	0.1110584	0.2998332	0.4579985	0.0714450	0.1709481	0.3416695	0.3980972	0.4095256	0.5333693	0.1435574	0.1045969	0.0830452	0.1831288	0.4702580	0.4556509
3232988582.4851465	0.1133349	0.1110570	0.2998350	0.4580179	0.0714300	0.1709642	0.3416540	0.3981022	0.4095350	0.5333577	0.1435677	0.1045962	0.0830222	0.1831163	0.4703024	0.4556462
3232988582.4950347	0.1133215	0.1110587	0.2998307	0.4580015	0.0714445	0.1709708	0.3416576	0.3981243	0.4095443	0.5333625	0.1435701	0.1046076	0.0830482	0.1831095	0.4702782	0.4556470
3232988582.5049229	0.1133290	0.1110644	0.2998240	0.4579964	0.0714401	0.1709595	0.3416494	0.3981030	0.4095164	0.5333839	0.1435695	0.1045998	0.0830490	0.1831473	0.4702701	0.4556568
3232988582.5148110	0.1133361	0.1110554	0.2998156	0.4579725	0.0714496	0.1709692	0.3416459	0.3981068	0.4095275	0.5333815	0.1435578	0.1045966	0.0830579	0.1831112	0.4702689	0.4556346
3232988582.5246992	0.1133331	0.1110595	0.2998186	0.4579868	0.0714560	0.1709551	0.3416766	0.3981085	0.4095165	0.5333881	0.1435612	0.1046065	0.0830423	0.1831132	0.4702860	0.4556524
3232988582.5345874	0.1133310	0.1110384	0.2998348	0.4580209	0.0714301	0.1709750	0.3416658	0.3981089	0.4095135	0.5333582	0.1435697	0.1045987	0.0830557	0.1831131	0.4702870	0.4556589
3232988582.5444756	0.1133090	0.1110720	0.2998335	0.4579916	0.0714432	0.1709517	0.3416648	0.3981003	0.4095357	0.5333700	0.1435734	0.1046009	0.0830380	0.1831303	0.4702827	0.4556509
3232988582.5543637	0.1133090	0.1110596	0.2998380	0.4579954	0.0714499	0.1709566	0.3416504	0.3981017	0.4095187	0.5333743	0.1435458	0.1046016	0.0830389	0.1831162	0.4702797	0.4556532
3232988582.5642500	0.1133236	0.1110532	0.2998125	0.4579691	0.0714456	0.1709741	0.3416627	0.3981045	0.4095197	0.5333543	0.1435665	0.1045787	0.0830421	0.1831112	0.4702775	0.4556446
3232988582.5741382	0.1133430	0.1110411	0.2998229	0.4579927	0.0714424	0.1709685	0.3416592	0.3980943	0.4095390	0.5333577	0.1435633	0.1046148	0.0830516	0.1831319	0.4702769	0.4556507
3232988582.5840263	0.1133118	0.1110530	0.2998447	0.4579793	0.0714489	0.1709632	0.3416652	0.3981123	0.4095207	0.5333609	0.1435717	0.1046066	0.0830418	0.1831141	0.4702993	0.4556386
3232988582.5939145	0.1133271	0.1110486	0.2998217	0.4579849	0.0714624	0.1709686	0.3416525	0.3981061	0.4095428	0.5333670	0.1435825	0.1045968	0.0830518	0.1831159	0.4702712	0.4556512
3232988582.6038027	0.1133223	0.1110438	0.2998297	0.4580032	0.0714448	0.1709557	0.3416514	0.3980886	0.4095247	0.5333827	0.1435578	0.1046076	0.0830524	0.1831041	0.4702902	0.4556497
3232988582.6136909	0.1133171	0.1110498	0.2998411	0.4579839	0.0714546	0.1709608	0.3416379	0.3980924	0.4095241	0.5333567	0.1435580	0.1045858	0.0830427	0.1831033	0.4702984	0.4556349
3232988582.6235790	0.1133095	0.1110396	0.2998282	0.4579743	0.0714478	0.1709673	0.3416592	0.3981167	0.4095269	0.5333542	0.1435553	0.1045951	0.0830381	0.1830948	0.4702833	0.4556457
3232988582.6334672	0.1133189	0.1110547	0.2998193	0.4579773	0.0714472	0.1709500	0.3416470	0.3980936	0.4095353	0.5333606	0.1435748	0.1045993	0.0830356	0.1831016	0.4702751	0.4556343
3232988582.6433554	0.1133440	0.1110515	0.2998299	0.4579793	0.0714342	0.1709569	0.3416588	0.3980946	0.4095145	0.5333631	0.1435500	0.1046133	0.0830276	0.1831109	0.4702994	0.4556396
3232988582.6532435	0.1133409	0.1110382	0.2998380	0.4579788	0.0714332	0.1709659	0.3416759	0.3980947	0.4095248	0.5333719	0.1435475	0.1045914	0.0830418	0.1831044	0.4702954	0.4556331
3232988582.6631303	0.1133167	0.1110458	0.2998406	0.4579816	0.0714528	0.1709720	0.3416665	0.3980848	0.4095321	0.5333542	0.1435711	0.1045940	0.0830219	0.1831043	0.4702840	0.4556287
3232988582.6730185	0.1133270	0.1110597	0.2998195	0.4579852	0.0714567	0.1709603	0.3416534	0.3980954	0.4095021	0.5333446	0.1435596	0.1045928	0.0830465	0.1831139	0.4702781	0.4556300
3232988582.6829066	0.1133271	0.1110479	0.2998337	0.4580023	0.0714454	0.1709444	0.3416577	0.3980862	0.4095339	0.5333406	0.1435478	0.1046052	0.0830517	0.1830857	0.4702837	0.4556499
3232988582.6927948	0.1133352	0.1110501	0.2998170	0.4579562	0.0714422	0.1709724	0.3416566	0.3980988	0.4095193	0.5333435	0.1435531	0.1046103	0.0830455	0.1830994	0.4702966	0.4556113
3232988582.7026830	0.1133330	0.1110347	0.2998363	0.4579879	0.0714606	0.1709639	0.3416482	0.3980914	0.4095413	0.5333697	0.1435776	0.1045816	0.0830324	0.1831110	0.4702912	0.4556393
3232988582.7125711	0.1133100	0.1110586	0.2998281	0.4579737	0.0714413	0.1709524	0.3416472	0.3981027	0.4095381	0.5333552	0.1435731	0.1046099	0.0830262	0.1831012	0.4702866	0.4556208
3232988582.7224593	0.1133219	0.1110611	0.2998290	0.4579799	0.0714446	0.1709412	0.3416626	0.3980792	0.4095528	0.5333340	0.1435624	0.1045819	0.0830393	0.1830980	0.4702745	0.4556059
3232988582.7323475	0.1133245	0.1110546	0.2998284	0.4579864	0.0714354	0.1709830	0.3416492	0.3980863	0.4095263	0.5333529	0.1435646	0.1045962	0.0830187	0.1831073	0.4702833	0.4556164
3232988582.7422357	0.1133393	0.1110505	0.2998315	0.4579698	0.0714429	0.1709769	0.3416787	0.3980683	0.4095361	0.5333371	0.1435565	0.1046004	0.0830293	0.1831089	0.4702884	0.4556345
3232988582.7521238	0.1133174	0.1110619	0.2998540	0.4579782	0.0714527	0.1709707	0.3416710	0.3980823	0.4095423	0.5333441	0.1435657	0.1046051	0.0830477	0.1830930	0.4702921	0.4556221
3232988582.7620101	0.1133292	0.1110437	0.2998349	0.4579761	0.0714244	0.1709705	0.3416735	0.3980968	0.4095220	0.5333507	0.1435565	0.1045974	0.0830442	0.1831282	0.4703072	0.4556250
3232988582.7718983	0.1133317	0.1110540	0.2998294	0.4579886	0.0714536	0.1709400	0.3416594	0.3980787	0.4095375	0.5333398	0.1435805	0.1045891	0.0830485	0.1830979	0.4702853	0.4556403
3232988582.7817864	0.1133396	0.1110500	0.2998523	0.4579650	0.0714292	0.1709551	0.3416459	0.3980701	0.4095222	0.5333390	0.1435611	0.1045932	0.0830313	0.1831103	0.4703163	0.4556157
3232988582.7916746	0.1133278	0.1110577	0.2998222	0.4579811	0.0714331	0.1709547	0.3416710	0.3980660	0.4095400	0.5333393	0.1435882	0.1046029	0.0830346	0.1830993	0.4702860	0.4556193
3232988582.8015628	0.1133269	0.1110449	0.2998325	0.4579599	0.0714566	0.1709679	0.3416645	0.3980769	0.4095210	0.5333390	0.1435691	0.1046126	0.0830387	0.1830983	0.4703024	0.4556142
3232988582.8114510	0.1133389	0.1110643	0.2998487	0.4579605	0.0714425	0.1709635	0.3416691	0.3980892	0.4095313	0.5333483	0.1435695	0.1045984	0.0830477	0.1831260	0.4702912	0.4556323
3232988582.8213391	0.1133291	0.1110441	0.2998327	0.4579667	0.0714508	0.1709574	0.3416505	0.3980875	0.4095158	0.5333361	0.1435671	0.1046154	0.0830373	0.1831059	0.4703060	0.4556142
3232988582.8312273	0.1133257	0.1110535	0.2998205	0.4579559	0.0714422	0.1709589	0.3416700	0.3980813	0.4095340	0.5333438	0.1435600	0.1045850	0.0830466	0.1831187	0.4702985	0.4556242
3232988582.8411155	0.1133205	0.1110386	0.2998389	0.4579702	0.0714346	0.1709441	0.3416634	0.3980759	0.4095438	0.5333398	0.1435581	0.1046144	0.0830487	0.1831005	0.4703092	0.4556231
3232988582.8510036	0.1133281	0.1110440	0.2998256	0.4579652	0.0714394	0.1709467	0.3416817	0.3980678	0.4095274	0.5333419	0.1435613	0.1045846	0.0830271	0.1831155	0.4702993	0.4556149
3232988582.8608899	0.1133387	0.1110435	0.2998232	0.4579602	0.0714504	0.1709595	0.3416703	0.3980770	0.4095433	0.5333271	0.1435554	0.1046020	0.0830383	0.1831069	0.4702946	0.4556333
3232988582.8707781	0.1133402	0.1110534	0.2998200	0.4579603	0.0714278	0.1709596	0.3416665	0.3980942	0.4095264	0.5333363	0.1435567	0.1045936	0.0830260	0.1831030	0.4702977	0.4556095
3232988582.8806663	0.1133306	0.1110323	0.2998280	0.4579731	0.0714349	0.1709545	0.3416679	0.3980794	0.4095473	0.5333182	0.1435571	0.1045952	0.0830379	0.1831146	0.4702787	0.4556298
3232988582.8905544	0.1133239	0.1110389	0.2998108	0.4579589	0.0714259	0.1709480	0.3416561	0.3980813	0.4095453	0.5333273	0.1435682	0.1045945	0.0830140	0.1831186	0.4702945	0.4556082
3232988582.9004426	0.1133293	0.1110323	0.2998182	0.4579565	0.0714455	0.1709509	0.3416610	0.3980738	0.4095333	0.5333338	0.1435597	0.1045988	0.0830246	0.1830996	0.4703117	0.4556181
3232988582.9103308	0.1133128	0.1110476	0.2998183	0.4579511	0.0714463	0.1709632	0.3416751	0.3980627	0.4095537	0.5333170	0.1435558	0.1045928	0.0830412	0.1831034	0.4702965	0.4556073
3232988582.9202189	0.1133261	0.1110608	0.2998376	0.4579639	0.0714455	0.1709470	0.3416680	0.3980768	0.4095283	0.5333247	0.1435619	0.1045899	0.0830352	0.1830915	0.4703098	0.4556125
3232988582.9301071	0.1133286	0.1110282	0.2998326	0.4579625	0.0714551	0.1709437	0.3416532	0.3980774	0.4095469	0.5333249	0.1435718	0.1046085	0.0830483	0.1831026	0.4703037	0.4556041
3232988582.9399953	0.1133257	0.1110492	0.2998377	0.4579617	0.0714394	0.1709482	0.3416457	0.3980708	0.4095239	0.5333172	0.1435872	0.1045964	0.0830401	0.1831095	0.4702995	0.4555948
3232988582.9498835	0.1133155	0.1110254	0.2998232	0.4579642	0.0714328	0.1709518	0.3416547	0.3980565	0.4095299	0.5333439	0.1435906	0.1045968	0.0830270	0.1831014	0.4702797	0.4556114
3232988582.9597702	0.1133243	0.1110407	0.2998363	0.4579561	0.0714567	0.1709564	0.3416553	0.3980712	0.4095250	0.5333164	0.1435771	0.1045828	0.0830416	0.1830990	0.4703180	0.4556142
3232988582.9696584	0.1133243	0.1110609	0.2998342	0.4579621	0.0714509	0.1709373	0.3416697	0.3980742	0.4095315	0.5333312	0.1435598	0.1045948	0.0830500	0.1830979	0.4703044	0.4556126
3232988582.9795465	0.1133276	0.1110441	0.2998295	0.4579509	0.0714457	0.1709521	0.3416792	0.3980651	0.4095374	0.5333398	0.1435545	0.1045943	0.0830307	0.1831073	0.4703077	0.4556229
3232988582.9894347	0.1133300	0.1110518	0.2998433	0.4579549	0.0714335	0.1709719	0.3416451	0.3980574	0.4095581	0.5333143	0.1435650	0.1045992	0.0830382	0.1830928	0.4702884	0.4556185
3232988582.9993229	0.1133170	0.1110659	0.2998272	0.4579400	0.0714355	0.1709585	0.3416495	0.3980616	0.4095284	0.5333422	0.1435577	0.1045896	0.0830515	0.1831089	0.4703047	0.4556005
3232988583.0092111	0.1133120	0.1110391	0.2998347	0.4579544	0.0714296	0.1709526	0.3416739	0.3980821	0.4095359	0.5333121	0.1435545	0.1045979	0.0830410	0.1831085	0.4702727	0.4556049
3232988583.0190992	0.1133344	0.1110465	0.2998350	0.4579476	0.0714340	0.1709489	0.3416693	0.3980691	0.4095418	0.5333389	0.1435675	0.1045860	0.0830255	0.1830907	0.4703010	0.4555941
3232988583.0289874	0.1133212	0.1110365	0.2998364	0.4579670	0.0714398	0.1709619	0.3416448	0.3980803	0.4095373	0.5333350	0.1435729	0.1046002	0.0830353	0.1831114	0.4703064	0.4556286
3232988583.0388756	0.1133279	0.1110385	0.2998394	0.4579539	0.0714365	0.1709597	0.3416677	0.3980837	0.4095348	0.5333216	0.1435787	0.1045984	0.0830261	0.1830912	0.4702850	0.4555998
3232988583.0487638	0.1133273	0.1110479	0.2998257	0.4579522	0.0714440	0.1709561	0.3416433	0.3980677	0.4095157	0.5333323	0.1435623	0.1045937	0.0830332	0.1830853	0.4702982	0.4556154
3232988583.0586500	0.1133149	0.1110477	0.2998206	0.4579513	0.0714457	0.1709500	0.3416633	0.3980702	0.4095443	0.5333137	0.1435713	0.1046071	0.0830271	0.1830941	0.4703105	0.4556080
3232988583.0685382	0.1133442	0.1110542	0.2998466	0.4579571	0.0714460	0.1709402	0.3416646	0.3980777	0.4095244	0.5333157	0.1435657	0.1046045	0.0830224	0.1831025	0.4702953	0.4556369
3232988583.0784264	0.1133169	0.1110504	0.2998281	0.4579637	0.0714536	0.1709484	0.3416850	0.3980764	0.4095323	0.5333313	0.1435595	0.1045897	0.0830281	0.1830837	0.4702931	0.4555969
3232988583.0883145	0.1133235	0.1110374	0.2998526	0.4579499	0.0714362	0.1709583	0.3416748	0.3980688	0.4095350	0.5333272	0.1435638	0.1045994	0.0830154	0.1831156	0.4702986	0.4556099
3232988583.0982027	0.1133309	0.1110368	0.2998340	0.4579562	0.0714370	0.1709471	0.3416524	0.3980773	0.4095336	0.5333300	0.1435736	0.1045940	0.0830534	0.1830908	0.4702945	0.4556275
3232988583.1080909	0.1133130	0.1110382	0.2998399	0.4579457	0.0714430	0.1709598	0.3416525	0.3980667	0.4095449	0.5333024	0.1435706	0.1045924	0.0830371	0.1830854	0.4702884	0.4556029
3232988583.1179790	0.1133287	0.1110523	0.2998302	0.4579589	0.0714350	0.1709419	0.3416696	0.3980788	0.4095408	0.5333250	0.1435603	0.1046015	0.0830465	0.1830915	0.4702983	0.4556033
3232988583.1278672	0.1133380	0.1110473	0.2998463	0.4579389	0.0714460	0.1709726	0.3416713	0.3980803	0.4095173	0.5333188	0.1435678	0.1046061	0.0830451	0.1830857	0.4702931	0.4556175
3232988583.1377554	0.1133158	0.1110499	0.2998401	0.4579644	0.0714532	0.1709536	0.3416506	0.3980651	0.4095456	0.5333378	0.1435822	0.1045944	0.0830411	0.1830907	0.4702973	0.4556351
3232988583.1476436	0.1133126	0.1110400	0.2998304	0.4579481	0.0714331	0.1709558	0.3416609	0.3980453	0.4095427	0.5333255	0.1435776	0.1045901	0.0830257	0.1830968	0.4702837	0.4556040
3232988583.1575303	0.1133332	0.1110409	0.2998448	0.4579634	0.0714300	0.1709460	0.3416428	0.3980455	0.4095357	0.5333184	0.1435571	0.1045759	0.0830534	0.1831049	0.4702971	0.4555956
3232988583.1674185	0.1133254	0.1110425	0.2998453	0.4579512	0.0714502	0.1709477	0.3416730	0.3980598	0.4095362	0.5333387	0.1435504	0.1046052	0.0830521	0.1830855	0.4702925	0.4555980
3232988583.1773066	0.1133320	0.1110648	0.2998469	0.4579579	0.0714373	0.1709426	0.3416642	0.3980674	0.4095485	0.5333391	0.1435591	0.1045988	0.0830478	0.1831070	0.4702920	0.4555909
3232988583.1871948	0.1133290	0.1110438	0.2998478	0.4579626	0.0714430	0.1709533	0.3416820	0.3980634	0.4095471	0.5333371	0.1435700	0.1046027	0.0830474	0.1830951	0.4702855	0.4556198
3232988583.1970830	0.1133301	0.1110399	0.2998401	0.4579425	0.0714456	0.1709381	0.3416918	0.3980662	0.4095330	0.5333231	0.1435653	0.1045866	0.0830384	0.1830993	0.4702810	0.4555910
3232988583.2069712	0.1133347	0.1110644	0.2998428	0.4579352	0.0714495	0.1709291	0.3416645	0.3980702	0.4095449	0.5333367	0.1435639	0.1045862	0.0830266	0.1830997	0.4702891	0.4556154
3232988583.2168593	0.1133272	0.1110502	0.2998160	0.4579547	0.0714503	0.1709475	0.3416672	0.3980649	0.4095402	0.5333446	0.1435702	0.1045919	0.0830430	0.1830931	0.4702921	0.4556057
3232988583.2267475	0.1133168	0.1110521	0.2998314	0.4579513	0.0714375	0.1709662	0.3416500	0.3980530	0.4095511	0.5333069	0.1435739	0.1045853	0.0830340	0.1830912	0.4703027	0.4556118
3232988583.2366357	0.1133307	0.1110568	0.2998389	0.4579543	0.0714319	0.1709392	0.3416594	0.3980741	0.4095362	0.5333157	0.1435792	0.1045852	0.0830443	0.1831065	0.4703101	0.4556191
3232988583.2465239	0.1133310	0.1110422	0.2998282	0.4579459	0.0714465	0.1709507	0.3416646	0.3980481	0.4095257	0.5333287	0.1435485	0.1046075	0.0830381	0.1831020	0.4703038	0.4556148
3232988583.2564101	0.1133304	0.1110443	0.2998440	0.4579452	0.0714416	0.1709360	0.3416661	0.3980644	0.4095211	0.5333170	0.1435807	0.1045951	0.0830440	0.1830875	0.4703001	0.4556237
3232988583.2662983	0.1133110	0.1110341	0.2998309	0.4579456	0.0714314	0.1709420	0.3416811	0.3980758	0.4095322	0.5333422	0.1435656	0.1046013	0.0830324	0.1831123	0.4702999	0.4556018
3232988583.2761865	0.1133354	0.1110596	0.2998539	0.4579538	0.0714337	0.1709439	0.3416683	0.3980752	0.4095364	0.5333037	0.1435535	0.1046121	0.0830309	0.1830887	0.4702928	0.4556243
3232988583.2860746	0.1133202	0.1110470	0.2998404	0.4579547	0.0714569	0.1709433	0.3416492	0.3980724	0.4095306	0.5333263	0.1435534	0.1046207	0.0830444	0.1831030	0.4702880	0.4556210
3232988583.2959628	0.1133334	0.1110551	0.2998327	0.4579482	0.0714567	0.1709272	0.3416571	0.3980703	0.4095325	0.5333031	0.1435695	0.1046048	0.0830404	0.1831120	0.4702935	0.4555951
3232988583.3058510	0.1133138	0.1110425	0.2998179	0.4579596	0.0714359	0.1709389	0.3416589	0.3980661	0.4095217	0.5333156	0.1435590	0.1045886	0.0830362	0.1831038	0.4702844	0.4556188
3232988583.3157392	0.1133416	0.1110513	0.2998377	0.4579511	0.0714430	0.1709558	0.3416567	0.3980646	0.4095473	0.5333028	0.1435792	0.1045946	0.0830385	0.1831089	0.4702913	0.4556064
3232988583.3256273	0.1133180	0.1110502	0.2998290	0.4579491	0.0714221	0.1709349	0.3416670	0.3980616	0.4095319	0.5333258	0.1435642	0.1045928	0.0830373	0.1830903	0.4703123	0.4556184
3232988583.3355155	0.1133236	0.1110297	0.2998222	0.4579507	0.0714537	0.1709418	0.3416725	0.3980587	0.4095441	0.5333244	0.1435684	0.1045972	0.0830403	0.1830946	0.4703162	0.4556000
3232988583.3454037	0.1133407	0.1110383	0.2998345	0.4579465	0.0714525	0.1709436	0.3416683	0.3980667	0.4095462	0.5333278	0.1435564	0.1046021	0.0830399	0.1830897	0.4702786	0.4556159
3232988583.3552899	0.1133222	0.1110375	0.2998411	0.4579562	0.0714582	0.1709376	0.3416560	0.3980540	0.4095450	0.5333230	0.1435542	0.1045905	0.0830414	0.1831092	0.4702973	0.4556020
3232988583.3651781	0.1133315	0.1110404	0.2998394	0.4579495	0.0714329	0.1709514	0.3416770	0.3980495	0.4095430	0.5333250	0.1435617	0.1045846	0.0830354	0.1830973	0.4702740	0.4556144
3232988583.3750663	0.1133301	0.1110529	0.2998310	0.4579472	0.0714415	0.1709391	0.3416377	0.3980592	0.4095309	0.5333314	0.1435819	0.1046039	0.0830274	0.1830883	0.4702993	0.4556200
3232988583.3849545	0.1133397	0.1110296	0.2998332	0.4579573	0.0714545	0.1709478	0.3416610	0.3980623	0.4095254	0.5333320	0.1435646	0.1045863	0.0830331	0.1830986	0.4703021	0.4555970
3232988583.3948426	0.1133381	0.1110448	0.2998293	0.4579560	0.0714474	0.1709710	0.3416623	0.3980564	0.4095349	0.5333123	0.1435741	0.1045866	0.0830372	0.1831066	0.4702866	0.4555930
3232988583.4047308	0.1133298	0.1110442	0.2998318	0.4579592	0.0714368	0.1709575	0.3416495	0.3980554	0.4095296	0.5333238	0.1435554	0.1045946	0.0830317	0.1830874	0.4702975	0.4556203
3232988583.4146190	0.1133207	0.1110346	0.2998288	0.4579347	0.0714352	0.1709333	0.3416687	0.3980754	0.4095408	0.5333162	0.1435704	0.1045915	0.0830334	0.1830942	0.4703155	0.4556170
3232988583.4245071	0.1133160	0.1110510	0.2998285	0.4579457	0.0714447	0.1709546	0.3416701	0.3980603	0.4095243	0.5333146	0.1435787	0.1045936	0.0830298	0.1831159	0.4702812	0.4556019
3232988583.4343953	0.1133346	0.1110322	0.2998294	0.4579479	0.0714534	0.1709431	0.3416559	0.3980689	0.4095225	0.5333202	0.1435684	0.1046064	0.0830316	0.1830787	0.4702840	0.4556232
3232988583.4442835	0.1133412	0.1110407	0.2998329	0.4579567	0.0714557	0.1709633	0.3416806	0.3980663	0.4095413	0.5333134	0.1435643	0.1046077	0.0830359	0.1830950	0.4703195	0.4556052
3232988583.4541702	0.1133276	0.1110528	0.2998292	0.4579428	0.0714432	0.1709362	0.3416795	0.3980738	0.4095402	0.5333230	0.1435595	0.1045910	0.0830308	0.1831081	0.4702998	0.4556118
3232988583.4640584	0.1133293	0.1110519	0.2998342	0.4579526	0.0714286	0.1709585	0.3416598	0.3980590	0.4095418	0.5332936	0.1435561	0.1045879	0.0830292	0.1830888	0.4703032	0.4555990
3232988583.4739466	0.1133199	0.1110519	0.2998215	0.4579432	0.0714446	0.1709450	0.3416654	0.3980595	0.4095372	0.5333198	0.1435884	0.1045930	0.0830371	0.1830937	0.4702648	0.4556088
3232988583.4838347	0.1133213	0.1110297	0.2998405	0.4579497	0.0714428	0.1709448	0.3416650	0.3980603	0.4095456	0.5333068	0.1435566	0.1046036	0.0830437	0.1830970	0.4702995	0.4555903
3232988583.4937229	0.1133259	0.1110438	0.2998138	0.4579483	0.0714353	0.1709409	0.3416745	0.3980662	0.4095492	0.5333197	0.1435782	0.1045887	0.0830205	0.1830940	0.4702901	0.4555907
3232988583.5036111	0.1133210	0.1110242	0.2998474	0.4579530	0.0714166	0.1709555	0.3416561	0.3980620	0.4095237	0.5333114	0.1435552	0.1046120	0.0830449	0.1830931	0.4703068	0.4555888
3232988583.5134993	0.1133460	0.1110554	0.2998457	0.4579447	0.0714522	0.1709358	0.3416597	0.3980687	0.4095471	0.5333171	0.1435738	0.1045952	0.0830418	0.1830962	0.4703068	0.4555943
3232988583.5233874	0.1133268	0.1110268	0.2998449	0.4579640	0.0714286	0.1709573	0.3416495	0.3980571	0.4095459	0.5333289	0.1435680	0.1046024	0.0830404	0.1830879	0.4702969	0.4555890
3232988583.5332756	0.1133214	0.1110324	0.2998229	0.4579127	0.0714249	0.1709450	0.3416547	0.3980583	0.4095317	0.5333113	0.1435668	0.1046049	0.0830516	0.1830898	0.4703078	0.4555972
3232988583.5431638	0.1133178	0.1110329	0.2998055	0.4579288	0.0714452	0.1709479	0.3416680	0.3980473	0.4095422	0.5333239	0.1435673	0.1045843	0.0830384	0.1831039	0.4703053	0.4556017
3232988583.5530500	0.1133224	0.1110469	0.2998422	0.4579203	0.0714392	0.1709565	0.3416781	0.3980631	0.4095270	0.5333116	0.1435851	0.1045835	0.0830459	0.1830968	0.4702972	0.4555950
3232988583.5629382	0.1133294	0.1110269	0.2998362	0.4579487	0.0714494	0.1709490	0.3416791	0.3980563	0.4095418	0.5332898	0.1435555	0.1045852	0.0830207	0.1830744	0.4702966	0.4555885
3232988583.5728264	0.1133254	0.1110515	0.2998305	0.4579346	0.0714389	0.1709496	0.3416770	0.3980490	0.4095347	0.5333062	0.1435773	0.1046033	0.0830363	0.1831017	0.4702925	0.4556031
3232988583.5827146	0.1133279	0.1110498	0.2998219	0.4579463	0.0714534	0.1709380	0.3416533	0.3980537	0.4095422	0.5333238	0.1435725	0.1045766	0.0830270	0.1831012	0.4703035	0.4555954
3232988583.5926027	0.1133252	0.1110349	0.2998290	0.4579322	0.0714255	0.1709482	0.3416765	0.3980692	0.4095503	0.5333030	0.1435512	0.1046096	0.0830381	0.1831052	0.4702874	0.4555825
3232988583.6024909	0.1133185	0.1110639	0.2998328	0.4579313	0.0714466	0.1709411	0.3416671	0.3980627	0.4095416	0.5332967	0.1435792	0.1045998	0.0830260	0.1831038	0.4703007	0.4555944
3232988583.6123791	0.1133305	0.1110396	0.2998404	0.4579457	0.0714558	0.1709433	0.3416685	0.3980547	0.4095386	0.5333140	0.1435631	0.1045786	0.0830350	0.1830878	0.4702894	0.4555702
3232988583.6222672	0.1133276	0.1110495	0.2998418	0.4579388	0.0714322	0.1709438	0.3416535	0.3980437	0.4095298	0.5332896	0.1435806	0.1045778	0.0830296	0.1830779	0.4702828	0.4555928
3232988583.6321554	0.1133208	0.1110441	0.2998311	0.4579232	0.0714452	0.1709498	0.3416492	0.3980434	0.4095335	0.5333109	0.1435839	0.1045844	0.0830416	0.1831078	0.4703011	0.4556019
3232988583.6420436	0.1133273	0.1110478	0.2998212	0.4579228	0.0714445	0.1709439	0.3416491	0.3980348	0.4095282	0.5333146	0.1435624	0.1045922	0.0830449	0.1830921	0.4702964	0.4556026
3232988583.6519303	0.1133404	0.1110462	0.2998521	0.4579347	0.0714339	0.1709323	0.3416574	0.3980516	0.4095357	0.5333110	0.1435514	0.1045848	0.0830417	0.1830869	0.4702844	0.4556002
3232988583.6618185	0.1133138	0.1110532	0.2998304	0.4579441	0.0714360	0.1709539	0.3416687	0.3980547	0.4095355	0.5333144	0.1435607	0.1045733	0.0830632	0.1830848	0.4702879	0.4555944
3232988583.6717067	0.1133237	0.1110412	0.2998366	0.4579349	0.0714423	0.1709440	0.3416730	0.3980450	0.4095306	0.5333107	0.1435649	0.1045907	0.0830424	0.1830933	0.4702849	0.4555861
3232988583.6815948	0.1133362	0.1110311	0.2998324	0.4579410	0.0714325	0.1709321	0.3416609	0.3980346	0.4095445	0.5333149	0.1435508	0.1045859	0.0830224	0.1831096	0.4702922	0.4555751
3232988583.6914830	0.1133103	0.1110502	0.2998101	0.4579353	0.0714443	0.1709413	0.3416642	0.3980456	0.4095288	0.5332833	0.1435699	0.1045775	0.0830410	0.1830882	0.4702871	0.4556062
3232988583.7013712	0.1133299	0.1110384	0.2998352	0.4579308	0.0714329	0.1709584	0.3416652	0.3980443	0.4095519	0.5333025	0.1435824	0.1046019	0.0830262	0.1831184	0.4703069	0.4555913
3232988583.7112594	0.1133542	0.1110388	0.2998247	0.4579248	0.0714650	0.1709580	0.3416651	0.3980442	0.4095287	0.5333103	0.1435628	0.1045983	0.0830337	0.1830975	0.4702871	0.4555946
3232988583.7211475	0.1133261	0.1110485	0.2998438	0.4579258	0.0714427	0.1709274	0.3416730	0.3980507	0.4095277	0.5333124	0.1435703	0.1045967	0.0830405	0.1830944	0.4702982	0.4555848
3232988583.7310357	0.1133263	0.1110410	0.2998379	0.4579145	0.0714355	0.1709274	0.3416701	0.3980410	0.4095417	0.5333032	0.1435667	0.1046044	0.0830357	0.1830911	0.4703177	0.4555634
3232988583.7409239	0.1133053	0.1110432	0.2998253	0.4579240	0.0714322	0.1709399	0.3416729	0.3980570	0.4095596	0.5332914	0.1435764	0.1045875	0.0830352	0.1830774	0.4703084	0.4555900
3232988583.7508101	0.1133284	0.1110474	0.2998255	0.4579301	0.0714444	0.1709416	0.3416714	0.3980307	0.4095334	0.5332921	0.1435844	0.1045705	0.0830172	0.1830842	0.4703011	0.4555881
3232988583.7606983	0.1133317	0.1110380	0.2998577	0.4579378	0.0714250	0.1709189	0.3416640	0.3980227	0.4095262	0.5332928	0.1435696	0.1045948	0.0830268	0.1830967	0.4703041	0.4555886
3232988583.7705865	0.1133182	0.1110267	0.2998419	0.4579395	0.0714393	0.1709356	0.3416720	0.3980489	0.4095398	0.5332804	0.1435709	0.1045959	0.0830370	0.1830982	0.4702994	0.4555885
3232988583.7804747	0.1133428	0.1110494	0.2998348	0.4579516	0.0714426	0.1709278	0.3416758	0.3980395	0.4095471	0.5332873	0.1435633	0.1045668	0.0830374	0.1830741	0.4702946	0.4555856
3232988583.7903628	0.1133147	0.1110334	0.2998294	0.4579225	0.0714341	0.1709396	0.3416719	0.3980417	0.4095441	0.5332853	0.1435711	0.1045852	0.0830320	0.1830951	0.4702981	0.4555728
3232988583.8002510	0.1133302	0.1110426	0.2998278	0.4579213	0.0714413	0.1709340	0.3416675	0.3980299	0.4095317	0.5332932	0.1435712	0.1045926	0.0830442	0.1830743	0.4702856	0.4555794
3232988583.8101392	0.1133112	0.1110208	0.2998202	0.4579013	0.0714450	0.1709396	0.3416566	0.3980272	0.4095342	0.5332878	0.1435530	0.1045810	0.0830268	0.1830807	0.4703006	0.4555785
3232988583.8200273	0.1133333	0.1110582	0.2998414	0.4579279	0.0714632	0.1709302	0.3416474	0.3980411	0.4095438	0.5332690	0.1435625	0.1045903	0.0830648	0.1830875	0.4703004	0.4555652
3232988583.8299155	0.1133218	0.1110151	0.2998297	0.4579324	0.0714370	0.1709404	0.3416720	0.3980503	0.4095251	0.5333052	0.1435714	0.1045830	0.0830457	0.1830885	0.4702786	0.4555939
3232988583.8398037	0.1133179	0.1110460	0.2998299	0.4579246	0.0714598	0.1709319	0.3416459	0.3980464	0.4095536	0.5332922	0.1435665	0.1045809	0.0830403	0.1830797	0.4703067	0.4555739
3232988583.8496900	0.1133359	0.1110351	0.2998315	0.4579105	0.0714279	0.1709280	0.3416542	0.3980263	0.4095442	0.5332656	0.1435587	0.1045848	0.0830409	0.1830797	0.4702882	0.4555609
3232988583.8595781	0.1133321	0.1110461	0.2998402	0.4579196	0.0714528	0.1709389	0.3416717	0.3980382	0.4095363	0.5332726	0.1435713	0.1046097	0.0830351	0.1830870	0.4702973	0.4555579
3232988583.8694663	0.1133254	0.1110531	0.2998341	0.4579204	0.0714378	0.1709539	0.3416385	0.3980229	0.4095420	0.5332967	0.1435576	0.1045993	0.0830372	0.1830705	0.4702857	0.4555760
3232988583.8793545	0.1133231	0.1110370	0.2998357	0.4579124	0.0714473	0.1709514	0.3416674	0.3980460	0.4095300	0.5332805	0.1435793	0.1045946	0.0830385	0.1830898	0.4702942	0.4555658
3232988583.8892426	0.1133090	0.1110383	0.2998221	0.4579089	0.0714269	0.1709322	0.3416582	0.3980374	0.4095240	0.5332798	0.1435713	0.1045860	0.0830349	0.1830769	0.4702887	0.4555665
3232988583.8991308	0.1133275	0.1110324	0.2998297	0.4579236	0.0714289	0.1709249	0.3416483	0.3980300	0.4095434	0.5332881	0.1435575	0.1045892	0.0830335	0.1830864	0.4702816	0.4555622
3232988583.9090190	0.1133224	0.1110341	0.2998294	0.4579180	0.0714155	0.1709326	0.3416816	0.3980280	0.4095370	0.5332801	0.1435618	0.1045677	0.0830341	0.1830726	0.4702925	0.4555727
3232988583.9189072	0.1133300	0.1110212	0.2998436	0.4579166	0.0714310	0.1709293	0.3416556	0.3980324	0.4095308	0.5332769	0.1435714	0.1046011	0.0830495	0.1830754	0.4702921	0.4555484
3232988583.9287953	0.1133423	0.1110504	0.2998333	0.4579286	0.0714398	0.1709365	0.3416624	0.3980472	0.4095422	0.5332733	0.1435730	0.1045687	0.0830360	0.1830873	0.4703058	0.4555591
3232988583.9386835	0.1133317	0.1110422	0.2998254	0.4579148	0.0714411	0.1709391	0.3416749	0.3980232	0.4095158	0.5332834	0.1435657	0.1045720	0.0830315	0.1830738	0.4702795	0.4555497
3232988583.9485702	0.1133321	0.1110382	0.2998281	0.4579159	0.0714156	0.1709262	0.3416543	0.3980514	0.4095200	0.5332675	0.1435601	0.1045778	0.0830439	0.1830909	0.4702781	0.4555597
3232988583.9584584	0.1133101	0.1110173	0.2998337	0.4578971	0.0714356	0.1709426	0.3416566	0.3980322	0.4095262	0.5332564	0.1435773	0.1045879	0.0830523	0.1830514	0.4702687	0.4555545
3232988583.9683466	0.1133233	0.1110550	0.2998227	0.4579157	0.0714448	0.1709261	0.3416459	0.3980426	0.4095348	0.5332762	0.1435588	0.1045773	0.0830377	0.1830586	0.4702958	0.4555633
3232988583.9782348	0.1133517	0.1110345	0.2998518	0.4579233	0.0714554	0.1709300	0.3416735	0.3980300	0.4095242	0.5332644	0.1435708	0.1045766	0.0830377	0.1830666	0.4703128	0.4555732
3232988583.9881229	0.1133165	0.1110501	0.2998225	0.4579061	0.0714320	0.1709303	0.3416718	0.3980116	0.4095215	0.5332615	0.1435762	0.1045861	0.0830382	0.1830722	0.4702819	0.4555601
3232988583.9980111	0.1133328	0.1110296	0.2998377	0.4579232	0.0714383	0.1709324	0.3416843	0.3980282	0.4095240	0.5332556	0.1435641	0.1045688	0.0830391	0.1830681	0.4702866	0.4555806
3232988584.0078993	0.1133336	0.1110332	0.2998212	0.4579157	0.0714246	0.1709242	0.3416586	0.3980511	0.4095204	0.5332702	0.1435565	0.1045961	0.0830344	0.1830907	0.4702722	0.4555649
3232988584.0177875	0.1133332	0.1110465	0.2998403	0.4579096	0.0714623	0.1709413	0.3416558	0.3980311	0.4095089	0.5332487	0.1435557	0.1045916	0.0830298	0.1830817	0.4702818	0.4555387
3232988584.0276756	0.1133196	0.1110328	0.2998167	0.4579213	0.0714522	0.1709288	0.3416692	0.3980255	0.4095329	0.5332766	0.1435678	0.1045704	0.0830388	0.1830772	0.4702829	0.4555548
3232988584.0375638	0.1133210	0.1110409	0.2998311	0.4579061	0.0714369	0.1709434	0.3416791	0.3980349	0.4095245	0.5332576	0.1435618	0.1045812	0.0830527	0.1830583	0.4702929	0.4555588
3232988584.0474501	0.1133300	0.1110186	0.2998279	0.4578989	0.0714310	0.1709293	0.3416534	0.3980295	0.4095173	0.5332625	0.1435571	0.1045888	0.0830304	0.1830860	0.4702852	0.4555490
3232988584.0573382	0.1133149	0.1110413	0.2998306	0.4579075	0.0714515	0.1709245	0.3416547	0.3980210	0.4095294	0.5332601	0.1435734	0.1045885	0.0830472	0.1830856	0.4702765	0.4555375
3232988584.0672264	0.1133439	0.1110368	0.2998103	0.4579105	0.0714372	0.1709304	0.3416429	0.3980148	0.4095180	0.5332628	0.1435454	0.1045688	0.0830316	0.1830932	0.4702918	0.4555715
3232988584.0771146	0.1133038	0.1110467	0.2998320	0.4579068	0.0714412	0.1709427	0.3416642	0.3980457	0.4095295	0.5332465	0.1435640	0.1045700	0.0830294	0.1830587	0.4702676	0.4555593
3232988584.0870028	0.1133436	0.1110165	0.2998256	0.4579073	0.0714381	0.1709312	0.3416429	0.3980311	0.4095218	0.5332528	0.1435551	0.1045882	0.0830408	0.1830634	0.4702779	0.4555555
3232988584.0968909	0.1133284	0.1110502	0.2998270	0.4579171	0.0714552	0.1709469	0.3416478	0.3980181	0.4095355	0.5332778	0.1435573	0.1045792	0.0830356	0.1830764	0.4702814	0.4555602
3232988584.1067791	0.1133470	0.1110156	0.2998319	0.4579028	0.0714344	0.1709301	0.3416493	0.3980153	0.4095365	0.5332405	0.1435527	0.1045778	0.0830428	0.1830597	0.4702929	0.4555626
3232988584.1166673	0.1133158	0.1110367	0.2998398	0.4579065	0.0714457	0.1709267	0.3416591	0.3980273	0.4095409	0.5332647	0.1435513	0.1045763	0.0830258	0.1830896	0.4702727	0.4555751
3232988584.1265554	0.1133234	0.1110416	0.2998385	0.4579124	0.0714490	0.1709199	0.3416564	0.3980076	0.4095329	0.5332453	0.1435637	0.1045570	0.0830386	0.1830811	0.4702890	0.4555460
3232988584.1364436	0.1133297	0.1110398	0.2998280	0.4579039	0.0714448	0.1709332	0.3416724	0.3980350	0.4095295	0.5332631	0.1435763	0.1045829	0.0830214	0.1830775	0.4702741	0.4555502
3232988584.1463299	0.1133276	0.1110303	0.2998195	0.4579037	0.0714516	0.1709327	0.3416605	0.3980402	0.4095468	0.5332764	0.1435646	0.1045768	0.0830325	0.1830794	0.4702906	0.4555528
3232988584.1562180	0.1133275	0.1110430	0.2998354	0.4579042	0.0714292	0.1709343	0.3416613	0.3980248	0.4095135	0.5332513	0.1435589	0.1045950	0.0830411	0.1830655	0.4702805	0.4555578
3232988584.1661062	0.1133278	0.1110359	0.2998317	0.4578831	0.0714373	0.1709349	0.3416558	0.3980275	0.4095197	0.5332428	0.1435588	0.1045554	0.0830552	0.1830836	0.4702786	0.4555381
3232988584.1759944	0.1133374	0.1110186	0.2998350	0.4578994	0.0714539	0.1709555	0.3416414	0.3980223	0.4095243	0.5332482	0.1435472	0.1045814	0.0830163	0.1830828	0.4702783	0.4555538
3232988584.1858826	0.1133218	0.1110438	0.2998157	0.4578960	0.0714589	0.1709310	0.3416380	0.3980263	0.4095127	0.5332397	0.1435594	0.1045760	0.0830282	0.1830858	0.4703017	0.4555433
3232988584.1957707	0.1133234	0.1110219	0.2998462	0.4578940	0.0714533	0.1709405	0.3416491	0.3980261	0.4095250	0.5332509	0.1435712	0.1045726	0.0830404	0.1830695	0.4702924	0.4555454
3232988584.2056589	0.1133373	0.1110321	0.2998441	0.4579115	0.0714458	0.1709238	0.3416495	0.3980130	0.4095378	0.5332327	0.1435551	0.1045803	0.0830352	0.1830797	0.4702876	0.4555313
3232988584.2155471	0.1133078	0.1110298	0.2998350	0.4579034	0.0714697	0.1709282	0.3416557	0.3980331	0.4095264	0.5332545	0.1435480	0.1045770	0.0830384	0.1830643	0.4702831	0.4555694
3232988584.2254353	0.1133161	0.1110354	0.2998279	0.4579084	0.0714360	0.1709434	0.3416569	0.3980100	0.4095321	0.5332442	0.1435527	0.1045805	0.0830155	0.1830761	0.4703007	0.4555293
3232988584.2353234	0.1133138	0.1110180	0.2998412	0.4578991	0.0714500	0.1709299	0.3416686	0.3980004	0.4095323	0.5332606	0.1435551	0.1045977	0.0830411	0.1830647	0.4702683	0.4555533
