3232988637.6404099	0.0954734	0.1019089	0.2117684	0.3144272	0.0697054	0.1400011	0.2374918	0.2763332	0.0981309	0.1823035	0.4415534	0.5090139	0.0794250	0.1949553	0.4605381	0.4973714
3232988637.6502981	0.0954757	0.1018980	0.2117848	0.3144565	0.0697072	0.1399860	0.2374845	0.2763350	0.0981142	0.1822799	0.4415595	0.5090056	0.0794203	0.1949440	0.4605467	0.4973636
3232988637.6601863	0.0954728	0.1019082	0.2117556	0.3144198	0.0697014	0.1399871	0.2374884	0.2763236	0.0981070	0.1822961	0.4415537	0.5090149	0.0794309	0.1949222	0.4605430	0.4973695
3232988637.6700745	0.0954924	0.1019137	0.2117635	0.3144363	0.0697117	0.1400136	0.2374998	0.2763408	0.0981216	0.1823094	0.4415538	0.5090300	0.0794430	0.1949254	0.4605562	0.4973485
3232988637.6799626	0.0954649	0.1018982	0.2117716	0.3144291	0.0696923	0.1399950	0.2374847	0.2763355	0.0981322	0.1822890	0.4415513	0.5090221	0.0794197	0.1949267	0.4605453	0.4973649
3232988637.6898508	0.0954684	0.1019030	0.2117704	0.3144528	0.0697037	0.1399913	0.2374983	0.2763442	0.0981270	0.1823059	0.4415426	0.5090332	0.0794272	0.1949251	0.4605341	0.4973501
3232988637.6997390	0.0954785	0.1018916	0.2117726	0.3144183	0.0696930	0.1400021	0.2374932	0.2763211	0.0981174	0.1822893	0.4415577	0.5090281	0.0794297	0.1949413	0.4605294	0.4973770
3232988637.7096271	0.0954918	0.1019161	0.2117767	0.3144268	0.0696890	0.1399949	0.2374812	0.2763391	0.0981252	0.1823097	0.4415544	0.5090188	0.0794268	0.1949410	0.4605570	0.4973427
3232988637.7195153	0.0954804	0.1018905	0.2117905	0.3144237	0.0696858	0.1400069	0.2374758	0.2763293	0.0981385	0.1823057	0.4415626	0.5090393	0.0794251	0.1949453	0.4605563	0.4973677
3232988637.7294035	0.0954529	0.1019081	0.2117537	0.3144326	0.0697013	0.1399807	0.2374922	0.2763572	0.0981230	0.1822893	0.4415770	0.5090041	0.0794377	0.1949332	0.4605422	0.4973487
3232988637.7392902	0.0954769	0.1019029	0.2117756	0.3144321	0.0696905	0.1399892	0.2374619	0.2763192	0.0981059	0.1822811	0.4415581	0.5090277	0.0794483	0.1949262	0.4605546	0.4973749
3232988637.7491784	0.0954815	0.1019003	0.2117718	0.3144318	0.0697053	0.1399917	0.2374841	0.2763354	0.0981226	0.1822987	0.4415510	0.5090145	0.0794297	0.1949327	0.4605447	0.4973565
3232988637.7590666	0.0954726	0.1019033	0.2117927	0.3144404	0.0697146	0.1399871	0.2374976	0.2763393	0.0981341	0.1822900	0.4415556	0.5090210	0.0794369	0.1949247	0.4605511	0.4973651
3232988637.7689548	0.0955020	0.1019133	0.2117803	0.3144223	0.0697047	0.1399973	0.2374928	0.2763365	0.0981366	0.1822843	0.4415599	0.5090396	0.0794227	0.1949427	0.4605418	0.4973572
3232988637.7788429	0.0954747	0.1018779	0.2117889	0.3144183	0.0697055	0.1400133	0.2374757	0.2763306	0.0981313	0.1822927	0.4415551	0.5090080	0.0794300	0.1949354	0.4605326	0.4973600
3232988637.7887311	0.0954665	0.1018944	0.2117522	0.3144285	0.0696921	0.1400004	0.2374563	0.2763450	0.0981323	0.1822913	0.4415649	0.5090304	0.0794187	0.1949408	0.4605635	0.4973479
3232988637.7986193	0.0954658	0.1019086	0.2117580	0.3144291	0.0696931	0.1399883	0.2375028	0.2763159	0.0981374	0.1822906	0.4415586	0.5090181	0.0794371	0.1949249	0.4605442	0.4973512
3232988637.8085074	0.0954730	0.1019026	0.2117843	0.3144237	0.0697038	0.1400049	0.2374830	0.2763211	0.0981396	0.1823063	0.4415845	0.5090191	0.0794334	0.1949460	0.4605644	0.4973615
3232988637.8183956	0.0954774	0.1019009	0.2117787	0.3144273	0.0696955	0.1399908	0.2374905	0.2763485	0.0981271	0.1822974	0.4415729	0.5090261	0.0794267	0.1949454	0.4605330	0.4973613
3232988637.8282838	0.0954673	0.1019122	0.2117739	0.3144412	0.0696919	0.1399957	0.2374828	0.2763261	0.0981343	0.1822807	0.4415618	0.5090112	0.0794462	0.1949409	0.4605600	0.4973626
3232988637.8381700	0.0954667	0.1019004	0.2117630	0.3144328	0.0696791	0.1399947	0.2374808	0.2763190	0.0981150	0.1822938	0.4415595	0.5090096	0.0794329	0.1949317	0.4605593	0.4973620
3232988637.8480582	0.0954868	0.1019047	0.2117703	0.3144240	0.0697041	0.1400004	0.2374665	0.2763359	0.0981302	0.1822745	0.4415593	0.5090280	0.0794418	0.1949317	0.4605358	0.4973512
3232988637.8579464	0.0954736	0.1018908	0.2117673	0.3144337	0.0697019	0.1399965	0.2374901	0.2763372	0.0981089	0.1822928	0.4415503	0.5090055	0.0794299	0.1949431	0.4605314	0.4973544
3232988637.8678346	0.0954642	0.1019045	0.2117621	0.3144311	0.0696732	0.1399884	0.2374504	0.2763289	0.0981348	0.1822919	0.4415500	0.5090206	0.0794206	0.1949479	0.4605471	0.4973507
3232988637.8777227	0.0954900	0.1018960	0.2117660	0.3144424	0.0696950	0.1399993	0.2374994	0.2763332	0.0981403	0.1822811	0.4415645	0.5090142	0.0794189	0.1949294	0.4605708	0.4973560
3232988637.8876109	0.0954825	0.1018921	0.2117554	0.3144272	0.0697032	0.1399873	0.2374903	0.2763438	0.0981222	0.1822757	0.4415752	0.5090211	0.0794300	0.1949322	0.4605519	0.4973521
3232988637.8974991	0.0954782	0.1018937	0.2117762	0.3144062	0.0696948	0.1399918	0.2374809	0.2763434	0.0981304	0.1822945	0.4415539	0.5090264	0.0794355	0.1949140	0.4605409	0.4973360
3232988637.9073873	0.0954878	0.1018964	0.2117638	0.3144382	0.0697042	0.1399872	0.2374852	0.2763382	0.0981126	0.1822973	0.4415700	0.5090222	0.0794259	0.1949354	0.4605493	0.4973567
3232988637.9172754	0.0954828	0.1019179	0.2117745	0.3144055	0.0696907	0.1400132	0.2374835	0.2763197	0.0981283	0.1823057	0.4415646	0.5090250	0.0794123	0.1949427	0.4605582	0.4973516
3232988637.9271636	0.0954766	0.1018978	0.2117693	0.3144263	0.0696991	0.1399908	0.2374957	0.2763293	0.0981194	0.1823124	0.4415576	0.5090271	0.0794223	0.1949181	0.4605544	0.4973353
3232988637.9370499	0.0954722	0.1019025	0.2117810	0.3144160	0.0696958	0.1399917	0.2374926	0.2763392	0.0981059	0.1822837	0.4415636	0.5090043	0.0794307	0.1949361	0.4605457	0.4973527
3232988637.9469380	0.0954711	0.1019123	0.2117599	0.3144241	0.0696995	0.1400041	0.2374822	0.2763357	0.0981108	0.1822751	0.4415501	0.5090153	0.0794078	0.1949322	0.4605383	0.4973424
3232988637.9568262	0.0954896	0.1019009	0.2117721	0.3144165	0.0696895	0.1399916	0.2374844	0.2763219	0.0981334	0.1822938	0.4415544	0.5090166	0.0794375	0.1949321	0.4605420	0.4973668
3232988637.9667144	0.0954838	0.1019029	0.2117650	0.3144460	0.0697064	0.1400054	0.2374656	0.2763391	0.0981309	0.1822973	0.4415676	0.5089966	0.0794304	0.1949292	0.4605422	0.4973534
3232988637.9766026	0.0954920	0.1018996	0.2117748	0.3144327	0.0697143	0.1400084	0.2374959	0.2763259	0.0981193	0.1822898	0.4415649	0.5090178	0.0794079	0.1949250	0.4605565	0.4973487
3232988637.9864907	0.0954681	0.1019000	0.2117630	0.3144388	0.0697240	0.1399950	0.2374937	0.2763451	0.0981193	0.1822824	0.4415739	0.5090101	0.0794382	0.1949269	0.4605601	0.4973586
3232988637.9963789	0.0954703	0.1019024	0.2117706	0.3143960	0.0697249	0.1399891	0.2374849	0.2763260	0.0981261	0.1822865	0.4415691	0.5090097	0.0794368	0.1949243	0.4605351	0.4973434
3232988638.0062671	0.0954591	0.1019183	0.2117594	0.3144479	0.0696978	0.1399944	0.2374624	0.2763608	0.0981208	0.1822856	0.4415604	0.5089945	0.0794348	0.1949365	0.4605548	0.4973347
3232988638.0161552	0.0954782	0.1019032	0.2117791	0.3144200	0.0697013	0.1399914	0.2374836	0.2763050	0.0981264	0.1822960	0.4415691	0.5090018	0.0794349	0.1949429	0.4605520	0.4973603
3232988638.0260434	0.0954775	0.1019196	0.2117581	0.3144580	0.0696916	0.1399916	0.2374881	0.2763116	0.0981284	0.1822989	0.4415620	0.5090047	0.0794379	0.1949400	0.4605343	0.4973360
3232988638.0359302	0.0954941	0.1018927	0.2117768	0.3144211	0.0696915	0.1400087	0.2374908	0.2763278	0.0981150	0.1822847	0.4415654	0.5090219	0.0794193	0.1949222	0.4605345	0.4973579
3232988638.0458183	0.0954807	0.1019131	0.2117690	0.3144398	0.0696896	0.1400062	0.2374820	0.2763314	0.0981267	0.1822821	0.4415695	0.5090230	0.0794196	0.1949408	0.4605415	0.4973426
3232988638.0557065	0.0954655	0.1019192	0.2117614	0.3144201	0.0696729	0.1399899	0.2374679	0.2763156	0.0981330	0.1822900	0.4415689	0.5090023	0.0794512	0.1949356	0.4605460	0.4973542
3232988638.0655947	0.0954617	0.1019015	0.2117537	0.3144266	0.0696924	0.1399954	0.2375017	0.2763446	0.0981258	0.1822864	0.4415740	0.5090327	0.0794357	0.1949470	0.4605381	0.4973646
3232988638.0754828	0.0954880	0.1019030	0.2117911	0.3144357	0.0697066	0.1399881	0.2374812	0.2763280	0.0981361	0.1822933	0.4415802	0.5090101	0.0794373	0.1949279	0.4605496	0.4973532
3232988638.0853710	0.0954916	0.1018992	0.2117880	0.3144239	0.0696925	0.1400001	0.2374810	0.2763374	0.0981263	0.1822879	0.4415651	0.5090145	0.0794243	0.1949309	0.4605478	0.4973217
3232988638.0952592	0.0954448	0.1018974	0.2117890	0.3144412	0.0697172	0.1399773	0.2374961	0.2763101	0.0981202	0.1822854	0.4415773	0.5090172	0.0794417	0.1949312	0.4605436	0.4973554
3232988638.1051474	0.0954813	0.1018765	0.2117661	0.3144367	0.0696795	0.1399976	0.2374832	0.2763284	0.0981253	0.1822802	0.4415593	0.5090039	0.0794222	0.1949414	0.4605601	0.4973547
3232988638.1150355	0.0954814	0.1019111	0.2117761	0.3144277	0.0696998	0.1399804	0.2374798	0.2763517	0.0981255	0.1822717	0.4415803	0.5090094	0.0794314	0.1949405	0.4605489	0.4973463
3232988638.1249237	0.0954640	0.1018911	0.2117633	0.3144125	0.0696948	0.1399876	0.2374899	0.2763267	0.0981410	0.1823093	0.4415731	0.5090079	0.0794141	0.1949194	0.4605394	0.4973552
3232988638.1348100	0.0954765	0.1019110	0.2117702	0.3144315	0.0697210	0.1399939	0.2374981	0.2763249	0.0981178	0.1822944	0.4415807	0.5089985	0.0794448	0.1949456	0.4605601	0.4973526
3232988638.1446981	0.0954763	0.1018969	0.2117698	0.3144181	0.0696867	0.1399961	0.2374685	0.2763171	0.0981283	0.1822860	0.4415648	0.5090081	0.0794265	0.1949254	0.4605540	0.4973466
3232988638.1545863	0.0954832	0.1019124	0.2117657	0.3144109	0.0697087	0.1399977	0.2374750	0.2763265	0.0981409	0.1822875	0.4415755	0.5090075	0.0794352	0.1949224	0.4605381	0.4973516
3232988638.1644745	0.0954622	0.1019041	0.2117717	0.3144155	0.0696993	0.1400001	0.2374895	0.2763294	0.0981265	0.1822702	0.4415807	0.5090094	0.0794304	0.1949294	0.4605493	0.4973518
3232988638.1743627	0.0954892	0.1018909	0.2117742	0.3144180	0.0696992	0.1399825	0.2374778	0.2763268	0.0981358	0.1822732	0.4415618	0.5090117	0.0794221	0.1949419	0.4605639	0.4973613
3232988638.1842508	0.0954746	0.1019142	0.2117836	0.3144207	0.0696973	0.1399917	0.2374845	0.2763262	0.0981392	0.1822801	0.4415617	0.5089956	0.0794209	0.1949513	0.4605499	0.4973557
3232988638.1941390	0.0954752	0.1018971	0.2117739	0.3144343	0.0697048	0.1399914	0.2374835	0.2763294	0.0981185	0.1822682	0.4415711	0.5090284	0.0794328	0.1949323	0.4605551	0.4973517
3232988638.2040272	0.0954986	0.1019085	0.2117780	0.3144199	0.0697071	0.1399981	0.2374915	0.2763409	0.0981298	0.1822946	0.4415776	0.5090202	0.0794405	0.1949400	0.4605443	0.4973415
3232988638.2139153	0.0954785	0.1019045	0.2117694	0.3144144	0.0696779	0.1399963	0.2374706	0.2763372	0.0981398	0.1822860	0.4415656	0.5090127	0.0794294	0.1949461	0.4605620	0.4973615
3232988638.2238035	0.0954869	0.1019054	0.2117714	0.3144211	0.0697076	0.1399888	0.2374700	0.2763199	0.0981227	0.1823023	0.4415777	0.5090046	0.0794328	0.1949379	0.4605456	0.4973446
3232988638.2336903	0.0954769	0.1019048	0.2117539	0.3144089	0.0697029	0.1399939	0.2374785	0.2763217	0.0981479	0.1822899	0.4415664	0.5090177	0.0794443	0.1949386	0.4605631	0.4973472
3232988638.2435784	0.0954810	0.1018866	0.2117836	0.3144226	0.0697094	0.1399819	0.2374931	0.2763271	0.0981209	0.1822828	0.4415701	0.5090238	0.0794456	0.1949364	0.4605537	0.4973594
3232988638.2534666	0.0954768	0.1018955	0.2117639	0.3144226	0.0696834	0.1400051	0.2374773	0.2763322	0.0981292	0.1822806	0.4415606	0.5090110	0.0794330	0.1949310	0.4605723	0.4973596
3232988638.2633548	0.0954698	0.1018968	0.2117798	0.3144438	0.0697087	0.1400014	0.2374847	0.2763237	0.0981400	0.1822829	0.4415755	0.5089933	0.0794377	0.1949257	0.4605314	0.4973677
3232988638.2732429	0.0954576	0.1018938	0.2117838	0.3144300	0.0696982	0.1399850	0.2374827	0.2763336	0.0981359	0.1822889	0.4415829	0.5090126	0.0794450	0.1949389	0.4605563	0.4973274
3232988638.2831311	0.0954736	0.1018932	0.2117770	0.3144317	0.0696981	0.1399663	0.2374976	0.2763308	0.0981291	0.1822939	0.4415699	0.5090189	0.0794402	0.1949313	0.4605574	0.4973702
3232988638.2930193	0.0954561	0.1019097	0.2117819	0.3144209	0.0697199	0.1399954	0.2374834	0.2763281	0.0981282	0.1822911	0.4415855	0.5090136	0.0794295	0.1949310	0.4605435	0.4973451
3232988638.3029075	0.0954668	0.1019138	0.2117715	0.3144346	0.0697068	0.1399957	0.2374846	0.2763253	0.0981468	0.1822972	0.4415852	0.5090158	0.0794335	0.1949309	0.4605522	0.4973596
3232988638.3127956	0.0954823	0.1019008	0.2117674	0.3144187	0.0696986	0.1399969	0.2375015	0.2763276	0.0981340	0.1822903	0.4415609	0.5090173	0.0794246	0.1949348	0.4605438	0.4973477
3232988638.3226838	0.0954540	0.1019011	0.2117702	0.3144375	0.0696947	0.1399914	0.2374700	0.2763218	0.0981454	0.1822969	0.4415569	0.5089948	0.0794258	0.1949468	0.4605332	0.4973680
3232988638.3325701	0.0954603	0.1018984	0.2117748	0.3144327	0.0697076	0.1400025	0.2374759	0.2763383	0.0981282	0.1822899	0.4415804	0.5090310	0.0794344	0.1949374	0.4605363	0.4973479
3232988638.3424582	0.0954786	0.1019005	0.2117876	0.3144349	0.0697049	0.1399975	0.2374965	0.2763379	0.0981310	0.1822980	0.4415725	0.5090269	0.0794269	0.1949371	0.4605665	0.4973650
3232988638.3523464	0.0954825	0.1019095	0.2117834	0.3144154	0.0696902	0.1400094	0.2374841	0.2763456	0.0981204	0.1822963	0.4415858	0.5090170	0.0794158	0.1949447	0.4605458	0.4973497
3232988638.3622346	0.0954720	0.1019056	0.2117647	0.3144363	0.0697268	0.1399901	0.2374873	0.2763518	0.0981191	0.1823052	0.4415752	0.5090013	0.0794283	0.1949350	0.4605522	0.4973610
3232988638.3721228	0.0954766	0.1019086	0.2117629	0.3144171	0.0697107	0.1399856	0.2375042	0.2763339	0.0981359	0.1822837	0.4415778	0.5090189	0.0794326	0.1949421	0.4605518	0.4973332
3232988638.3820109	0.0954982	0.1018953	0.2117696	0.3144268	0.0696976	0.1399765	0.2375064	0.2763333	0.0981295	0.1822866	0.4415883	0.5090214	0.0794287	0.1949271	0.4605611	0.4973571
3232988638.3918991	0.0954873	0.1018959	0.2117907	0.3144422	0.0697036	0.1399943	0.2374998	0.2763349	0.0981335	0.1823047	0.4415775	0.5090151	0.0794503	0.1949338	0.4605488	0.4973472
3232988638.4017873	0.0954839	0.1019244	0.2117779	0.3144395	0.0696859	0.1400093	0.2374884	0.2763317	0.0981504	0.1822850	0.4415658	0.5089928	0.0794303	0.1949302	0.4605484	0.4973718
3232988638.4116755	0.0954693	0.1018961	0.2117640	0.3144161	0.0696991	0.1399816	0.2375013	0.2763053	0.0981299	0.1823070	0.4415812	0.5090083	0.0794456	0.1949406	0.4605752	0.4973372
3232988638.4215636	0.0954726	0.1018941	0.2117746	0.3144286	0.0696983	0.1399931	0.2374789	0.2763359	0.0981325	0.1823041	0.4415726	0.5090009	0.0794317	0.1949206	0.4605484	0.4973583
3232988638.4314499	0.0954609	0.1018953	0.2117825	0.3144061	0.0696917	0.1399993	0.2374579	0.2763266	0.0981350	0.1822951	0.4415817	0.5090016	0.0794115	0.1949512	0.4605474	0.4973548
3232988638.4413381	0.0954743	0.1019154	0.2117807	0.3144286	0.0697073	0.1399904	0.2375068	0.2763333	0.0981574	0.1823028	0.4415828	0.5090262	0.0794327	0.1949364	0.4605684	0.4973380
3232988638.4512262	0.0954853	0.1018996	0.2117683	0.3144192	0.0696994	0.1399976	0.2375069	0.2763239	0.0981399	0.1822935	0.4415704	0.5090320	0.0794285	0.1949305	0.4605450	0.4973450
3232988638.4611144	0.0954763	0.1019171	0.2117888	0.3144459	0.0696968	0.1399996	0.2374745	0.2763318	0.0981287	0.1822798	0.4415833	0.5090100	0.0794372	0.1949378	0.4605687	0.4973587
3232988638.4710026	0.0954792	0.1018933	0.2117768	0.3144171	0.0697054	0.1399910	0.2374858	0.2763314	0.0981364	0.1822836	0.4415813	0.5090036	0.0794476	0.1949319	0.4605533	0.4973612
3232988638.4808907	0.0954800	0.1018992	0.2117811	0.3144195	0.0696883	0.1399867	0.2374703	0.2763343	0.0981130	0.1822876	0.4415732	0.5090212	0.0794312	0.1949441	0.4605654	0.4973483
3232988638.4907789	0.0954668	0.1018993	0.2117801	0.3144214	0.0697036	0.1399869	0.2374859	0.2763253	0.0981175	0.1822981	0.4415806	0.5090073	0.0794320	0.1949329	0.4605609	0.4973498
3232988638.5006671	0.0954947	0.1019025	0.2117879	0.3144175	0.0697130	0.1399958	0.2374874	0.2763384	0.0981392	0.1822986	0.4415820	0.5090057	0.0794305	0.1949311	0.4605479	0.4973415
3232988638.5105553	0.0954856	0.1018897	0.2117844	0.3144223	0.0697086	0.1399955	0.2374904	0.2763112	0.0981361	0.1822881	0.4415794	0.5090056	0.0794388	0.1949377	0.4605620	0.4973361
3232988638.5204434	0.0954802	0.1018989	0.2117781	0.3144262	0.0697099	0.1399992	0.2375114	0.2763343	0.0981384	0.1822898	0.4415805	0.5090045	0.0794494	0.1949551	0.4605557	0.4973230
3232988638.5303302	0.0954887	0.1018969	0.2117854	0.3144188	0.0696886	0.1399835	0.2374758	0.2763233	0.0981118	0.1822886	0.4415986	0.5090120	0.0794372	0.1949639	0.4605494	0.4973466
3232988638.5402184	0.0954925	0.1019041	0.2117766	0.3144305	0.0697003	0.1399959	0.2374980	0.2763252	0.0981412	0.1822882	0.4415913	0.5090205	0.0794227	0.1949337	0.4605613	0.4973390
3232988638.5501065	0.0954872	0.1018949	0.2117829	0.3144366	0.0697269	0.1399888	0.2375055	0.2763183	0.0981244	0.1822879	0.4415885	0.5090098	0.0794538	0.1949288	0.4605844	0.4973415
3232988638.5599947	0.0954870	0.1018932	0.2117825	0.3144331	0.0697136	0.1399995	0.2374856	0.2763189	0.0981301	0.1822864	0.4415615	0.5090290	0.0794369	0.1949320	0.4605480	0.4973491
3232988638.5698829	0.0954851	0.1019029	0.2117752	0.3144213	0.0696820	0.1399914	0.2374973	0.2763230	0.0981272	0.1822855	0.4415704	0.5089919	0.0794425	0.1949298	0.4605576	0.4973468
3232988638.5797710	0.0954804	0.1018798	0.2117808	0.3144190	0.0697089	0.1399904	0.2374947	0.2763120	0.0981261	0.1822887	0.4415780	0.5090192	0.0794452	0.1949221	0.4605611	0.4973495
3232988638.5896592	0.0954647	0.1018885	0.2117711	0.3144098	0.0697083	0.1399907	0.2374860	0.2763217	0.0981257	0.1822791	0.4415685	0.5090137	0.0794426	0.1949257	0.4605465	0.4973430
3232988638.5995474	0.0954821	0.1019128	0.2117960	0.3144351	0.0696998	0.1399809	0.2375020	0.2763136	0.0981247	0.1822975	0.4415936	0.5089979	0.0794392	0.1949318	0.4605588	0.4973370
3232988638.6094356	0.0954870	0.1019009	0.2117692	0.3144278	0.0697079	0.1399988	0.2374902	0.2763335	0.0981285	0.1822887	0.4415760	0.5089797	0.0794237	0.1949370	0.4605645	0.4973306
3232988638.6193237	0.0954742	0.1018962	0.2117794	0.3144156	0.0696951	0.1399872	0.2375000	0.2763217	0.0981309	0.1823102	0.4415792	0.5090023	0.0794508	0.1949120	0.4605453	0.4973452
3232988638.6292100	0.0954766	0.1019001	0.2117813	0.3144305	0.0696881	0.1399775	0.2374908	0.2763447	0.0981520	0.1822887	0.4415877	0.5089910	0.0794299	0.1949334	0.4605580	0.4973455
3232988638.6390982	0.0954853	0.1018917	0.2117669	0.3144266	0.0697038	0.1399805	0.2374803	0.2763157	0.0981431	0.1823053	0.4415817	0.5089969	0.0794368	0.1949382	0.4605634	0.4973283
3232988638.6489863	0.0954853	0.1018990	0.2117835	0.3144110	0.0696920	0.1399820	0.2374885	0.2763245	0.0981379	0.1822831	0.4415873	0.5089904	0.0794408	0.1949336	0.4605473	0.4973340
3232988638.6588745	0.0954803	0.1018945	0.2117904	0.3144058	0.0697112	0.1399872	0.2374827	0.2763272	0.0981368	0.1822948	0.4415626	0.5090018	0.0794586	0.1949267	0.4605557	0.4973414
3232988638.6687627	0.0954837	0.1019093	0.2117931	0.3144158	0.0696861	0.1399723	0.2374697	0.2763157	0.0981381	0.1822923	0.4415821	0.5089990	0.0794314	0.1949356	0.4605379	0.4973322
3232988638.6786509	0.0954851	0.1018927	0.2117675	0.3144003	0.0696850	0.1399950	0.2375054	0.2763130	0.0981122	0.1822874	0.4415824	0.5090006	0.0794227	0.1949193	0.4605645	0.4973311
3232988638.6885390	0.0954838	0.1019158	0.2117806	0.3143901	0.0696973	0.1400051	0.2374920	0.2763123	0.0981213	0.1822884	0.4415895	0.5089978	0.0794399	0.1949416	0.4605641	0.4973441
3232988638.6984272	0.0954903	0.1019101	0.2117780	0.3144153	0.0696930	0.1399816	0.2374890	0.2763178	0.0981298	0.1822776	0.4415729	0.5089878	0.0794417	0.1949337	0.4605506	0.4973302
3232988638.7083154	0.0954737	0.1019108	0.2117783	0.3144301	0.0697202	0.1399980	0.2375082	0.2763231	0.0981423	0.1822814	0.4415813	0.5089947	0.0794266	0.1949191	0.4605785	0.4973128
3232988638.7182035	0.0954773	0.1019060	0.2117675	0.3144220	0.0696973	0.1399932	0.2375364	0.2762995	0.0981269	0.1822837	0.4415893	0.5089785	0.0794529	0.1949183	0.4605583	0.4973253
3232988638.7280903	0.0954986	0.1018817	0.2117746	0.3144176	0.0697015	0.1399929	0.2375111	0.2763315	0.0981297	0.1822908	0.4415838	0.5089948	0.0794265	0.1949234	0.4605696	0.4973392
3232988638.7379785	0.0954735	0.1019030	0.2117826	0.3144116	0.0697213	0.1399773	0.2374981	0.2762954	0.0981355	0.1822815	0.4415826	0.5089753	0.0794373	0.1949285	0.4605563	0.4973206
3232988638.7478666	0.0954766	0.1018833	0.2117895	0.3144096	0.0697100	0.1399833	0.2374752	0.2763208	0.0981358	0.1822741	0.4415742	0.5089780	0.0794240	0.1949388	0.4605392	0.4973283
3232988638.7577548	0.0954762	0.1018882	0.2117773	0.3144215	0.0697045	0.1399862	0.2374931	0.2763255	0.0981268	0.1822866	0.4415747	0.5089951	0.0794168	0.1949363	0.4605629	0.4973372
3232988638.7676430	0.0954658	0.1019041	0.2117809	0.3144323	0.0697102	0.1399702	0.2374738	0.2763185	0.0981331	0.1822760	0.4415766	0.5089811	0.0794266	0.1949498	0.4605584	0.4973084
3232988638.7775311	0.0954897	0.1018900	0.2118030	0.3144040	0.0696960	0.1399708	0.2374973	0.2762959	0.0981209	0.1822963	0.4415628	0.5089637	0.0794489	0.1949350	0.4605703	0.4973220
3232988638.7874193	0.0954801	0.1018975	0.2117926	0.3144174	0.0697016	0.1399939	0.2374877	0.2762943	0.0981265	0.1822889	0.4415893	0.5089897	0.0794495	0.1949150	0.4605402	0.4973321
3232988638.7973075	0.0954774	0.1018929	0.2117623	0.3144020	0.0696766	0.1399714	0.2374751	0.2763206	0.0981296	0.1822954	0.4415868	0.5089829	0.0794503	0.1949448	0.4605579	0.4973225
3232988638.8071957	0.0954764	0.1018936	0.2117862	0.3144163	0.0696940	0.1400016	0.2374840	0.2763099	0.0981188	0.1822673	0.4415866	0.5089522	0.0794219	0.1949296	0.4605583	0.4973174
3232988638.8170838	0.0954732	0.1018919	0.2117745	0.3144068	0.0697122	0.1399858	0.2375096	0.2763118	0.0981391	0.1822705	0.4415962	0.5089825	0.0794364	0.1949163	0.4605639	0.4973039
3232988638.8269701	0.0954730	0.1018964	0.2117774	0.3144071	0.0697174	0.1399861	0.2375015	0.2763289	0.0981404	0.1822908	0.4415998	0.5089924	0.0794433	0.1949391	0.4605618	0.4973036
3232988638.8368583	0.0954742	0.1019029	0.2117731	0.3143933	0.0697043	0.1399857	0.2374800	0.2763008	0.0981336	0.1822886	0.4415761	0.5089774	0.0794238	0.1949354	0.4605748	0.4973078
3232988638.8467464	0.0954672	0.1019066	0.2117500	0.3144049	0.0696761	0.1399932	0.2374937	0.2763071	0.0981269	0.1822749	0.4415773	0.5089756	0.0794423	0.1949112	0.4605582	0.4973158
3232988638.8566346	0.0954792	0.1019086	0.2117726	0.3144068	0.0696895	0.1399654	0.2374937	0.2763019	0.0981330	0.1822797	0.4415802	0.5089708	0.0794374	0.1949311	0.4605753	0.4973028
3232988638.8665228	0.0954812	0.1019162	0.2117741	0.3144024	0.0696783	0.1399773	0.2374856	0.2763079	0.0981287	0.1822837	0.4415893	0.5089515	0.0794163	0.1949122	0.4605689	0.4973021
3232988638.8764110	0.0954898	0.1018941	0.2117910	0.3144047	0.0697034	0.1399959	0.2374988	0.2763192	0.0981354	0.1822865	0.4415815	0.5089818	0.0794427	0.1949289	0.4605732	0.4973195
3232988638.8862991	0.0954811	0.1019054	0.2117682	0.3144206	0.0696883	0.1399708	0.2374858	0.2763079	0.0981469	0.1822722	0.4415848	0.5089775	0.0794438	0.1949164	0.4605682	0.4973062
3232988638.8961873	0.0954747	0.1018872	0.2117715	0.3144080	0.0696863	0.1399975	0.2375076	0.2763131	0.0981177	0.1822854	0.4415846	0.5089740	0.0794312	0.1949068	0.4605473	0.4973040
3232988638.9060755	0.0954671	0.1018973	0.2117782	0.3144000	0.0696992	0.1399887	0.2374913	0.2763083	0.0981232	0.1822792	0.4415837	0.5089653	0.0794333	0.1949218	0.4605738	0.4972794
3232988638.9159636	0.0954873	0.1018844	0.2117914	0.3144027	0.0696866	0.1399817	0.2374977	0.2762930	0.0981170	0.1822793	0.4415828	0.5089647	0.0794294	0.1949074	0.4605561	0.4972889
3232988638.9258499	0.0954913	0.1018998	0.2117685	0.3144030	0.0696986	0.1399791	0.2375058	0.2763166	0.0981310	0.1822748	0.4415750	0.5089747	0.0794394	0.1949051	0.4605818	0.4973038
3232988638.9357381	0.0954909	0.1018798	0.2117768	0.3144033	0.0697127	0.1399899	0.2374967	0.2763004	0.0981337	0.1822824	0.4415588	0.5089526	0.0794276	0.1949172	0.4605588	0.4972882
3232988638.9456263	0.0954849	0.1018812	0.2117714	0.3144009	0.0696876	0.1399865	0.2374997	0.2763084	0.0981310	0.1822634	0.4415638	0.5089527	0.0794207	0.1949219	0.4605558	0.4972969
3232988638.9555144	0.0954867	0.1018739	0.2117747	0.3143806	0.0696999	0.1399884	0.2375047	0.2762944	0.0981305	0.1822639	0.4415840	0.5089483	0.0794416	0.1949184	0.4605629	0.4972793
3232988638.9654026	0.0954746	0.1018847	0.2117639	0.3143954	0.0697033	0.1399813	0.2374690	0.2762942	0.0981293	0.1822870	0.4415703	0.5089355	0.0794470	0.1949161	0.4605607	0.4972853
3232988638.9752908	0.0954968	0.1018872	0.2117796	0.3144104	0.0697081	0.1399764	0.2374990	0.2762958	0.0981415	0.1822716	0.4415637	0.5089636	0.0794320	0.1949061	0.4605518	0.4973057
3232988638.9851789	0.0955018	0.1019053	0.2117838	0.3144093	0.0697091	0.1399735	0.2374923	0.2763101	0.0981282	0.1822899	0.4415795	0.5089471	0.0794264	0.1949289	0.4605606	0.4972863
3232988638.9950671	0.0954817	0.1018921	0.2117866	0.3143926	0.0697075	0.1399665	0.2375073	0.2763094	0.0981294	0.1822709	0.4415800	0.5089435	0.0794350	0.1949016	0.4605588	0.4972867
3232988639.0049553	0.0954737	0.1018770	0.2117817	0.3143994	0.0696864	0.1399760	0.2374989	0.2763179	0.0981154	0.1822649	0.4415884	0.5089574	0.0794412	0.1949117	0.4605582	0.4973007
3232988639.0148435	0.0954681	0.1018785	0.2117602	0.3143942	0.0696922	0.1399701	0.2374824	0.2762993	0.0981223	0.1822766	0.4415740	0.5089467	0.0794393	0.1949052	0.4605528	0.4973049
3232988639.0247302	0.0954826	0.1018998	0.2117704	0.3143944	0.0697120	0.1399837	0.2375118	0.2763031	0.0981407	0.1822762	0.4415605	0.5089521	0.0794410	0.1949285	0.4605480	0.4972975
3232988639.0346184	0.0954955	0.1018851	0.2117759	0.3143795	0.0696917	0.1399862	0.2374990	0.2762971	0.0981427	0.1822575	0.4415734	0.5089631	0.0794513	0.1949116	0.4605569	0.4972911
3232988639.0445065	0.0954616	0.1018842	0.2117963	0.3143922	0.0697000	0.1399806	0.2375006	0.2763095	0.0981371	0.1822742	0.4415820	0.5089332	0.0794465	0.1949078	0.4605704	0.4973014
3232988639.0543947	0.0954835	0.1019085	0.2117874	0.3143979	0.0696818	0.1399790	0.2374953	0.2762961	0.0981344	0.1822830	0.4415755	0.5089603	0.0794262	0.1948976	0.4605374	0.4973001
3232988639.0642829	0.0954791	0.1018869	0.2117711	0.3143898	0.0697016	0.1399820	0.2374663	0.2763074	0.0981180	0.1822648	0.4415760	0.5089463	0.0794336	0.1949162	0.4605536	0.4973085
3232988639.0741711	0.0954979	0.1018907	0.2117761	0.3143799	0.0697084	0.1399848	0.2374940	0.2763182	0.0981228	0.1822605	0.4415774	0.5089327	0.0794379	0.1949154	0.4605596	0.4972898
3232988639.0840592	0.0955054	0.1019044	0.2117985	0.3144041	0.0697177	0.1399971	0.2374954	0.2762788	0.0981160	0.1822621	0.4415876	0.5089421	0.0794464	0.1949152	0.4605629	0.4972895
3232988639.0939474	0.0954808	0.1018970	0.2117832	0.3143983	0.0697179	0.1399745	0.2375018	0.2762901	0.0981275	0.1823069	0.4415776	0.5089552	0.0794264	0.1949066	0.4605687	0.4973065
3232988639.1038356	0.0954818	0.1019001	0.2117636	0.3143816	0.0697149	0.1399839	0.2375004	0.2763011	0.0981419	0.1822750	0.4415940	0.5089438	0.0794323	0.1948806	0.4605475	0.4972993
3232988639.1137238	0.0954821	0.1018801	0.2117693	0.3144002	0.0697026	0.1399710	0.2374986	0.2762965	0.0981194	0.1822723	0.4415699	0.5089670	0.0794346	0.1948987	0.4605556	0.4973021
3232988639.1236100	0.0954763	0.1018828	0.2117918	0.3143939	0.0697072	0.1399797	0.2374981	0.2762833	0.0981386	0.1822757	0.4415676	0.5089557	0.0794175	0.1949050	0.4605814	0.4973021
3232988639.1334982	0.0954944	0.1019028	0.2117822	0.3143787	0.0696951	0.1399850	0.2374912	0.2762921	0.0981228	0.1822937	0.4415667	0.5089641	0.0794409	0.1949139	0.4605560	0.4972945
3232988639.1433864	0.0954894	0.1018944	0.2117920	0.3144006	0.0697089	0.1399921	0.2374942	0.2762922	0.0981362	0.1822631	0.4415804	0.5089394	0.0794457	0.1949172	0.4605608	0.4972786
3232988639.1532745	0.0954916	0.1018882	0.2117882	0.3143899	0.0697038	0.1399789	0.2375104	0.2762824	0.0981251	0.1822714	0.4415666	0.5089550	0.0794274	0.1949122	0.4605517	0.4973004
3232988639.1631627	0.0954857	0.1018837	0.2117866	0.3143883	0.0697068	0.1399626	0.2374933	0.2762845	0.0981150	0.1822725	0.4415875	0.5089459	0.0794450	0.1949004	0.4605487	0.4972915
3232988639.1730509	0.0954876	0.1018781	0.2117743	0.3143862	0.0697082	0.1399787	0.2374807	0.2762876	0.0981484	0.1822636	0.4415935	0.5089502	0.0794441	0.1948946	0.4605534	0.4972901
3232988639.1829391	0.0954826	0.1018903	0.2117611	0.3143915	0.0696954	0.1399896	0.2374852	0.2762796	0.0981365	0.1822577	0.4415670	0.5089462	0.0794270	0.1949153	0.4605557	0.4972882
3232988639.1928272	0.0954949	0.1018878	0.2118006	0.3143910	0.0697072	0.1399920	0.2374950	0.2762908	0.0981289	0.1822589	0.4415828	0.5089482	0.0794325	0.1949025	0.4605471	0.4972883
3232988639.2027154	0.0954784	0.1018921	0.2117857	0.3143779	0.0697050	0.1399843	0.2374994	0.2762980	0.0981343	0.1822615	0.4415549	0.5089633	0.0794357	0.1949057	0.4605500	0.4972974
3232988639.2126036	0.0954985	0.1018786	0.2117798	0.3143673	0.0697097	0.1399741	0.2375138	0.2762927	0.0981166	0.1822821	0.4415750	0.5089356	0.0794381	0.1948941	0.4605473	0.4973069
3232988639.2224903	0.0954766	0.1018851	0.2117840	0.3143841	0.0696871	0.1399844	0.2374972	0.2762749	0.0981191	0.1822557	0.4415855	0.5089363	0.0794403	0.1949164	0.4605528	0.4972755
3232988639.2323785	0.0954920	0.1018838	0.2117862	0.3143832	0.0696956	0.1399723	0.2374890	0.2762826	0.0981313	0.1822635	0.4415612	0.5089486	0.0794310	0.1948964	0.4605615	0.4972956
3232988639.2422667	0.0955003	0.1018926	0.2117835	0.3143934	0.0696997	0.1399812	0.2375135	0.2762854	0.0981349	0.1822623	0.4415729	0.5089480	0.0794131	0.1948974	0.4605559	0.4972780
3232988639.2521548	0.0954904	0.1018961	0.2117924	0.3143870	0.0697227	0.1399868	0.2374851	0.2763164	0.0981313	0.1822690	0.4415835	0.5089110	0.0794381	0.1949043	0.4605663	0.4972927
3232988639.2620430	0.0954692	0.1018783	0.2117870	0.3143770	0.0696929	0.1399546	0.2375070	0.2762965	0.0981442	0.1822444	0.4415648	0.5089382	0.0794343	0.1949245	0.4605692	0.4972766
3232988639.2719312	0.0954737	0.1018719	0.2117700	0.3143777	0.0697168	0.1399564	0.2374883	0.2762762	0.0981269	0.1822647	0.4415873	0.5089287	0.0794239	0.1948911	0.4605574	0.4972734
3232988639.2818193	0.0954830	0.1019007	0.2117782	0.3143897	0.0697108	0.1399745	0.2375116	0.2762826	0.0981271	0.1822763	0.4415785	0.5089280	0.0794232	0.1949071	0.4605588	0.4972798
3232988639.2917075	0.0954682	0.1018989	0.2117814	0.3143875	0.0696899	0.1399541	0.2374996	0.2762887	0.0981272	0.1822574	0.4415838	0.5089440	0.0794346	0.1949072	0.4605655	0.4972806
3232988639.3015957	0.0954676	0.1018948	0.2117760	0.3143764	0.0697008	0.1399841	0.2374937	0.2762918	0.0981414	0.1822686	0.4415679	0.5089428	0.0794550	0.1948967	0.4605463	0.4972788
3232988639.3114839	0.0954769	0.1018825	0.2117692	0.3143922	0.0696949	0.1399609	0.2374960	0.2762994	0.0981286	0.1822562	0.4415806	0.5089508	0.0794519	0.1948994	0.4605554	0.4972653
3232988639.3213701	0.0954845	0.1018844	0.2117827	0.3143818	0.0696769	0.1399802	0.2374924	0.2763007	0.0981239	0.1822606	0.4415770	0.5089263	0.0794476	0.1949158	0.4605464	0.4972835
3232988639.3312583	0.0954764	0.1018801	0.2117878	0.3143820	0.0697060	0.1399609	0.2374809	0.2762866	0.0981177	0.1822661	0.4415615	0.5089356	0.0794370	0.1948935	0.4605563	0.4972881
3232988639.3411465	0.0954903	0.1018768	0.2118019	0.3143933	0.0696972	0.1399702	0.2374973	0.2763001	0.0981335	0.1822773	0.4416003	0.5089197	0.0794307	0.1949026	0.4605777	0.4972632
3232988639.3510346	0.0954769	0.1018844	0.2117931	0.3143748	0.0697135	0.1399641	0.2374863	0.2762969	0.0981303	0.1822683	0.4415824	0.5089421	0.0794409	0.1949362	0.4605838	0.4972854
3232988639.3609228	0.0954935	0.1018815	0.2117950	0.3143790	0.0697095	0.1399829	0.2374923	0.2762850	0.0981418	0.1822543	0.4415833	0.5089259	0.0794470	0.1949081	0.4605747	0.4972858
3232988639.3708110	0.0954796	0.1018861	0.2117823	0.3143840	0.0696951	0.1399690	0.2374954	0.2762997	0.0981273	0.1822725	0.4415887	0.5089308	0.0794280	0.1949066	0.4605740	0.4972797
3232988639.3806992	0.0954665	0.1018805	0.2117819	0.3143950	0.0697000	0.1399756	0.2374883	0.2762846	0.0981315	0.1822675	0.4415800	0.5089440	0.0794175	0.1949085	0.4605638	0.4972749
3232988639.3905873	0.0954841	0.1018918	0.2117867	0.3143878	0.0696860	0.1399725	0.2375038	0.2762859	0.0981268	0.1822634	0.4415828	0.5089260	0.0794482	0.1949128	0.4605777	0.4972845
3232988639.4004755	0.0954910	0.1018834	0.2118036	0.3143818	0.0697025	0.1399813	0.2374849	0.2762945	0.0981340	0.1822697	0.4415692	0.5089273	0.0794380	0.1949097	0.4605549	0.4972730
3232988639.4103637	0.0954746	0.1018887	0.2117727	0.3143966	0.0697038	0.1399874	0.2374938	0.2762993	0.0981270	0.1822544	0.4415878	0.5089345	0.0794309	0.1949035	0.4605760	0.4972856
3232988639.4202499	0.0955008	0.1018866	0.2117896	0.3143887	0.0697151	0.1399778	0.2375106	0.2762882	0.0981320	0.1822590	0.4415865	0.5089418	0.0794167	0.1949125	0.4605510	0.4972665
3232988639.4301381	0.0954788	0.1018919	0.2117964	0.3143925	0.0697115	0.1399830	0.2374956	0.2762763	0.0981422	0.1822689	0.4415683	0.5089287	0.0794330	0.1949123	0.4605559	0.4972846
3232988639.4400263	0.0954711	0.1018814	0.2117580	0.3143843	0.0696883	0.1399816	0.2374876	0.2762968	0.0981338	0.1822682	0.4415861	0.5089385	0.0794431	0.1948999	0.4605548	0.4972733
3232988639.4499145	0.0954789	0.1018917	0.2117990	0.3144079	0.0696997	0.1399615	0.2375045	0.2763135	0.0981459	0.1822963	0.4415844	0.5089349	0.0794371	0.1949005	0.4605640	0.4972936
3232988639.4598026	0.0954896	0.1018822	0.2117666	0.3143741	0.0697114	0.1399713	0.2375187	0.2762867	0.0981268	0.1822725	0.4415788	0.5089536	0.0794294	0.1948965	0.4605655	0.4972883
3232988639.4696908	0.0954793	0.1018854	0.2117749	0.3143919	0.0697080	0.1399774	0.2375173	0.2763022	0.0981499	0.1822936	0.4415911	0.5089410	0.0794566	0.1949210	0.4605736	0.4972883
3232988639.4795790	0.0954816	0.1018851	0.2117817	0.3143915	0.0696964	0.1399922	0.2375033	0.2762941	0.0981302	0.1822618	0.4415828	0.5089318	0.0794376	0.1949042	0.4605584	0.4972849
3232988639.4894671	0.0954673	0.1018900	0.2117799	0.3143721	0.0696966	0.1399666	0.2375009	0.2762897	0.0981379	0.1822882	0.4415924	0.5089285	0.0794433	0.1948991	0.4605520	0.4972743
3232988639.4993553	0.0954835	0.1018928	0.2117872	0.3143675	0.0696941	0.1399829	0.2374900	0.2762808	0.0981364	0.1822738	0.4415840	0.5089549	0.0794405	0.1949066	0.4605909	0.4972635
3232988639.5092435	0.0954875	0.1018763	0.2118042	0.3143996	0.0696953	0.1399745	0.2375069	0.2762914	0.0981358	0.1822589	0.4415854	0.5089232	0.0794320	0.1949123	0.4605779	0.4972888
3232988639.5191302	0.0954832	0.1019093	0.2117890	0.3143839	0.0697041	0.1399856	0.2375005	0.2762950	0.0981338	0.1822741	0.4416017	0.5089531	0.0794272	0.1948999	0.4605754	0.4972920
3232988639.5290184	0.0954859	0.1018873	0.2117985	0.3143835	0.0697142	0.1399736	0.2375082	0.2762993	0.0981292	0.1822475	0.4416023	0.5089327	0.0794399	0.1949016	0.4605724	0.4972820
3232988639.5389066	0.0954796	0.1018776	0.2117886	0.3143688	0.0697033	0.1399752	0.2374951	0.2762864	0.0981463	0.1822773	0.4415906	0.5089388	0.0794402	0.1949053	0.4605737	0.4972882
3232988639.5487947	0.0954761	0.1018977	0.2117840	0.3143967	0.0697053	0.1399673	0.2374937	0.2762803	0.0981328	0.1822644	0.4415835	0.5089511	0.0794068	0.1948990	0.4605740	0.4973037
3232988639.5586829	0.0954880	0.1018820	0.2117943	0.3143850	0.0697218	0.1399785	0.2375044	0.2763075	0.0981316	0.1822784	0.4415704	0.5089581	0.0794331	0.1948961	0.4605731	0.4972922
3232988639.5685711	0.0954763	0.1018942	0.2117910	0.3143823	0.0697207	0.1399843	0.2374967	0.2762982	0.0981406	0.1822758	0.4415699	0.5089395	0.0794276	0.1949065	0.4605571	0.4972993
3232988639.5784593	0.0954987	0.1018683	0.2117912	0.3143809	0.0696903	0.1399948	0.2375035	0.2763089	0.0981286	0.1822523	0.4415888	0.5089512	0.0794529	0.1948958	0.4605621	0.4973032
3232988639.5883474	0.0954747	0.1018939	0.2117924	0.3143654	0.0697054	0.1399783	0.2375174	0.2762961	0.0981477	0.1822702	0.4415767	0.5089445	0.0794279	0.1949306	0.4605644	0.4972845
3232988639.5982356	0.0954687	0.1018906	0.2117831	0.3143687	0.0697002	0.1399769	0.2374846	0.2762927	0.0981347	0.1822630	0.4416006	0.5089671	0.0794241	0.1949032	0.4605760	0.4973132
3232988639.6081238	0.0954740	0.1018928	0.2117880	0.3144046	0.0696975	0.1399693	0.2374779	0.2762967	0.0981391	0.1822625	0.4415889	0.5089475	0.0794265	0.1949108	0.4605771	0.4972893
3232988639.6180100	0.0954887	0.1018733	0.2117871	0.3143958	0.0697341	0.1399584	0.2374853	0.2763085	0.0981234	0.1822820	0.4415754	0.5089399	0.0794358	0.1949032	0.4605546	0.4972930
3232988639.6278982	0.0954973	0.1019042	0.2117770	0.3143943	0.0697273	0.1399735	0.2374928	0.2762891	0.0981298	0.1822739	0.4416153	0.5089597	0.0794256	0.1949137	0.4605765	0.4972910
3232988639.6377864	0.0954728	0.1018836	0.2118038	0.3143783	0.0696831	0.1399948	0.2374970	0.2762871	0.0981329	0.1822645	0.4415946	0.5089465	0.0794356	0.1948988	0.4605765	0.4973018
3232988639.6476746	0.0954874	0.1019013	0.2117672	0.3143967	0.0697150	0.1399791	0.2374945	0.2762964	0.0981187	0.1822738	0.4415888	0.5089517	0.0794432	0.1949182	0.4605721	0.4973132
3232988639.6575627	0.0954700	0.1018943	0.2117757	0.3143993	0.0697090	0.1399987	0.2375037	0.2763023	0.0981379	0.1822751	0.4415833	0.5089639	0.0794399	0.1949124	0.4605470	0.4973208
3232988639.6674509	0.0954822	0.1019162	0.2117940	0.3144040	0.0696990	0.1399745	0.2375128	0.2763042	0.0981466	0.1822716	0.4416007	0.5089584	0.0794477	0.1949236	0.4605732	0.4972967
3232988639.6773391	0.0954769	0.1018759	0.2117738	0.3144197	0.0696861	0.1399779	0.2375092	0.2762975	0.0981332	0.1822605	0.4415884	0.5089700	0.0794455	0.1949146	0.4605781	0.4973139
3232988639.6872272	0.0954700	0.1018922	0.2117932	0.3144200	0.0697112	0.1399812	0.2374837	0.2763061	0.0981541	0.1822750	0.4415854	0.5089602	0.0794478	0.1949088	0.4605686	0.4973300
3232988639.6971154	0.0954825	0.1018845	0.2117822	0.3143812	0.0696845	0.1399821	0.2374935	0.2763056	0.0981463	0.1822766	0.4415795	0.5089674	0.0794175	0.1949291	0.4605517	0.4973175
3232988639.7070036	0.0954817	0.1018973	0.2117853	0.3144087	0.0696997	0.1399769	0.2374965	0.2763096	0.0981389	0.1822802	0.4416115	0.5089695	0.0794413	0.1949179	0.4605786	0.4973127
3232988639.7168903	0.0954935	0.1018908	0.2118040	0.3144145	0.0697312	0.1399945	0.2374818	0.2763222	0.0981409	0.1822672	0.4415847	0.5089786	0.0794417	0.1948950	0.4605812	0.4973202
3232988639.7267785	0.0954906	0.1018923	0.2117760	0.3144130	0.0696916	0.1399832	0.2374875	0.2763163	0.0981112	0.1822829	0.4415958	0.5089710	0.0794424	0.1949184	0.4605872	0.4973217
3232988639.7366667	0.0954820	0.1018730	0.2117787	0.3143987	0.0697172	0.1399984	0.2375068	0.2763018	0.0981549	0.1822925	0.4415886	0.5089857	0.0794443	0.1949283	0.4605631	0.4973138
3232988639.7465548	0.0954618	0.1019033	0.2117731	0.3143980	0.0697146	0.1399999	0.2375208	0.2763126	0.0981341	0.1822865	0.4415987	0.5089805	0.0794469	0.1949194	0.4605829	0.4973085
3232988639.7564430	0.0954835	0.1019046	0.2117700	0.3144015	0.0697171	0.1399885	0.2374923	0.2763200	0.0981333	0.1822918	0.4415798	0.5089837	0.0794304	0.1949139	0.4605900	0.4973329
3232988639.7663312	0.0954767	0.1019035	0.2117842	0.3144211	0.0697069	0.1399715	0.2374927	0.2763066	0.0981329	0.1822637	0.4415945	0.5089952	0.0794462	0.1948915	0.4606008	0.4973159
3232988639.7762194	0.0954737	0.1019022	0.2117840	0.3144025	0.0697001	0.1400045	0.2374828	0.2762995	0.0981454	0.1822721	0.4415998	0.5089748	0.0794359	0.1949172	0.4605674	0.4973037
3232988639.7861075	0.0954877	0.1019084	0.2117711	0.3143956	0.0697086	0.1399850	0.2375063	0.2763041	0.0981341	0.1822805	0.4416010	0.5089925	0.0794574	0.1949060	0.4605945	0.4973341
3232988639.7959957	0.0954826	0.1018804	0.2117806	0.3144089	0.0696904	0.1399862	0.2375061	0.2763061	0.0981408	0.1822772	0.4416052	0.5089651	0.0794325	0.1949340	0.4605867	0.4973216
3232988639.8058839	0.0954962	0.1018995	0.2117712	0.3143883	0.0696982	0.1399735	0.2374781	0.2763081	0.0981422	0.1822751	0.4415964	0.5089801	0.0794347	0.1949087	0.4605839	0.4973316
3232988639.8157701	0.0954854	0.1018831	0.2117811	0.3143911	0.0696987	0.1399821	0.2375047	0.2763346	0.0981573	0.1822984	0.4415826	0.5089768	0.0794457	0.1949271	0.4605774	0.4973389
3232988639.8256583	0.0954761	0.1018921	0.2117847	0.3144131	0.0696981	0.1399984	0.2375185	0.2763295	0.0981323	0.1822818	0.4415844	0.5089771	0.0794444	0.1949227	0.4605688	0.4973246
3232988639.8355465	0.0954886	0.1018908	0.2117702	0.3144171	0.0697054	0.1399766	0.2374985	0.2763200	0.0981422	0.1823061	0.4416042	0.5089769	0.0794382	0.1949051	0.4605878	0.4973216
3232988639.8454347	0.0954782	0.1018979	0.2117753	0.3144089	0.0696977	0.1399768	0.2374949	0.2763014	0.0981326	0.1822767	0.4415959	0.5090000	0.0794316	0.1949144	0.4605767	0.4973468
3232988639.8553228	0.0954790	0.1019123	0.2117805	0.3143995	0.0696926	0.1399923	0.2374792	0.2763096	0.0981184	0.1822783	0.4415899	0.5089894	0.0794333	0.1949092	0.4605751	0.4973344
3232988639.8652110	0.0954851	0.1018926	0.2117608	0.3144194	0.0697159	0.1399931	0.2374943	0.2763078	0.0981398	0.1822807	0.4415963	0.5090068	0.0794206	0.1949318	0.4605612	0.4973401
3232988639.8750992	0.0954831	0.1019055	0.2118071	0.3144173	0.0697099	0.1399918	0.2374822	0.2763291	0.0981390	0.1822744	0.4415982	0.5089791	0.0794328	0.1949271	0.4605802	0.4973312
3232988639.8849874	0.0954949	0.1018992	0.2117950	0.3144247	0.0697224	0.1399804	0.2374977	0.2763203	0.0981244	0.1822963	0.4415791	0.5089835	0.0794423	0.1949197	0.4605647	0.4973390
3232988639.8948755	0.0954973	0.1018840	0.2117839	0.3144130	0.0697038	0.1399780	0.2374800	0.2763151	0.0981458	0.1822947	0.4415838	0.5089783	0.0794215	0.1949388	0.4605814	0.4973277
3232988639.9047637	0.0954946	0.1018892	0.2117810	0.3144267	0.0696870	0.1399757	0.2374885	0.2763119	0.0981390	0.1822882	0.4415920	0.5089873	0.0794376	0.1949236	0.4605646	0.4973341
3232988639.9146500	0.0954701	0.1019022	0.2117611	0.3144038	0.0697127	0.1399957	0.2374967	0.2763222	0.0981359	0.1822732	0.4415749	0.5090062	0.0794406	0.1949246	0.4605782	0.4973317
3232988639.9245381	0.0954854	0.1019007	0.2117675	0.3144290	0.0696933	0.1399996	0.2374849	0.2763169	0.0981413	0.1822691	0.4415858	0.5090052	0.0794517	0.1949299	0.4605811	0.4973344
3232988639.9344263	0.0954798	0.1019240	0.2117678	0.3144193	0.0696925	0.1399955	0.2375111	0.2763398	0.0981430	0.1822764	0.4415793	0.5090078	0.0794535	0.1949389	0.4605819	0.4973309
3232988639.9443145	0.0954889	0.1018931	0.2118006	0.3144133	0.0697179	0.1399890	0.2374894	0.2763319	0.0981247	0.1822818	0.4415848	0.5089886	0.0794457	0.1949416	0.4605815	0.4973690
3232988639.9542026	0.0954805	0.1019015	0.2117799	0.3144338	0.0696908	0.1399869	0.2374977	0.2763273	0.0981167	0.1823112	0.4415906	0.5090023	0.0794316	0.1949264	0.4605542	0.4973373
3232988639.9640908	0.0954792	0.1018965	0.2117701	0.3144026	0.0697136	0.1399911	0.2374902	0.2763139	0.0981310	0.1822876	0.4415921	0.5090246	0.0794239	0.1949341	0.4605661	0.4973486
3232988639.9739790	0.0954569	0.1019069	0.2117840	0.3144152	0.0696984	0.1399923	0.2374977	0.2763373	0.0981566	0.1822817	0.4415940	0.5090167	0.0794541	0.1949258	0.4605587	0.4973458
3232988639.9838672	0.0954794	0.1019179	0.2117918	0.3144248	0.0697143	0.1399948	0.2374979	0.2763149	0.0981445	0.1822870	0.4415766	0.5090164	0.0794237	0.1949364	0.4605715	0.4973648
3232988639.9937553	0.0954736	0.1019020	0.2117818	0.3144269	0.0696846	0.1399821	0.2375082	0.2763118	0.0981321	0.1823037	0.4415904	0.5090167	0.0794463	0.1949440	0.4605784	0.4973463
3232988640.0036435	0.0954765	0.1018946	0.2117810	0.3144462	0.0697056	0.1399921	0.2374997	0.2763258	0.0981403	0.1822965	0.4415932	0.5090182	0.0794265	0.1949329	0.4605628	0.4973581
3232988640.0135303	0.0954752	0.1019018	0.2117873	0.3144260	0.0696963	0.1399950	0.2374793	0.2763435	0.0981333	0.1823131	0.4415833	0.5090108	0.0794492	0.1949324	0.4605525	0.4973512
3232988640.0234184	0.0954784	0.1019089	0.2117724	0.3144230	0.0696992	0.1399930	0.2374899	0.2763183	0.0981337	0.1822973	0.4415704	0.5090308	0.0794329	0.1949202	0.4605503	0.4973605
3232988640.0333066	0.0954751	0.1018974	0.2117848	0.3144514	0.0697306	0.1399743	0.2375015	0.2763169	0.0981277	0.1822909	0.4415923	0.5090261	0.0794508	0.1949389	0.4605592	0.4973658
3232988640.0431948	0.0954954	0.1019022	0.2117971	0.3144571	0.0697148	0.1399908	0.2375072	0.2763393	0.0981507	0.1822750	0.4415940	0.5090364	0.0794463	0.1949412	0.4605722	0.4973723
3232988640.0530829	0.0954893	0.1019008	0.2117762	0.3144369	0.0697044	0.1399914	0.2374894	0.2763369	0.0981336	0.1822940	0.4415845	0.5090456	0.0794459	0.1949390	0.4605734	0.4973706
3232988640.0629711	0.0954721	0.1019225	0.2117753	0.3144370	0.0696912	0.1399916	0.2374972	0.2763546	0.0981276	0.1822991	0.4415688	0.5090202	0.0794595	0.1949427	0.4605787	0.4973846
3232988640.0728593	0.0954906	0.1018882	0.2117760	0.3144291	0.0696927	0.1400084	0.2374918	0.2763362	0.0981196	0.1822785	0.4415950	0.5090257	0.0794282	0.1949154	0.4605721	0.4973673
3232988640.0827475	0.0954834	0.1019102	0.2118001	0.3144396	0.0696880	0.1399938	0.2374982	0.2763574	0.0981308	0.1823115	0.4415922	0.5090435	0.0794423	0.1949268	0.4605655	0.4974079
3232988640.0926356	0.0954959	0.1019223	0.2117753	0.3144342	0.0696964	0.1399902	0.2374943	0.2763504	0.0981439	0.1822977	0.4416073	0.5090285	0.0794457	0.1949280	0.4605701	0.4973821
3232988640.1025238	0.0954897	0.1019078	0.2117803	0.3144382	0.0696939	0.1399993	0.2374893	0.2763440	0.0981483	0.1823041	0.4416196	0.5090640	0.0794369	0.1949409	0.4605959	0.4973724
3232988640.1124101	0.0954810	0.1019156	0.2117727	0.3144088	0.0696972	0.1399801	0.2374909	0.2763275	0.0981290	0.1823059	0.4416138	0.5090359	0.0794490	0.1949529	0.4605757	0.4973882
3232988640.1222982	0.0954897	0.1019116	0.2117958	0.3144410	0.0696980	0.1400039	0.2374844	0.2763447	0.0981535	0.1822892	0.4416015	0.5090391	0.0794224	0.1949397	0.4605654	0.4973781
3232988640.1321864	0.0954643	0.1019171	0.2117802	0.3144627	0.0697161	0.1400096	0.2374931	0.2763512	0.0981479	0.1822981	0.4415965	0.5090369	0.0794338	0.1949377	0.4605701	0.4973806
3232988640.1420746	0.0954901	0.1019257	0.2117841	0.3144465	0.0697050	0.1400015	0.2374834	0.2763477	0.0981417	0.1823207	0.4415839	0.5090468	0.0794256	0.1949430	0.4605850	0.4973863
3232988640.1519628	0.0954798	0.1019112	0.2117767	0.3144427	0.0697139	0.1400046	0.2374908	0.2763349	0.0981456	0.1823128	0.4416121	0.5090366	0.0794481	0.1949323	0.4605840	0.4974013
3232988640.1618509	0.0955117	0.1019164	0.2117942	0.3144370	0.0697142	0.1400002	0.2375098	0.2763448	0.0981433	0.1823245	0.4415908	0.5090504	0.0794380	0.1949554	0.4605837	0.4973907
3232988640.1717391	0.0954850	0.1019257	0.2117760	0.3144421	0.0697088	0.1399998	0.2375101	0.2763339	0.0980982	0.1823022	0.4415834	0.5090486	0.0794458	0.1949506	0.4605761	0.4973931
3232988640.1816273	0.0954707	0.1019028	0.2117867	0.3144556	0.0697070	0.1399905	0.2375016	0.2763573	0.0981312	0.1823114	0.4415866	0.5090476	0.0794405	0.1949289	0.4605621	0.4973933
3232988640.1915154	0.0954852	0.1018963	0.2118089	0.3144621	0.0696799	0.1399851	0.2375096	0.2763419	0.0981339	0.1823079	0.4416057	0.5090547	0.0794199	0.1949498	0.4605815	0.4974011
3232988640.2014036	0.0954883	0.1019061	0.2117780	0.3144429	0.0696942	0.1400055	0.2375066	0.2763404	0.0981326	0.1823200	0.4415846	0.5090464	0.0794353	0.1949387	0.4605689	0.4973877
3232988640.2112899	0.0954781	0.1019046	0.2117900	0.3144666	0.0696982	0.1399911	0.2375052	0.2763584	0.0981228	0.1822968	0.4415989	0.5090347	0.0794235	0.1949559	0.4605764	0.4973935
3232988640.2211781	0.0954792	0.1018868	0.2117857	0.3144517	0.0696999	0.1399974	0.2374788	0.2763459	0.0981257	0.1823060	0.4415906	0.5090669	0.0794369	0.1949567	0.4605710	0.4974131
3232988640.2310662	0.0954929	0.1019153	0.2117796	0.3144570	0.0696970	0.1400189	0.2375026	0.2763487	0.0981339	0.1823065	0.4415860	0.5090518	0.0794262	0.1949376	0.4605568	0.4974025
3232988640.2409544	0.0954880	0.1019042	0.2117907	0.3144677	0.0697254	0.1400012	0.2374879	0.2763738	0.0981416	0.1823205	0.4415972	0.5090804	0.0794603	0.1949396	0.4605859	0.4974089
3232988640.2508426	0.0954901	0.1018965	0.2117705	0.3144721	0.0697056	0.1400065	0.2374865	0.2763699	0.0981394	0.1823262	0.4415900	0.5090541	0.0794241	0.1949453	0.4605721	0.4974049
3232988640.2607307	0.0954787	0.1019105	0.2117915	0.3144507	0.0697032	0.1400044	0.2375037	0.2763694	0.0981265	0.1823122	0.4416009	0.5090735	0.0794467	0.1949306	0.4605875	0.4974020
3232988640.2706189	0.0954888	0.1019189	0.2117932	0.3144545	0.0697092	0.1400156	0.2375047	0.2763552	0.0981103	0.1823023	0.4415928	0.5090698	0.0794243	0.1949634	0.4605772	0.4974053
3232988640.2805071	0.0954873	0.1019173	0.2117783	0.3144615	0.0697135	0.1400122	0.2374947	0.2763637	0.0981403	0.1823084	0.4415991	0.5090654	0.0794286	0.1949406	0.4605764	0.4973946
3232988640.2903953	0.0954916	0.1018982	0.2117900	0.3144645	0.0697172	0.1400105	0.2374932	0.2763677	0.0981309	0.1823086	0.4415936	0.5090746	0.0794444	0.1949446	0.4605690	0.4974114
3232988640.3002834	0.0954838	0.1019257	0.2117937	0.3144634	0.0697354	0.1400098	0.2374864	0.2763519	0.0981392	0.1823093	0.4416058	0.5090749	0.0794177	0.1949596	0.4605906	0.4974271
3232988640.3101702	0.0954828	0.1019091	0.2117869	0.3144811	0.0697181	0.1400191	0.2375023	0.2763792	0.0981326	0.1822997	0.4415928	0.5090757	0.0794458	0.1949699	0.4605885	0.4974132
3232988640.3200583	0.0954835	0.1019096	0.2117951	0.3144657	0.0697133	0.1400134	0.2374886	0.2763700	0.0981174	0.1823115	0.4415853	0.5090668	0.0794469	0.1949510	0.4605644	0.4974184
3232988640.3299465	0.0954813	0.1019194	0.2117816	0.3144644	0.0696996	0.1400224	0.2375071	0.2763615	0.0981086	0.1823151	0.4416121	0.5090809	0.0794416	0.1949500	0.4605905	0.4974371
3232988640.3398347	0.0954836	0.1019300	0.2117736	0.3144577	0.0696986	0.1400074	0.2375088	0.2763593	0.0981282	0.1823042	0.4416080	0.5090809	0.0794301	0.1949623	0.4605976	0.4974270
3232988640.3497229	0.0954969	0.1019115	0.2117887	0.3144827	0.0697074	0.1400130	0.2374994	0.2763604	0.0981230	0.1823118	0.4416009	0.5090779	0.0794477	0.1949560	0.4605843	0.4974463
3232988640.3596110	0.0954972	0.1019090	0.2117910	0.3144710	0.0697055	0.1400157	0.2375065	0.2763723	0.0981189	0.1823083	0.4416189	0.5090714	0.0794339	0.1949304	0.4606086	0.4974326
3232988640.3694992	0.0954753	0.1019143	0.2117866	0.3144617	0.0697034	0.1400198	0.2374846	0.2763763	0.0981325	0.1823197	0.4416108	0.5090841	0.0794349	0.1949610	0.4605987	0.4974074
3232988640.3793874	0.0954749	0.1019229	0.2118111	0.3144826	0.0697060	0.1400162	0.2374900	0.2763644	0.0981122	0.1823046	0.4416008	0.5090900	0.0794430	0.1949527	0.4605852	0.4974170
3232988640.3892755	0.0954820	0.1019028	0.2117806	0.3144705	0.0696961	0.1400230	0.2374884	0.2763735	0.0981351	0.1823224	0.4416075	0.5090865	0.0794348	0.1949591	0.4605737	0.4974376
3232988640.3991637	0.0954713	0.1019177	0.2117826	0.3144752	0.0696875	0.1400066	0.2374999	0.2763627	0.0981483	0.1823260	0.4415927	0.5090868	0.0794524	0.1949581	0.4605864	0.4974190
3232988640.4090500	0.0954805	0.1019179	0.2117980	0.3144604	0.0697088	0.1400268	0.2374932	0.2763797	0.0981641	0.1823185	0.4416185	0.5090973	0.0794299	0.1949751	0.4605857	0.4974225
3232988640.4189382	0.0954675	0.1019286	0.2117893	0.3144762	0.0697107	0.1400016	0.2375112	0.2763811	0.0981394	0.1823168	0.4416082	0.5090923	0.0794334	0.1949760	0.4605849	0.4974285
3232988640.4288263	0.0954809	0.1019311	0.2117956	0.3144878	0.0697087	0.1400265	0.2374968	0.2763884	0.0981376	0.1823174	0.4415997	0.5091014	0.0794419	0.1949654	0.4605751	0.4974281
3232988640.4387145	0.0954859	0.1019213	0.2117777	0.3144688	0.0696970	0.1400097	0.2375089	0.2763678	0.0981561	0.1823247	0.4415932	0.5090938	0.0794264	0.1949553	0.4605905	0.4974346
3232988640.4486027	0.0954816	0.1019016	0.2117924	0.3144689	0.0697007	0.1400079	0.2375016	0.2763610	0.0981339	0.1823210	0.4416028	0.5091038	0.0794449	0.1949499	0.4605924	0.4974526
3232988640.4584908	0.0954792	0.1019281	0.2117795	0.3144738	0.0697121	0.1400057	0.2375118	0.2763848	0.0981209	0.1823294	0.4416110	0.5090858	0.0794209	0.1949474	0.4605811	0.4974064
3232988640.4683790	0.0954761	0.1019177	0.2117948	0.3145020	0.0696977	0.1400188	0.2375046	0.2763522	0.0981196	0.1823175	0.4416144	0.5090815	0.0794273	0.1949785	0.4606000	0.4974390
3232988640.4782672	0.0954922	0.1019106	0.2117751	0.3144972	0.0697104	0.1400099	0.2374963	0.2763805	0.0981436	0.1823212	0.4416136	0.5091062	0.0794400	0.1949744	0.4605863	0.4974595
3232988640.4881554	0.0954751	0.1019126	0.2117787	0.3144625	0.0696937	0.1400196	0.2374981	0.2763759	0.0981454	0.1823127	0.4416049	0.5091297	0.0794560	0.1949633	0.4605766	0.4974559
3232988640.4980435	0.0954832	0.1019001	0.2117758	0.3145000	0.0696848	0.1400168	0.2374923	0.2763841	0.0981403	0.1823227	0.4416198	0.5091049	0.0794287	0.1949774	0.4605930	0.4974528
3232988640.5079303	0.0954756	0.1019181	0.2117912	0.3144581	0.0697181	0.1400110	0.2375066	0.2763658	0.0981416	0.1823371	0.4416041	0.5091188	0.0794479	0.1949723	0.4605926	0.4974627
3232988640.5178184	0.0954919	0.1019289	0.2117813	0.3144781	0.0697154	0.1400231	0.2375026	0.2763852	0.0981499	0.1823160	0.4416105	0.5091084	0.0794302	0.1949548	0.4606102	0.4974460
3232988640.5277066	0.0954816	0.1019128	0.2117681	0.3144848	0.0696849	0.1400117	0.2375053	0.2763659	0.0981478	0.1823481	0.4416260	0.5091146	0.0794604	0.1949788	0.4605968	0.4974790
3232988640.5375948	0.0954925	0.1019208	0.2117738	0.3144775	0.0697008	0.1400146	0.2374951	0.2763874	0.0981418	0.1823377	0.4415997	0.5091128	0.0794382	0.1949593	0.4605857	0.4974452
3232988640.5474830	0.0954712	0.1019077	0.2117706	0.3144841	0.0696904	0.1400114	0.2374879	0.2763825	0.0981408	0.1823369	0.4415917	0.5091205	0.0794263	0.1949800	0.4605803	0.4974483
3232988640.5573711	0.0954876	0.1019249	0.2117909	0.3144817	0.0697073	0.1400328	0.2374903	0.2763953	0.0981249	0.1823329	0.4416150	0.5091295	0.0794413	0.1949636	0.4605803	0.4974710
3232988640.5672593	0.0954785	0.1019192	0.2117833	0.3144756	0.0697039	0.1400215	0.2375027	0.2763925	0.0981364	0.1823307	0.4416168	0.5091061	0.0794338	0.1949586	0.4606116	0.4974713
3232988640.5771475	0.0954855	0.1019126	0.2118002	0.3144826	0.0696984	0.1400215	0.2374955	0.2763625	0.0981370	0.1823489	0.4416013	0.5091105	0.0794313	0.1949640	0.4605892	0.4974573
3232988640.5870357	0.0954843	0.1019218	0.2117958	0.3144807	0.0697114	0.1400185	0.2374815	0.2763872	0.0981578	0.1823287	0.4416143	0.5091204	0.0794375	0.1949640	0.4606029	0.4974581
3232988640.5969238	0.0954835	0.1019189	0.2117877	0.3144794	0.0697023	0.1400115	0.2374987	0.2763807	0.0981658	0.1823467	0.4416072	0.5091043	0.0794261	0.1949790	0.4606142	0.4974561
3232988640.6068101	0.0954824	0.1019154	0.2117789	0.3144883	0.0696936	0.1400048	0.2374809	0.2763882	0.0981367	0.1823317	0.4416115	0.5091239	0.0794311	0.1949683	0.4605863	0.4974743
3232988640.6166983	0.0954933	0.1019207	0.2117843	0.3144827	0.0697236	0.1400261	0.2375095	0.2763657	0.0981392	0.1823500	0.4416166	0.5091242	0.0794368	0.1949691	0.4605859	0.4974720
3232988640.6265864	0.0954807	0.1019286	0.2117864	0.3144743	0.0697149	0.1400241	0.2374981	0.2763711	0.0981400	0.1823360	0.4416168	0.5091349	0.0794590	0.1949661	0.4606149	0.4974500
3232988640.6364746	0.0954739	0.1019165	0.2117947	0.3144916	0.0696970	0.1400181	0.2374943	0.2763730	0.0981526	0.1823250	0.4416074	0.5091166	0.0794482	0.1949582	0.4606105	0.4974631
3232988640.6463628	0.0954773	0.1019300	0.2117772	0.3144773	0.0697190	0.1400172	0.2374918	0.2763726	0.0981572	0.1823309	0.4416001	0.5091079	0.0794471	0.1949715	0.4605924	0.4974706
3232988640.6562510	0.0954920	0.1018946	0.2117699	0.3144695	0.0696901	0.1400077	0.2375057	0.2763665	0.0981455	0.1823265	0.4416027	0.5091245	0.0794231	0.1949632	0.4606169	0.4974422
3232988640.6661391	0.0954813	0.1019128	0.2117795	0.3144652	0.0697018	0.1400071	0.2374980	0.2763768	0.0981369	0.1823235	0.4416102	0.5090989	0.0794471	0.1949821	0.4606031	0.4974515
3232988640.6760273	0.0954860	0.1019141	0.2117808	0.3144785	0.0696977	0.1400168	0.2374916	0.2763855	0.0981435	0.1823314	0.4416040	0.5091139	0.0794439	0.1949585	0.4605922	0.4974618
3232988640.6859155	0.0954970	0.1019168	0.2118037	0.3144761	0.0697165	0.1400254	0.2375157	0.2763827	0.0981594	0.1823427	0.4416072	0.5091057	0.0794430	0.1949680	0.4605866	0.4974427
3232988640.6958036	0.0954618	0.1019149	0.2117858	0.3145030	0.0697131	0.1400230	0.2374906	0.2763715	0.0981468	0.1823361	0.4416267	0.5090971	0.0794413	0.1949610	0.4605685	0.4974412
3232988640.7056899	0.0954696	0.1019129	0.2117911	0.3144759	0.0697050	0.1400142	0.2374835	0.2763793	0.0981413	0.1823453	0.4415915	0.5091007	0.0794402	0.1949646	0.4605849	0.4974346
3232988640.7155781	0.0954763	0.1019145	0.2117852	0.3144954	0.0696982	0.1400058	0.2375073	0.2763682	0.0981457	0.1823432	0.4415895	0.5090974	0.0794338	0.1949659	0.4605815	0.4974788
3232988640.7254662	0.0954751	0.1019130	0.2117965	0.3144941	0.0697155	0.1400108	0.2374974	0.2763732	0.0981381	0.1823320	0.4415935	0.5091068	0.0794225	0.1949586	0.4605888	0.4974648
3232988640.7353544	0.0954960	0.1019366	0.2117822	0.3144797	0.0697187	0.1400145	0.2374983	0.2763792	0.0981500	0.1823420	0.4415913	0.5090861	0.0794286	0.1949740	0.4606050	0.4974432
3232988640.7452426	0.0954888	0.1019056	0.2117856	0.3144647	0.0696931	0.1400127	0.2375109	0.2763848	0.0981256	0.1823292	0.4415900	0.5091055	0.0794359	0.1949654	0.4605985	0.4974388
3232988640.7551308	0.0954744	0.1019353	0.2117839	0.3144739	0.0696991	0.1400140	0.2374860	0.2763630	0.0981463	0.1823224	0.4416023	0.5091143	0.0794430	0.1949602	0.4605972	0.4974381
3232988640.7650189	0.0954738	0.1019128	0.2117740	0.3144701	0.0697121	0.1400125	0.2374867	0.2763835	0.0981460	0.1823235	0.4415950	0.5090973	0.0794372	0.1949504	0.4605837	0.4974425
3232988640.7749071	0.0954734	0.1019428	0.2117751	0.3144713	0.0696835	0.1400150	0.2374910	0.2763651	0.0981479	0.1823247	0.4416027	0.5090982	0.0794462	0.1949767	0.4605845	0.4974423
3232988640.7847953	0.0954846	0.1019173	0.2117875	0.3144760	0.0696901	0.1400245	0.2374906	0.2763773	0.0981526	0.1823472	0.4416116	0.5091028	0.0794323	0.1949520	0.4605760	0.4974613
3232988640.7946835	0.0954854	0.1019180	0.2117856	0.3144805	0.0697113	0.1400211	0.2375106	0.2763775	0.0981491	0.1823224	0.4416105	0.5091098	0.0794399	0.1949835	0.4605883	0.4974563
3232988640.8045702	0.0954788	0.1019110	0.2117844	0.3144846	0.0696811	0.1400265	0.2375189	0.2763592	0.0981424	0.1823435	0.4415997	0.5091202	0.0794358	0.1949517	0.4605872	0.4974601
3232988640.8144584	0.0954841	0.1019199	0.2117776	0.3144783	0.0696920	0.1400210	0.2374854	0.2763698	0.0981356	0.1823322	0.4415903	0.5091161	0.0794367	0.1949990	0.4606036	0.4974434
3232988640.8243465	0.0954827	0.1019155	0.2117909	0.3144911	0.0697126	0.1400120	0.2375136	0.2763799	0.0981405	0.1823354	0.4416046	0.5091019	0.0794419	0.1949906	0.4605795	0.4974529
3232988640.8342347	0.0954958	0.1019231	0.2117977	0.3144678	0.0696851	0.1400126	0.2374879	0.2763698	0.0981212	0.1823303	0.4416141	0.5091063	0.0794390	0.1949653	0.4606221	0.4974628
3232988640.8441229	0.0954787	0.1019117	0.2118002	0.3144794	0.0697072	0.1400223	0.2375163	0.2763735	0.0981386	0.1823308	0.4416116	0.5091067	0.0794441	0.1949710	0.4605913	0.4974893
3232988640.8540111	0.0954710	0.1019363	0.2117715	0.3144902	0.0697002	0.1400184	0.2375082	0.2763785	0.0981457	0.1823368	0.4416164	0.5091197	0.0794425	0.1949764	0.4605957	0.4974541
3232988640.8638992	0.0954858	0.1019207	0.2117838	0.3144797	0.0696943	0.1400030	0.2374940	0.2763718	0.0981368	0.1823441	0.4416131	0.5091263	0.0794463	0.1949512	0.4606076	0.4974761
3232988640.8737874	0.0954663	0.1019117	0.2117810	0.3144732	0.0696812	0.1400185	0.2374987	0.2763693	0.0981488	0.1823349	0.4416168	0.5091192	0.0794362	0.1949735	0.4606104	0.4974583
3232988640.8836756	0.0954720	0.1019175	0.2117853	0.3144758	0.0697121	0.1400287	0.2375120	0.2763866	0.0981388	0.1823377	0.4416365	0.5091178	0.0794369	0.1949851	0.4606236	0.4974707
3232988640.8935637	0.0954853	0.1019274	0.2117901	0.3144909	0.0697049	0.1400188	0.2374754	0.2763738	0.0981497	0.1823434	0.4416269	0.5091128	0.0794630	0.1949674	0.4606102	0.4974650
3232988640.9034500	0.0954785	0.1019156	0.2117835	0.3144902	0.0697223	0.1400282	0.2374982	0.2763889	0.0981243	0.1823414	0.4416339	0.5091151	0.0794452	0.1949608	0.4606109	0.4974542
3232988640.9133382	0.0954881	0.1019068	0.2117871	0.3144837	0.0696989	0.1400191	0.2375102	0.2763677	0.0981392	0.1823301	0.4416238	0.5091049	0.0794285	0.1949738	0.4606181	0.4974522
3232988640.9232264	0.0954761	0.1019164	0.2117828	0.3144825	0.0697113	0.1400157	0.2374853	0.2764031	0.0981452	0.1823420	0.4416121	0.5091078	0.0794472	0.1949729	0.4606145	0.4974448
3232988640.9331145	0.0955025	0.1019253	0.2117748	0.3144799	0.0697199	0.1400215	0.2375011	0.2763782	0.0981406	0.1823423	0.4416359	0.5090834	0.0794596	0.1949592	0.4606052	0.4974390
3232988640.9430027	0.0954796	0.1019222	0.2117881	0.3144674	0.0697057	0.1400037	0.2375035	0.2763933	0.0981590	0.1823139	0.4416203	0.5090902	0.0794473	0.1949684	0.4605947	0.4974481
3232988640.9528909	0.0955001	0.1019192	0.2117941	0.3145068	0.0696941	0.1400257	0.2374964	0.2763743	0.0981485	0.1823161	0.4416067	0.5090892	0.0794429	0.1949472	0.4606004	0.4974190
3232988640.9627790	0.0954936	0.1019155	0.2117836	0.3144931	0.0697229	0.1400135	0.2374919	0.2763739	0.0981496	0.1823260	0.4415953	0.5090613	0.0794278	0.1949688	0.4606131	0.4974262
3232988640.9726672	0.0954948	0.1019138	0.2118034	0.3144667	0.0697005	0.1400287	0.2375191	0.2763572	0.0981478	0.1823322	0.4415798	0.5090823	0.0794350	0.1949521	0.4605823	0.4974081
3232988640.9825554	0.0954768	0.1019176	0.2117991	0.3144787	0.0697147	0.1400302	0.2375014	0.2763893	0.0981290	0.1823246	0.4415877	0.5090765	0.0794487	0.1949504	0.4605786	0.4974250
3232988640.9924436	0.0954817	0.1019132	0.2117911	0.3144828	0.0697020	0.1400236	0.2375054	0.2763853	0.0981191	0.1823164	0.4415900	0.5090809	0.0794399	0.1949608	0.4605717	0.4974344
3232988641.0023303	0.0954805	0.1019374	0.2117886	0.3144788	0.0697193	0.1400279	0.2375057	0.2763986	0.0981549	0.1823368	0.4415801	0.5090766	0.0794427	0.1949651	0.4605818	0.4974090
3232988641.0122185	0.0954963	0.1019225	0.2117919	0.3144667	0.0697246	0.1400208	0.2375288	0.2763740	0.0981423	0.1823217	0.4415716	0.5090679	0.0794458	0.1949611	0.4605844	0.4974318
3232988641.0221066	0.0954824	0.1019208	0.2117822	0.3144715	0.0697120	0.1400175	0.2375130	0.2763862	0.0981358	0.1823136	0.4415710	0.5090674	0.0794354	0.1949623	0.4605589	0.4974348
3232988641.0319948	0.0954811	0.1019214	0.2117796	0.3144793	0.0696878	0.1400328	0.2374996	0.2763819	0.0981431	0.1823306	0.4415869	0.5090949	0.0794297	0.1949384	0.4605706	0.4974056
3232988641.0418830	0.0954761	0.1019177	0.2117749	0.3144815	0.0697060	0.1400131	0.2375148	0.2763711	0.0981428	0.1823313	0.4415722	0.5090737	0.0794429	0.1949543	0.4605735	0.4974190
3232988641.0517712	0.0954978	0.1019271	0.2118034	0.3145001	0.0696957	0.1399991	0.2375159	0.2763815	0.0981540	0.1823345	0.4415909	0.5090818	0.0794345	0.1949712	0.4605735	0.4974252
3232988641.0616593	0.0954883	0.1019283	0.2117837	0.3144860	0.0697004	0.1400278	0.2374993	0.2763940	0.0981488	0.1823244	0.4416059	0.5090789	0.0794383	0.1949629	0.4605782	0.4974142
3232988641.0715475	0.0954742	0.1019281	0.2117907	0.3144795	0.0697118	0.1400113	0.2374997	0.2763800	0.0981510	0.1823224	0.4416089	0.5090922	0.0794294	0.1949544	0.4605701	0.4974339
3232988641.0814357	0.0954959	0.1019143	0.2117833	0.3144857	0.0697042	0.1400119	0.2374955	0.2763885	0.0981371	0.1823145	0.4415916	0.5090871	0.0794168	0.1949440	0.4605817	0.4974232
3232988641.0913239	0.0954765	0.1019287	0.2117926	0.3144949	0.0697266	0.1400001	0.2375145	0.2763734	0.0981385	0.1823173	0.4415867	0.5090893	0.0794334	0.1949589	0.4605795	0.4974312
3232988641.1012101	0.0954882	0.1019211	0.2117984	0.3145151	0.0697311	0.1400310	0.2375143	0.2763729	0.0981216	0.1823111	0.4416081	0.5090913	0.0794313	0.1949792	0.4605637	0.4974301
3232988641.1110983	0.0954819	0.1019255	0.2117950	0.3145039	0.0697073	0.1400288	0.2375068	0.2763756	0.0981335	0.1823204	0.4416077	0.5091016	0.0794318	0.1949837	0.4605736	0.4974494
3232988641.1209865	0.0954914	0.1019156	0.2118052	0.3144878	0.0696945	0.1400177	0.2375109	0.2763902	0.0981567	0.1823241	0.4415959	0.5091182	0.0794387	0.1949789	0.4605899	0.4974553
3232988641.1308746	0.0954837	0.1019224	0.2117963	0.3145137	0.0697112	0.1400099	0.2375082	0.2763890	0.0981232	0.1823309	0.4415893	0.5091159	0.0794391	0.1949626	0.4605737	0.4974621
3232988641.1407628	0.0954811	0.1019224	0.2118007	0.3144782	0.0696932	0.1400295	0.2374961	0.2763776	0.0981390	0.1823344	0.4416068	0.5091121	0.0794264	0.1949704	0.4605864	0.4974532
3232988641.1506510	0.0954883	0.1019238	0.2117962	0.3144836	0.0697239	0.1400102	0.2375255	0.2763936	0.0981434	0.1823306	0.4416280	0.5091349	0.0794238	0.1949714	0.4605928	0.4974594
3232988641.1605391	0.0954841	0.1019077	0.2118106	0.3144832	0.0697079	0.1400109	0.2375039	0.2763803	0.0981479	0.1823301	0.4415984	0.5091008	0.0794366	0.1949802	0.4605948	0.4974443
3232988641.1704273	0.0954794	0.1019319	0.2117857	0.3144762	0.0697045	0.1400114	0.2374988	0.2763623	0.0981381	0.1823287	0.4416206	0.5091420	0.0794271	0.1949739	0.4606091	0.4974735
3232988641.1803155	0.0954706	0.1018901	0.2117760	0.3144716	0.0697065	0.1400290	0.2375045	0.2763701	0.0981345	0.1823343	0.4416097	0.5091148	0.0794303	0.1949642	0.4606170	0.4974580
3232988641.1902037	0.0954666	0.1019057	0.2117731	0.3144780	0.0697068	0.1400032	0.2374993	0.2763609	0.0981299	0.1823273	0.4416405	0.5091160	0.0794301	0.1949729	0.4606108	0.4974518
3232988641.2000899	0.0954813	0.1019200	0.2117914	0.3144662	0.0697067	0.1400228	0.2375089	0.2763713	0.0981510	0.1823154	0.4416488	0.5091099	0.0794520	0.1949680	0.4606087	0.4974436
3232988641.2099781	0.0954795	0.1019190	0.2117849	0.3144760	0.0696928	0.1400376	0.2374940	0.2763639	0.0981363	0.1823301	0.4416337	0.5091305	0.0794311	0.1949699	0.4606236	0.4974558
3232988641.2198663	0.0954910	0.1019222	0.2117817	0.3144729	0.0697032	0.1400004	0.2374926	0.2763735	0.0981332	0.1823332	0.4416358	0.5091127	0.0794451	0.1949672	0.4606162	0.4974509
3232988641.2297544	0.0954887	0.1019180	0.2117721	0.3144816	0.0697120	0.1399978	0.2374968	0.2763630	0.0981370	0.1823089	0.4416355	0.5090934	0.0794309	0.1949693	0.4606162	0.4974572
3232988641.2396426	0.0954712	0.1019232	0.2117877	0.3144494	0.0696933	0.1399997	0.2374922	0.2763661	0.0981569	0.1823221	0.4416106	0.5090952	0.0794318	0.1949737	0.4606094	0.4974249
3232988641.2495308	0.0954875	0.1019127	0.2117836	0.3144643	0.0697147	0.1400139	0.2374981	0.2763709	0.0981429	0.1823280	0.4416265	0.5090835	0.0794407	0.1949768	0.4606223	0.4974543
3232988641.2594190	0.0954862	0.1019151	0.2117917	0.3144631	0.0697140	0.1400052	0.2375035	0.2763559	0.0981440	0.1823285	0.4416331	0.5090808	0.0794547	0.1949760	0.4606223	0.4974372
3232988641.2693071	0.0954919	0.1019070	0.2118029	0.3144684	0.0697048	0.1400219	0.2374844	0.2763823	0.0981590	0.1823198	0.4416404	0.5090830	0.0794309	0.1949605	0.4606203	0.4974369
3232988641.2791953	0.0955043	0.1019136	0.2117777	0.3144580	0.0697085	0.1400208	0.2375060	0.2763425	0.0981475	0.1823365	0.4416055	0.5091006	0.0794298	0.1949687	0.4606078	0.4974519
3232988641.2890835	0.0954639	0.1019088	0.2117876	0.3144503	0.0696825	0.1400135	0.2375056	0.2763752	0.0981337	0.1823344	0.4416336	0.5091119	0.0794364	0.1949654	0.4606104	0.4974317
3232988641.2989702	0.0954780	0.1018954	0.2117902	0.3144727	0.0697003	0.1400129	0.2374984	0.2763499	0.0981425	0.1823318	0.4416301	0.5090876	0.0794375	0.1949488	0.4606126	0.4974404
3232988641.3088584	0.0954975	0.1019262	0.2117805	0.3144662	0.0696947	0.1400208	0.2375166	0.2763797	0.0981435	0.1823191	0.4416177	0.5090833	0.0794443	0.1949758	0.4605940	0.4974333
3232988641.3187466	0.0954909	0.1019178	0.2117674	0.3144638	0.0697116	0.1400336	0.2375157	0.2763448	0.0981510	0.1823276	0.4416089	0.5090641	0.0794482	0.1949588	0.4606178	0.4974338
3232988641.3286347	0.0954935	0.1019157	0.2117860	0.3144626	0.0697054	0.1400131	0.2374728	0.2763512	0.0981500	0.1823114	0.4416121	0.5090718	0.0794520	0.1949708	0.4606143	0.4974247
3232988641.3385229	0.0954976	0.1019264	0.2117849	0.3144442	0.0696915	0.1400108	0.2375064	0.2763516	0.0981235	0.1823048	0.4416407	0.5090827	0.0794493	0.1949468	0.4606069	0.4974380
3232988641.3484111	0.0954837	0.1019067	0.2118016	0.3144626	0.0696709	0.1399989	0.2374984	0.2763587	0.0981412	0.1823331	0.4416242	0.5090787	0.0794268	0.1949685	0.4605952	0.4974423
3232988641.3582993	0.0954927	0.1019268	0.2118025	0.3144550	0.0696942	0.1400102	0.2375019	0.2763577	0.0981503	0.1823174	0.4416269	0.5090793	0.0794438	0.1949696	0.4605993	0.4974329
3232988641.3681874	0.0954977	0.1019056	0.2117884	0.3144654	0.0697162	0.1400131	0.2375086	0.2763557	0.0981653	0.1823260	0.4416269	0.5090827	0.0794371	0.1949645	0.4606049	0.4974134
3232988641.3780756	0.0954935	0.1019147	0.2117856	0.3144706	0.0696908	0.1399991	0.2375081	0.2763753	0.0981548	0.1823166	0.4416350	0.5090945	0.0794470	0.1949524	0.4605996	0.4974199
3232988641.3879638	0.0954904	0.1019065	0.2117903	0.3144637	0.0696994	0.1400117	0.2374897	0.2763783	0.0981447	0.1823169	0.4416166	0.5091100	0.0794303	0.1949531	0.4606207	0.4974454
3232988641.3978500	0.0954910	0.1019297	0.2117949	0.3144545	0.0696964	0.1399994	0.2375099	0.2763816	0.0981488	0.1823303	0.4416057	0.5090665	0.0794427	0.1949641	0.4606018	0.4974289
3232988641.4077382	0.0954885	0.1019102	0.2117944	0.3144616	0.0697060	0.1400013	0.2375066	0.2763584	0.0981352	0.1823266	0.4416233	0.5090888	0.0794519	0.1949566	0.4605936	0.4974071
3232988641.4176264	0.0954846	0.1019151	0.2117973	0.3144808	0.0697086	0.1400144	0.2375245	0.2763716	0.0981574	0.1823192	0.4416327	0.5090484	0.0794421	0.1949486	0.4606266	0.4974184
3232988641.4275146	0.0954919	0.1019228	0.2118133	0.3144668	0.0696943	0.1400205	0.2375275	0.2763781	0.0981480	0.1823186	0.4416210	0.5090916	0.0794329	0.1949514	0.4606115	0.4974214
3232988641.4374027	0.0954708	0.1019224	0.2117969	0.3144740	0.0696888	0.1399959	0.2374979	0.2763680	0.0981482	0.1823129	0.4416240	0.5090764	0.0794424	0.1949620	0.4606062	0.4974191
3232988641.4472909	0.0954718	0.1019195	0.2117917	0.3144366	0.0696921	0.1400127	0.2374878	0.2763544	0.0981529	0.1823215	0.4416258	0.5090921	0.0794380	0.1949648	0.4606001	0.4974300
3232988641.4571791	0.0954838	0.1019133	0.2117891	0.3144589	0.0697113	0.1400174	0.2375311	0.2763765	0.0981645	0.1823316	0.4416397	0.5090875	0.0794160	0.1949406	0.4606190	0.4974132
3232988641.4670672	0.0955001	0.1019155	0.2118033	0.3144577	0.0697077	0.1400104	0.2375293	0.2763471	0.0981535	0.1823372	0.4416169	0.5090692	0.0794284	0.1949630	0.4606149	0.4974341
3232988641.4769554	0.0954902	0.1018930	0.2118097	0.3144702	0.0697123	0.1400030	0.2375080	0.2763596	0.0981392	0.1823200	0.4416297	0.5091034	0.0794415	0.1949416	0.4606244	0.4974206
3232988641.4868436	0.0954746	0.1019099	0.2117901	0.3144812	0.0697079	0.1400103	0.2375173	0.2763680	0.0981363	0.1823273	0.4416275	0.5090695	0.0794299	0.1949497	0.4606140	0.4974517
3232988641.4967303	0.0954937	0.1019105	0.2118043	0.3144534	0.0697143	0.1400198	0.2375204	0.2763532	0.0981633	0.1823178	0.4416225	0.5090810	0.0794238	0.1949678	0.4606107	0.4974351
3232988641.5066185	0.0954799	0.1019154	0.2118022	0.3144346	0.0697003	0.1399890	0.2375157	0.2763352	0.0981491	0.1823475	0.4416220	0.5090870	0.0794293	0.1949427	0.4606104	0.4974303
3232988641.5165067	0.0954847	0.1019009	0.2117771	0.3144595	0.0696915	0.1399983	0.2375260	0.2763443	0.0981644	0.1823412	0.4416162	0.5090953	0.0794219	0.1949619	0.4606086	0.4974180
3232988641.5263948	0.0954873	0.1019207	0.2117983	0.3144958	0.0697149	0.1400257	0.2375223	0.2763579	0.0981633	0.1823168	0.4416216	0.5090788	0.0794445	0.1949708	0.4606078	0.4974391
3232988641.5362830	0.0954899	0.1019100	0.2118048	0.3144545	0.0697147	0.1400309	0.2375286	0.2763686	0.0981585	0.1823206	0.4416118	0.5090723	0.0794333	0.1949481	0.4606094	0.4974260
3232988641.5461712	0.0954814	0.1019060	0.2117923	0.3144573	0.0697034	0.1400094	0.2375080	0.2763646	0.0981470	0.1823310	0.4416132	0.5090599	0.0794458	0.1949374	0.4606006	0.4974219
3232988641.5560594	0.0954963	0.1018928	0.2117913	0.3144517	0.0696880	0.1400038	0.2375160	0.2763564	0.0981502	0.1823207	0.4416165	0.5090493	0.0794339	0.1949638	0.4606020	0.4974172
3232988641.5659475	0.0954820	0.1019064	0.2117861	0.3144698	0.0696965	0.1400113	0.2375013	0.2763641	0.0981396	0.1823147	0.4416025	0.5090493	0.0794425	0.1949421	0.4605867	0.4974134
3232988641.5758357	0.0954569	0.1019126	0.2118362	0.3144481	0.0697044	0.1400154	0.2375023	0.2763570	0.0981552	0.1823139	0.4416021	0.5090567	0.0794434	0.1949307	0.4606002	0.4973882
3232988641.5857239	0.0954776	0.1019215	0.2118066	0.3144706	0.0697115	0.1400298	0.2375209	0.2763463	0.0981333	0.1823209	0.4416039	0.5090516	0.0794381	0.1949494	0.4606047	0.4974265
3232988641.5956101	0.0954874	0.1019008	0.2117875	0.3144610	0.0697080	0.1400093	0.2375172	0.2763474	0.0981485	0.1823129	0.4416028	0.5090426	0.0794468	0.1949424	0.4606125	0.4974020
3232988641.6054983	0.0954851	0.1019152	0.2117906	0.3144489	0.0697067	0.1400113	0.2375051	0.2763393	0.0981492	0.1823076	0.4416122	0.5090731	0.0794268	0.1949443	0.4606087	0.4974144
3232988641.6153865	0.0954792	0.1019154	0.2117878	0.3144486	0.0696845	0.1399956	0.2375103	0.2763466	0.0981203	0.1823248	0.4416191	0.5090702	0.0794233	0.1949584	0.4605841	0.4974186
3232988641.6252747	0.0955097	0.1019117	0.2117867	0.3144543	0.0697373	0.1399927	0.2375184	0.2763610	0.0981291	0.1823066	0.4416234	0.5090533	0.0794121	0.1949446	0.4606159	0.4974250
3232988641.6351628	0.0954898	0.1019001	0.2118064	0.3144579	0.0697090	0.1399979	0.2375149	0.2763396	0.0981321	0.1823235	0.4416238	0.5090655	0.0794370	0.1949334	0.4606143	0.4974086
3232988641.6450510	0.0954907	0.1019248	0.2117983	0.3144603	0.0697027	0.1400216	0.2375041	0.2763618	0.0981313	0.1823128	0.4416400	0.5090897	0.0794233	0.1949573	0.4606161	0.4974079
3232988641.6549392	0.0954868	0.1019158	0.2117967	0.3144556	0.0697036	0.1399983	0.2375075	0.2763598	0.0981482	0.1823435	0.4416134	0.5090543	0.0794551	0.1949411	0.4606197	0.4974151
3232988641.6648273	0.0954664	0.1019212	0.2118090	0.3144468	0.0697119	0.1400084	0.2375069	0.2763411	0.0981579	0.1823098	0.4416226	0.5090658	0.0794344	0.1949399	0.4606284	0.4974160
3232988641.6747155	0.0954945	0.1019030	0.2118010	0.3144630	0.0697231	0.1400167	0.2375299	0.2763525	0.0981282	0.1823084	0.4416160	0.5090635	0.0794559	0.1949530	0.4606077	0.4974188
3232988641.6846037	0.0954951	0.1019185	0.2117958	0.3144528	0.0697137	0.1399970	0.2375197	0.2763574	0.0981515	0.1823088	0.4416203	0.5090573	0.0794452	0.1949503	0.4606098	0.4973900
3232988641.6944900	0.0954887	0.1019082	0.2117996	0.3144547	0.0697147	0.1400033	0.2375188	0.2763334	0.0981490	0.1823065	0.4416163	0.5090366	0.0794450	0.1949320	0.4605994	0.4973900
3232988641.7043781	0.0954788	0.1019098	0.2117946	0.3144472	0.0697059	0.1400009	0.2375113	0.2763528	0.0981526	0.1822894	0.4416070	0.5090245	0.0794244	0.1949501	0.4605980	0.4973921
3232988641.7142663	0.0954830	0.1019013	0.2117827	0.3144345	0.0697048	0.1400154	0.2375129	0.2763451	0.0981356	0.1822866	0.4415971	0.5090440	0.0794390	0.1949347	0.4606049	0.4973762
3232988641.7241545	0.0954957	0.1019048	0.2117958	0.3144532	0.0697203	0.1400045	0.2375058	0.2763482	0.0981395	0.1823042	0.4416109	0.5090316	0.0794267	0.1949451	0.4605955	0.4973831
3232988641.7340426	0.0954921	0.1019236	0.2118036	0.3144535	0.0697080	0.1399874	0.2375170	0.2763482	0.0981293	0.1823057	0.4416240	0.5090497	0.0794241	0.1949314	0.4606052	0.4974001
3232988641.7439308	0.0955078	0.1019158	0.2118180	0.3144482	0.0697015	0.1400112	0.2375114	0.2763543	0.0981289	0.1823108	0.4416221	0.5090392	0.0794301	0.1949329	0.4606199	0.4973996
3232988641.7538190	0.0954769	0.1019092	0.2117985	0.3144376	0.0697127	0.1400001	0.2375053	0.2763463	0.0981236	0.1823030	0.4416178	0.5090627	0.0794235	0.1949408	0.4606065	0.4974067
3232988641.7637072	0.0954803	0.1018910	0.2117972	0.3144448	0.0697094	0.1399982	0.2374999	0.2763459	0.0981382	0.1823002	0.4416297	0.5090697	0.0794390	0.1949227	0.4606129	0.4973948
3232988641.7735953	0.0954951	0.1019030	0.2117891	0.3144426	0.0697119	0.1399872	0.2375158	0.2763278	0.0981285	0.1823211	0.4416198	0.5090484	0.0794330	0.1949686	0.4606257	0.4974157
3232988641.7834835	0.0954977	0.1018986	0.2117936	0.3144392	0.0697002	0.1400075	0.2375211	0.2763461	0.0981302	0.1823244	0.4416466	0.5090719	0.0794311	0.1949426	0.4606200	0.4973980
3232988641.7933702	0.0955051	0.1019091	0.2117941	0.3144302	0.0697122	0.1399950	0.2375218	0.2763340	0.0981463	0.1823115	0.4416459	0.5090531	0.0794457	0.1949605	0.4606314	0.4974092
3232988641.8032584	0.0954936	0.1018990	0.2117995	0.3144412	0.0697006	0.1400022	0.2375332	0.2763339	0.0981490	0.1823118	0.4416350	0.5090422	0.0794412	0.1949332	0.4606066	0.4973866
3232988641.8131466	0.0954905	0.1019115	0.2117890	0.3144472	0.0697087	0.1400005	0.2375059	0.2763316	0.0981497	0.1823006	0.4416389	0.5090289	0.0794511	0.1949490	0.4606260	0.4973913
3232988641.8230348	0.0954649	0.1019018	0.2118030	0.3144197	0.0697043	0.1399883	0.2374912	0.2763248	0.0981482	0.1823016	0.4416285	0.5090406	0.0794316	0.1949490	0.4606072	0.4973931
3232988641.8329229	0.0954747	0.1019015	0.2117855	0.3144404	0.0697095	0.1400049	0.2375120	0.2763335	0.0981665	0.1823090	0.4416298	0.5090179	0.0794447	0.1949386	0.4606216	0.4973771
3232988641.8428111	0.0954932	0.1019052	0.2118076	0.3144331	0.0697059	0.1399904	0.2375060	0.2763256	0.0981585	0.1823049	0.4416383	0.5090098	0.0794327	0.1949247	0.4606144	0.4973568
3232988641.8526993	0.0954951	0.1018879	0.2118045	0.3144504	0.0697177	0.1399992	0.2375050	0.2763230	0.0981442	0.1822967	0.4416203	0.5090246	0.0794460	0.1949379	0.4606000	0.4973609
3232988641.8625874	0.0954905	0.1018990	0.2117808	0.3144453	0.0697095	0.1400069	0.2375030	0.2763301	0.0981280	0.1822882	0.4416402	0.5090266	0.0794522	0.1949323	0.4605961	0.4973672
3232988641.8724756	0.0954716	0.1019212	0.2117999	0.3144420	0.0697188	0.1399967	0.2375149	0.2763331	0.0981570	0.1822971	0.4416007	0.5090252	0.0794467	0.1949379	0.4606035	0.4973824
3232988641.8823638	0.0954939	0.1018868	0.2117885	0.3144287	0.0696845	0.1400192	0.2375183	0.2763339	0.0981499	0.1823033	0.4416227	0.5090124	0.0794369	0.1949440	0.4606186	0.4973737
3232988641.8922501	0.0954853	0.1019039	0.2118010	0.3144432	0.0697036	0.1400052	0.2374891	0.2763424	0.0981247	0.1822739	0.4416236	0.5090230	0.0794365	0.1949493	0.4606051	0.4973717
3232988641.9021382	0.0954916	0.1019043	0.2118095	0.3144411	0.0697011	0.1399930	0.2375137	0.2763215	0.0981457	0.1822892	0.4416253	0.5089989	0.0794451	0.1949402	0.4606178	0.4973632
3232988641.9120264	0.0954890	0.1019183	0.2118138	0.3144420	0.0697056	0.1399823	0.2375059	0.2763453	0.0981438	0.1823064	0.4415972	0.5090177	0.0794394	0.1949483	0.4606245	0.4973569
3232988641.9219146	0.0955084	0.1019108	0.2117935	0.3144250	0.0696999	0.1400007	0.2374977	0.2763379	0.0981357	0.1822905	0.4416253	0.5090383	0.0794340	0.1949349	0.4605939	0.4973622
3232988641.9318027	0.0955038	0.1019149	0.2117955	0.3144342	0.0696936	0.1399944	0.2375135	0.2763416	0.0981303	0.1823099	0.4416245	0.5090309	0.0794551	0.1949510	0.4605986	0.4973829
3232988641.9416909	0.0954787	0.1018897	0.2117731	0.3144239	0.0697159	0.1399973	0.2375203	0.2763105	0.0981423	0.1823102	0.4416246	0.5090468	0.0794315	0.1949449	0.4606126	0.4973545
3232988641.9515791	0.0954823	0.1018906	0.2118086	0.3144368	0.0697088	0.1399751	0.2375185	0.2763313	0.0981307	0.1822922	0.4416326	0.5090231	0.0794292	0.1949549	0.4606206	0.4973778
3232988641.9614673	0.0954882	0.1019085	0.2117955	0.3144421	0.0696993	0.1399995	0.2375147	0.2763272	0.0981323	0.1822943	0.4416223	0.5090272	0.0794347	0.1949332	0.4605830	0.4973549
3232988641.9713554	0.0954871	0.1019167	0.2117765	0.3144314	0.0696908	0.1399977	0.2375089	0.2763487	0.0981306	0.1822802	0.4416106	0.5090404	0.0794532	0.1949603	0.4606049	0.4973664
3232988641.9812436	0.0954808	0.1018812	0.2117990	0.3144140	0.0696890	0.1399904	0.2375202	0.2763380	0.0981189	0.1822959	0.4416254	0.5090226	0.0794391	0.1949390	0.4606092	0.4973752
3232988641.9911299	0.0954859	0.1019046	0.2117865	0.3144415	0.0697171	0.1399915	0.2375144	0.2763277	0.0981468	0.1823003	0.4416107	0.5090076	0.0794434	0.1949361	0.4606098	0.4973551
3232988642.0010180	0.0955147	0.1019199	0.2118108	0.3144370	0.0697184	0.1399926	0.2375189	0.2763357	0.0981168	0.1823049	0.4416225	0.5090330	0.0794342	0.1949514	0.4605931	0.4973388
3232988642.0109062	0.0954776	0.1019342	0.2118160	0.3144318	0.0697087	0.1399933	0.2375160	0.2763354	0.0981402	0.1823018	0.4416341	0.5090282	0.0794513	0.1949483	0.4605985	0.4973756
3232988642.0207944	0.0954916	0.1019000	0.2117997	0.3144419	0.0697154	0.1400030	0.2375246	0.2763442	0.0981459	0.1823035	0.4416212	0.5090500	0.0794533	0.1949318	0.4606088	0.4973650
3232988642.0306826	0.0954895	0.1019046	0.2118067	0.3144260	0.0697027	0.1399825	0.2375067	0.2763415	0.0981325	0.1823103	0.4416208	0.5090294	0.0794384	0.1949432	0.4606069	0.4973624
3232988642.0405707	0.0955064	0.1019126	0.2117999	0.3144253	0.0696999	0.1399923	0.2375105	0.2763210	0.0981551	0.1822817	0.4416292	0.5090230	0.0794488	0.1949338	0.4606173	0.4973924
3232988642.0504589	0.0954698	0.1019093	0.2117990	0.3144353	0.0697159	0.1399867	0.2375080	0.2763461	0.0981319	0.1822836	0.4416291	0.5090305	0.0794379	0.1949372	0.4606158	0.4973745
3232988642.0603471	0.0954883	0.1019093	0.2118044	0.3144143	0.0697010	0.1400018	0.2374996	0.2763371	0.0981401	0.1822952	0.4416183	0.5090420	0.0794560	0.1949297	0.4606123	0.4973765
3232988642.0702353	0.0954769	0.1019077	0.2117783	0.3144269	0.0697064	0.1399910	0.2375157	0.2763310	0.0981360	0.1823184	0.4416407	0.5090364	0.0794625	0.1949371	0.4606054	0.4973621
3232988642.0801234	0.0954836	0.1019002	0.2117935	0.3144325	0.0696949	0.1399875	0.2375043	0.2763313	0.0981436	0.1823004	0.4416387	0.5090263	0.0794582	0.1949310	0.4605999	0.4973680
3232988642.0900102	0.0954698	0.1019040	0.2117864	0.3144307	0.0697123	0.1399968	0.2375005	0.2763114	0.0981380	0.1822998	0.4416246	0.5090538	0.0794336	0.1949581	0.4606105	0.4973588
3232988642.0998983	0.0954899	0.1018819	0.2117958	0.3144142	0.0697273	0.1400081	0.2375238	0.2763138	0.0981397	0.1823011	0.4416356	0.5090306	0.0794370	0.1949230	0.4606183	0.4973772
3232988642.1097865	0.0954839	0.1019028	0.2118001	0.3144269	0.0697027	0.1399972	0.2375224	0.2763261	0.0981486	0.1822985	0.4416346	0.5090338	0.0794538	0.1949421	0.4606175	0.4973716
3232988642.1196747	0.0954831	0.1019096	0.2118021	0.3144266	0.0697105	0.1399981	0.2375107	0.2763086	0.0981405	0.1822986	0.4416338	0.5090379	0.0794418	0.1949425	0.4606175	0.4973660
3232988642.1295629	0.0954846	0.1019033	0.2118128	0.3144270	0.0697135	0.1399960	0.2375224	0.2763270	0.0981414	0.1823038	0.4416373	0.5090314	0.0794272	0.1949548	0.4606048	0.4973861
3232988642.1394510	0.0954860	0.1019028	0.2117981	0.3144349	0.0696914	0.1400043	0.2375084	0.2763336	0.0981389	0.1823002	0.4416293	0.5090381	0.0794610	0.1949315	0.4606218	0.4973972
3232988642.1493392	0.0954887	0.1019027	0.2117836	0.3144418	0.0697120	0.1399959	0.2375115	0.2763343	0.0981483	0.1823163	0.4416397	0.5090259	0.0794495	0.1949578	0.4606044	0.4973738
3232988642.1592274	0.0954857	0.1018908	0.2117921	0.3144288	0.0697014	0.1399879	0.2375269	0.2763201	0.0981538	0.1823032	0.4416298	0.5090496	0.0794414	0.1949283	0.4606126	0.4973799
3232988642.1691155	0.0954934	0.1018953	0.2118005	0.3144365	0.0697010	0.1400077	0.2374938	0.2763399	0.0981518	0.1822972	0.4416249	0.5090377	0.0794475	0.1949512	0.4606021	0.4973669
3232988642.1790037	0.0954978	0.1019034	0.2118064	0.3144301	0.0697040	0.1399984	0.2375157	0.2763244	0.0981512	0.1823032	0.4416260	0.5090287	0.0794412	0.1949333	0.4606092	0.4973870
3232988642.1888900	0.0954745	0.1019096	0.2117938	0.3144259	0.0696884	0.1399965	0.2375146	0.2763454	0.0981439	0.1823042	0.4416191	0.5090175	0.0794331	0.1949038	0.4606194	0.4973655
3232988642.1987782	0.0954901	0.1018983	0.2117980	0.3144246	0.0697098	0.1399980	0.2375171	0.2763210	0.0981353	0.1823037	0.4416207	0.5090347	0.0794461	0.1949417	0.4606118	0.4973679
3232988642.2086663	0.0954904	0.1019052	0.2117992	0.3144352	0.0697008	0.1399963	0.2375203	0.2763415	0.0981506	0.1823044	0.4416085	0.5090174	0.0794360	0.1949406	0.4606128	0.4973591
3232988642.2185545	0.0955070	0.1019211	0.2117998	0.3144425	0.0697238	0.1400040	0.2375278	0.2763390	0.0981326	0.1822972	0.4416282	0.5090284	0.0794422	0.1949442	0.4606066	0.4973400
3232988642.2284427	0.0954789	0.1019080	0.2117994	0.3144363	0.0697001	0.1399846	0.2375228	0.2763424	0.0981402	0.1823020	0.4416245	0.5090139	0.0794456	0.1949275	0.4606050	0.4973546
3232988642.2383308	0.0954843	0.1018949	0.2118059	0.3144209	0.0697101	0.1400012	0.2375020	0.2763344	0.0981280	0.1823096	0.4416226	0.5090188	0.0794418	0.1949532	0.4606042	0.4973511
3232988642.2482190	0.0954931	0.1018902	0.2117994	0.3144166	0.0697184	0.1399905	0.2375064	0.2763161	0.0981366	0.1822747	0.4416042	0.5090297	0.0794426	0.1949355	0.4606074	0.4973327
3232988642.2581072	0.0954870	0.1019070	0.2117915	0.3144406	0.0697100	0.1399977	0.2375310	0.2763341	0.0981426	0.1822897	0.4416206	0.5090255	0.0794492	0.1949313	0.4605984	0.4973637
3232988642.2679954	0.0955093	0.1019205	0.2117977	0.3144305	0.0697053	0.1400052	0.2375213	0.2763451	0.0981447	0.1822964	0.4416101	0.5090058	0.0794517	0.1949412	0.4606086	0.4973187
3232988642.2778835	0.0955061	0.1019093	0.2117940	0.3144414	0.0697078	0.1399932	0.2375180	0.2763402	0.0981453	0.1822904	0.4416086	0.5090384	0.0794548	0.1949377	0.4606036	0.4973427
3232988642.2877703	0.0954893	0.1018935	0.2117991	0.3144132	0.0697084	0.1399847	0.2375071	0.2763233	0.0981400	0.1823029	0.4416207	0.5090296	0.0794238	0.1949184	0.4605953	0.4973381
3232988642.2976584	0.0954867	0.1018958	0.2117864	0.3144350	0.0697020	0.1399945	0.2374932	0.2763199	0.0981502	0.1822924	0.4416217	0.5090110	0.0794502	0.1949403	0.4606062	0.4973711
3232988642.3075466	0.0954729	0.1019064	0.2117782	0.3144353	0.0697016	0.1399931	0.2375157	0.2763100	0.0981329	0.1823025	0.4416146	0.5090598	0.0794211	0.1949507	0.4606333	0.4973759
3232988642.3174348	0.0954926	0.1019137	0.2117898	0.3144319	0.0697236	0.1399847	0.2375241	0.2763220	0.0981336	0.1822823	0.4416368	0.5090203	0.0794384	0.1949491	0.4606115	0.4973690
3232988642.3273230	0.0955067	0.1018786	0.2117964	0.3144304	0.0697008	0.1400063	0.2374846	0.2763339	0.0981535	0.1822988	0.4416304	0.5090472	0.0794469	0.1949500	0.4605959	0.4973505
3232988642.3372111	0.0954969	0.1019024	0.2118049	0.3144367	0.0696932	0.1399747	0.2375074	0.2763324	0.0981467	0.1822820	0.4416470	0.5090276	0.0794487	0.1949437	0.4606050	0.4973528
3232988642.3470993	0.0954830	0.1019068	0.2117803	0.3144282	0.0696881	0.1399869	0.2375116	0.2763226	0.0981358	0.1822996	0.4416187	0.5090205	0.0794274	0.1949337	0.4606163	0.4973578
3232988642.3569875	0.0954871	0.1019098	0.2117965	0.3144334	0.0696956	0.1399880	0.2375097	0.2763332	0.0981518	0.1822900	0.4416375	0.5090230	0.0794290	0.1949426	0.4606057	0.4973545
3232988642.3668756	0.0954760	0.1019107	0.2117921	0.3144170	0.0697172	0.1399963	0.2375032	0.2763365	0.0981305	0.1823086	0.4416284	0.5090370	0.0794395	0.1949295	0.4606097	0.4973686
3232988642.3767638	0.0954847	0.1019061	0.2117871	0.3144319	0.0697132	0.1400087	0.2374953	0.2763335	0.0981484	0.1822958	0.4416171	0.5090140	0.0794369	0.1949326	0.4606067	0.4973682
3232988642.3866501	0.0954870	0.1019162	0.2117932	0.3144269	0.0696952	0.1399867	0.2375230	0.2763449	0.0981644	0.1822958	0.4416280	0.5090210	0.0794324	0.1949340	0.4606204	0.4973614
3232988642.3965383	0.0954814	0.1018935	0.2117924	0.3144212	0.0697003	0.1399851	0.2375043	0.2763236	0.0981478	0.1822777	0.4416175	0.5090229	0.0794415	0.1949506	0.4606124	0.4973461
3232988642.4064264	0.0954742	0.1019013	0.2117944	0.3144180	0.0697005	0.1399720	0.2375067	0.2763097	0.0981510	0.1822883	0.4416265	0.5090093	0.0794487	0.1949214	0.4605957	0.4973437
3232988642.4163146	0.0954814	0.1018938	0.2118181	0.3144246	0.0697138	0.1400115	0.2374889	0.2763232	0.0981482	0.1822786	0.4416306	0.5090037	0.0794395	0.1949491	0.4606194	0.4973563
3232988642.4262028	0.0954790	0.1018883	0.2118112	0.3144280	0.0697186	0.1399994	0.2375091	0.2763180	0.0981473	0.1822824	0.4416279	0.5090035	0.0794477	0.1949272	0.4605968	0.4973546
3232988642.4360909	0.0954865	0.1019053	0.2118120	0.3144283	0.0697083	0.1399720	0.2375004	0.2763081	0.0981418	0.1823067	0.4416125	0.5090234	0.0794434	0.1949474	0.4606031	0.4973628
3232988642.4459791	0.0954976	0.1018997	0.2118018	0.3144072	0.0697100	0.1399816	0.2375077	0.2763177	0.0981286	0.1823010	0.4416140	0.5090085	0.0794522	0.1949202	0.4606167	0.4973684
3232988642.4558673	0.0954753	0.1019065	0.2117842	0.3144163	0.0696906	0.1399777	0.2375065	0.2763167	0.0981466	0.1822839	0.4416200	0.5090048	0.0794400	0.1949421	0.4606184	0.4973362
3232988642.4657555	0.0954735	0.1019056	0.2117910	0.3144100	0.0696964	0.1399959	0.2374978	0.2763078	0.0981534	0.1822897	0.4416419	0.5089975	0.0794266	0.1949251	0.4606006	0.4973539
3232988642.4756436	0.0954941	0.1018938	0.2118025	0.3144173	0.0697192	0.1399923	0.2375207	0.2763174	0.0981322	0.1822847	0.4416213	0.5090174	0.0794520	0.1949415	0.4606051	0.4973558
3232988642.4855299	0.0954993	0.1019033	0.2117821	0.3144207	0.0697055	0.1400044	0.2375122	0.2763299	0.0981332	0.1822721	0.4416301	0.5090092	0.0794384	0.1949444	0.4605919	0.4973494
3232988642.4954181	0.0954878	0.1019015	0.2117992	0.3144295	0.0697118	0.1399899	0.2375148	0.2763179	0.0981410	0.1822884	0.4416277	0.5090116	0.0794396	0.1949412	0.4606182	0.4973461
3232988642.5053062	0.0954742	0.1018898	0.2117794	0.3144213	0.0697040	0.1399904	0.2374941	0.2763190	0.0981401	0.1822867	0.4416279	0.5089983	0.0794389	0.1949412	0.4605874	0.4973565
3232988642.5151944	0.0954506	0.1019060	0.2117919	0.3144034	0.0697039	0.1399793	0.2375033	0.2763185	0.0981571	0.1822986	0.4416037	0.5090193	0.0794452	0.1949391	0.4606196	0.4973484
3232988642.5250826	0.0954695	0.1018991	0.2117790	0.3143997	0.0697039	0.1399969	0.2375102	0.2763110	0.0981340	0.1822894	0.4416343	0.5089920	0.0794604	0.1949300	0.4605990	0.4973333
3232988642.5349708	0.0954767	0.1018909	0.2118008	0.3144239	0.0697180	0.1399797	0.2375082	0.2762852	0.0981286	0.1822797	0.4416317	0.5090022	0.0794487	0.1949452	0.4605849	0.4973297
3232988642.5448589	0.0955151	0.1019092	0.2117875	0.3144113	0.0697143	0.1399916	0.2374795	0.2763068	0.0981361	0.1822835	0.4416039	0.5090010	0.0794429	0.1949220	0.4606218	0.4973668
3232988642.5547471	0.0954945	0.1019036	0.2117751	0.3144052	0.0697006	0.1400010	0.2375166	0.2763193	0.0981273	0.1823065	0.4416073	0.5090121	0.0794440	0.1949233	0.4606149	0.4973327
3232988642.5646353	0.0954899	0.1019070	0.2117967	0.3144236	0.0696966	0.1399762	0.2375059	0.2763109	0.0981329	0.1822864	0.4416286	0.5089842	0.0794402	0.1949319	0.4605953	0.4973467
3232988642.5745234	0.0954812	0.1019096	0.2117806	0.3144183	0.0697129	0.1399874	0.2375097	0.2763166	0.0981471	0.1822857	0.4416467	0.5089921	0.0794340	0.1949421	0.4606169	0.4973352
3232988642.5844102	0.0954802	0.1019035	0.2118051	0.3144178	0.0697148	0.1399766	0.2375206	0.2763374	0.0981514	0.1822853	0.4416190	0.5090059	0.0794298	0.1949360	0.4605946	0.4973433
3232988642.5942984	0.0954860	0.1018975	0.2117989	0.3144158	0.0697052	0.1399731	0.2375241	0.2763081	0.0981483	0.1822824	0.4416272	0.5090181	0.0794388	0.1949204	0.4606059	0.4973489
3232988642.6041865	0.0954693	0.1019113	0.2118016	0.3144329	0.0697177	0.1399997	0.2374863	0.2763221	0.0981435	0.1822960	0.4416206	0.5090026	0.0794374	0.1949360	0.4606064	0.4973187
3232988642.6140747	0.0954787	0.1018878	0.2117978	0.3144028	0.0697083	0.1399745	0.2375008	0.2763150	0.0981377	0.1822973	0.4416156	0.5089929	0.0794421	0.1949334	0.4606037	0.4973339
3232988642.6239629	0.0954736	0.1019071	0.2117977	0.3144086	0.0697198	0.1400049	0.2375168	0.2763118	0.0981516	0.1822817	0.4416321	0.5090019	0.0794480	0.1949473	0.4605966	0.4973376
3232988642.6338510	0.0954745	0.1018840	0.2117964	0.3144278	0.0697123	0.1399934	0.2374972	0.2763124	0.0981473	0.1822921	0.4416121	0.5090073	0.0794512	0.1949234	0.4605992	0.4973207
3232988642.6437392	0.0954715	0.1019060	0.2117887	0.3144156	0.0696996	0.1400020	0.2375029	0.2763146	0.0981593	0.1822972	0.4416101	0.5089921	0.0794417	0.1949223	0.4606148	0.4973360
3232988642.6536274	0.0954918	0.1019030	0.2118007	0.3144071	0.0697008	0.1400012	0.2375077	0.2763298	0.0981457	0.1822890	0.4416200	0.5089937	0.0794380	0.1949537	0.4605968	0.4973323
3232988642.6635156	0.0954835	0.1018971	0.2118008	0.3144235	0.0697055	0.1399947	0.2375065	0.2763074	0.0981457	0.1823074	0.4416145	0.5089851	0.0794538	0.1949271	0.4605836	0.4973157
3232988642.6734037	0.0954991	0.1018991	0.2117776	0.3144067	0.0697128	0.1399946	0.2374986	0.2763086	0.0981608	0.1822971	0.4416186	0.5089695	0.0794423	0.1949268	0.4605988	0.4973298
3232988642.6832900	0.0954830	0.1018935	0.2117971	0.3144379	0.0697030	0.1399935	0.2375090	0.2763144	0.0981411	0.1822717	0.4416142	0.5089909	0.0794409	0.1949177	0.4606066	0.4973386
3232988642.6931782	0.0954926	0.1019088	0.2117956	0.3144085	0.0697190	0.1399904	0.2375225	0.2763005	0.0981409	0.1822839	0.4416151	0.5089761	0.0794527	0.1949308	0.4606135	0.4973296
3232988642.7030663	0.0954830	0.1019001	0.2118013	0.3144001	0.0697123	0.1399802	0.2375215	0.2763208	0.0981513	0.1822988	0.4416154	0.5089793	0.0794397	0.1949235	0.4606159	0.4973197
3232988642.7129545	0.0954912	0.1019150	0.2117865	0.3144038	0.0697014	0.1400056	0.2375128	0.2763159	0.0981337	0.1822770	0.4416156	0.5089730	0.0794601	0.1949366	0.4606042	0.4973274
3232988642.7228427	0.0955025	0.1018900	0.2117945	0.3144167	0.0697045	0.1399900	0.2375037	0.2763188	0.0981314	0.1822922	0.4416122	0.5089566	0.0794376	0.1949438	0.4605875	0.4973187
3232988642.7327309	0.0954910	0.1019050	0.2117916	0.3144116	0.0697119	0.1399851	0.2375054	0.2763258	0.0981535	0.1822746	0.4416126	0.5089874	0.0794539	0.1949175	0.4606042	0.4973372
3232988642.7426190	0.0954762	0.1019104	0.2117933	0.3144203	0.0697094	0.1399814	0.2375224	0.2763248	0.0981352	0.1822775	0.4416193	0.5089937	0.0794459	0.1949140	0.4606088	0.4973486
3232988642.7525072	0.0955020	0.1019099	0.2117800	0.3144135	0.0697195	0.1399965	0.2375227	0.2763057	0.0981411	0.1822737	0.4416029	0.5089938	0.0794452	0.1949181	0.4605997	0.4973236
3232988642.7623954	0.0954940	0.1018916	0.2118006	0.3144034	0.0697091	0.1399803	0.2374866	0.2763161	0.0981519	0.1822757	0.4416284	0.5089678	0.0794433	0.1949253	0.4606046	0.4973212
3232988642.7722836	0.0954814	0.1018933	0.2117946	0.3144163	0.0697016	0.1399810	0.2375015	0.2763110	0.0981382	0.1822877	0.4416428	0.5089923	0.0794516	0.1949198	0.4605912	0.4973354
