3232987576.2624903	0.1150167	0.1099797	0.2766173	0.3877577	0.1744059	0.2826798	0.2171189	0.2150645	0.2709422	0.3768096	0.3206519	0.3126192	0.2517699	0.3906492	0.3401352	0.2996795
3232987576.2723784	0.1150084	0.1099883	0.2766067	0.3877752	0.1744028	0.2826524	0.2171422	0.2150503	0.2709242	0.3767991	0.3206564	0.3126142	0.2517673	0.3906583	0.3401307	0.2996791
3232987576.2822666	0.1150116	0.1099822	0.2766127	0.3877575	0.1743859	0.2826683	0.2171322	0.2150447	0.2709271	0.3767733	0.3206554	0.3126293	0.2517739	0.3906436	0.3401441	0.2996572
3232987576.2921548	0.1149904	0.1099944	0.2766074	0.3877893	0.1743955	0.2826597	0.2171318	0.2150552	0.2709269	0.3767805	0.3206448	0.3126285	0.2517626	0.3906393	0.3401366	0.2996818
3232987576.3020430	0.1149982	0.1099714	0.2766149	0.3877442	0.1743945	0.2826646	0.2171253	0.2150520	0.2709244	0.3768055	0.3206693	0.3126006	0.2517703	0.3906536	0.3401375	0.2996553
3232987576.3119311	0.1150184	0.1099875	0.2766203	0.3877556	0.1743778	0.2826547	0.2171343	0.2150446	0.2709336	0.3767940	0.3206733	0.3126116	0.2517705	0.3906579	0.3401411	0.2996638
3232987576.3218193	0.1150143	0.1099897	0.2766224	0.3877644	0.1744045	0.2826889	0.2171239	0.2150528	0.2709193	0.3767677	0.3206493	0.3126282	0.2517440	0.3906216	0.3401281	0.2996835
3232987576.3317075	0.1150235	0.1099860	0.2766119	0.3877672	0.1744109	0.2826645	0.2171290	0.2150649	0.2709223	0.3767932	0.3206564	0.3126118	0.2517590	0.3906421	0.3401507	0.2996641
3232987576.3415956	0.1150254	0.1099557	0.2766252	0.3877635	0.1744060	0.2826535	0.2171369	0.2150513	0.2709517	0.3767798	0.3206584	0.3126207	0.2517676	0.3906497	0.3401543	0.2996623
3232987576.3514838	0.1149966	0.1099700	0.2766223	0.3877561	0.1743967	0.2826534	0.2171167	0.2150529	0.2709408	0.3767986	0.3206910	0.3125969	0.2517662	0.3906387	0.3401410	0.2996546
3232987576.3613701	0.1150139	0.1099796	0.2766101	0.3877472	0.1743897	0.2826517	0.2171268	0.2150533	0.2709520	0.3767737	0.3206597	0.3126130	0.2517621	0.3906571	0.3401530	0.2996661
3232987576.3712583	0.1150086	0.1099822	0.2766211	0.3877897	0.1743915	0.2826547	0.2171334	0.2150417	0.2709484	0.3767939	0.3206679	0.3125998	0.2517667	0.3906630	0.3401478	0.2996500
3232987576.3811464	0.1150168	0.1099821	0.2766185	0.3877622	0.1743989	0.2826614	0.2171278	0.2150701	0.2709301	0.3768059	0.3206695	0.3126181	0.2517627	0.3906336	0.3401550	0.2996773
3232987576.3910346	0.1150304	0.1099819	0.2766140	0.3877488	0.1744033	0.2826368	0.2171372	0.2150442	0.2709474	0.3767643	0.3206786	0.3126109	0.2517659	0.3906601	0.3401567	0.2996639
3232987576.4009228	0.1150141	0.1099760	0.2766210	0.3877645	0.1744058	0.2826534	0.2171308	0.2150554	0.2709257	0.3767713	0.3206645	0.3126004	0.2517796	0.3906335	0.3401334	0.2996561
3232987576.4108109	0.1150085	0.1099779	0.2766192	0.3877545	0.1743855	0.2826511	0.2171302	0.2150607	0.2709347	0.3767729	0.3206473	0.3126035	0.2517651	0.3906391	0.3401453	0.2996500
3232987576.4206991	0.1150042	0.1099806	0.2766194	0.3877588	0.1743887	0.2826442	0.2171388	0.2150577	0.2709497	0.3767758	0.3206469	0.3126064	0.2517734	0.3906235	0.3401392	0.2996484
3232987576.4305873	0.1150006	0.1099567	0.2766286	0.3877623	0.1743928	0.2826491	0.2171317	0.2150508	0.2709354	0.3767800	0.3206650	0.3126024	0.2517745	0.3906410	0.3401607	0.2996581
3232987576.4404755	0.1150038	0.1099882	0.2765909	0.3877601	0.1744036	0.2826576	0.2171397	0.2150598	0.2709478	0.3767770	0.3206851	0.3126073	0.2517827	0.3906472	0.3401576	0.2996548
3232987576.4503636	0.1150163	0.1099776	0.2766309	0.3877676	0.1743980	0.2826638	0.2171268	0.2150530	0.2709424	0.3767668	0.3206653	0.3126120	0.2517696	0.3906324	0.3401435	0.2996368
3232987576.4602499	0.1149834	0.1099922	0.2766136	0.3877453	0.1743872	0.2826458	0.2171181	0.2150356	0.2709402	0.3767703	0.3206894	0.3125926	0.2517613	0.3906377	0.3401434	0.2996568
3232987576.4701381	0.1150048	0.1099673	0.2766146	0.3877518	0.1743974	0.2826443	0.2171462	0.2150500	0.2709399	0.3767784	0.3206676	0.3126002	0.2517746	0.3906334	0.3401403	0.2996673
3232987576.4800262	0.1150049	0.1099980	0.2766188	0.3877619	0.1743865	0.2826530	0.2171360	0.2150322	0.2709402	0.3767811	0.3206751	0.3126062	0.2517782	0.3906394	0.3401544	0.2996488
3232987576.4899144	0.1150087	0.1099825	0.2766165	0.3877576	0.1744071	0.2826587	0.2171439	0.2150397	0.2709226	0.3767757	0.3206854	0.3126030	0.2517665	0.3906339	0.3401841	0.2996473
3232987576.4998026	0.1150050	0.1099825	0.2766015	0.3877665	0.1743934	0.2826544	0.2171314	0.2150299	0.2709474	0.3767544	0.3206767	0.3125906	0.2517797	0.3906305	0.3401374	0.2996570
3232987576.5096908	0.1149934	0.1099783	0.2766019	0.3877436	0.1744159	0.2826464	0.2171379	0.2150409	0.2709329	0.3767576	0.3206703	0.3125987	0.2517584	0.3906225	0.3401473	0.2996547
3232987576.5195789	0.1150116	0.1099784	0.2766135	0.3877652	0.1743919	0.2826418	0.2171260	0.2150475	0.2709397	0.3767700	0.3206828	0.3126028	0.2517833	0.3906257	0.3401483	0.2996561
3232987576.5294671	0.1150083	0.1099773	0.2766128	0.3877389	0.1744004	0.2826530	0.2171225	0.2150335	0.2709322	0.3767794	0.3206714	0.3126026	0.2517697	0.3906241	0.3401481	0.2996618
3232987576.5393553	0.1150057	0.1100067	0.2766104	0.3877550	0.1743941	0.2826570	0.2171288	0.2150461	0.2709551	0.3767848	0.3206627	0.3126007	0.2517476	0.3906308	0.3401672	0.2996369
3232987576.5492434	0.1150297	0.1099609	0.2766113	0.3877284	0.1744055	0.2826709	0.2171473	0.2150388	0.2709501	0.3767666	0.3206661	0.3125889	0.2517714	0.3906397	0.3401604	0.2996382
3232987576.5591302	0.1150140	0.1099828	0.2765990	0.3877459	0.1744026	0.2826538	0.2171544	0.2150510	0.2709254	0.3767702	0.3206683	0.3126005	0.2517621	0.3906174	0.3401513	0.2996591
3232987576.5690184	0.1150000	0.1099795	0.2766126	0.3877453	0.1743951	0.2826464	0.2171376	0.2150480	0.2709319	0.3767467	0.3206704	0.3125838	0.2517772	0.3906223	0.3401553	0.2996270
3232987576.5789065	0.1150038	0.1099817	0.2766055	0.3877639	0.1743971	0.2826376	0.2171278	0.2150422	0.2709486	0.3767762	0.3206725	0.3125784	0.2517761	0.3906088	0.3401425	0.2996413
3232987576.5887947	0.1150191	0.1099688	0.2766164	0.3877519	0.1744028	0.2826530	0.2171280	0.2150512	0.2709426	0.3767774	0.3206675	0.3125902	0.2517552	0.3906368	0.3401499	0.2996576
3232987576.5986829	0.1150087	0.1099847	0.2766240	0.3877646	0.1744034	0.2826537	0.2171409	0.2150436	0.2709251	0.3767683	0.3206752	0.3125813	0.2517687	0.3906252	0.3401355	0.2996387
3232987576.6085711	0.1149996	0.1099705	0.2766203	0.3877401	0.1744065	0.2826447	0.2171304	0.2150236	0.2709390	0.3767490	0.3206487	0.3125936	0.2517795	0.3906202	0.3401625	0.2996567
3232987576.6184592	0.1150050	0.1099666	0.2766103	0.3877516	0.1744008	0.2826599	0.2171333	0.2150455	0.2709540	0.3767753	0.3206681	0.3125932	0.2517805	0.3906252	0.3401545	0.2996508
3232987576.6283474	0.1150140	0.1099797	0.2766158	0.3877465	0.1744152	0.2826488	0.2171354	0.2150563	0.2709367	0.3767692	0.3206521	0.3125917	0.2517884	0.3906345	0.3401303	0.2996488
3232987576.6382356	0.1150035	0.1099837	0.2766088	0.3877568	0.1743942	0.2826269	0.2171428	0.2150625	0.2709602	0.3767697	0.3206576	0.3126003	0.2517740	0.3906142	0.3401394	0.2996598
3232987576.6481237	0.1150194	0.1099839	0.2766176	0.3877500	0.1743973	0.2826654	0.2171349	0.2150348	0.2709497	0.3767689	0.3206609	0.3125866	0.2517698	0.3906288	0.3401394	0.2996493
3232987576.6580100	0.1150050	0.1099621	0.2766099	0.3877340	0.1744039	0.2826510	0.2171210	0.2150428	0.2709398	0.3767693	0.3206720	0.3126161	0.2517792	0.3906379	0.3401582	0.2996618
3232987576.6678982	0.1150018	0.1099857	0.2766175	0.3877395	0.1743976	0.2826488	0.2171131	0.2150467	0.2709275	0.3767511	0.3206696	0.3126064	0.2517720	0.3906361	0.3401382	0.2996686
3232987576.6777863	0.1150087	0.1099644	0.2766093	0.3877557	0.1743956	0.2826504	0.2171461	0.2150296	0.2709339	0.3767629	0.3206513	0.3126033	0.2517788	0.3906199	0.3401540	0.2996476
3232987576.6876745	0.1150059	0.1099887	0.2766059	0.3877442	0.1743852	0.2826417	0.2171364	0.2150482	0.2709448	0.3767646	0.3206697	0.3125854	0.2517735	0.3906155	0.3401453	0.2996488
3232987576.6975627	0.1150022	0.1099955	0.2766163	0.3877486	0.1744001	0.2826471	0.2171028	0.2150373	0.2709589	0.3767867	0.3206583	0.3125980	0.2517714	0.3906132	0.3401490	0.2996618
3232987576.7074509	0.1149991	0.1100048	0.2766097	0.3877644	0.1744014	0.2826505	0.2171382	0.2150534	0.2709431	0.3767890	0.3206694	0.3126036	0.2517862	0.3906407	0.3401598	0.2996786
3232987576.7173390	0.1150062	0.1099725	0.2766146	0.3877287	0.1744026	0.2826418	0.2171147	0.2150403	0.2709320	0.3767702	0.3206665	0.3125983	0.2517576	0.3906041	0.3401289	0.2996433
3232987576.7272272	0.1150099	0.1099802	0.2766191	0.3877623	0.1744023	0.2826580	0.2171201	0.2150516	0.2709306	0.3767723	0.3206612	0.3125935	0.2517863	0.3906290	0.3401411	0.2996383
3232987576.7371154	0.1150063	0.1099786	0.2766111	0.3877492	0.1743843	0.2826565	0.2171395	0.2150565	0.2709450	0.3767712	0.3206652	0.3126009	0.2517641	0.3906244	0.3401578	0.2996516
3232987576.7470036	0.1150080	0.1099970	0.2766067	0.3877350	0.1744024	0.2826436	0.2171106	0.2150470	0.2709393	0.3767635	0.3206681	0.3126051	0.2517653	0.3906342	0.3401398	0.2996481
3232987576.7568903	0.1150190	0.1099901	0.2766301	0.3877558	0.1744100	0.2826535	0.2171349	0.2150398	0.2709280	0.3767622	0.3206802	0.3126097	0.2517875	0.3906321	0.3401544	0.2996398
3232987576.7667785	0.1150163	0.1099712	0.2766119	0.3877512	0.1743900	0.2826450	0.2171308	0.2150400	0.2709343	0.3767680	0.3206593	0.3125961	0.2517640	0.3906400	0.3401436	0.2996531
3232987576.7766666	0.1150073	0.1099794	0.2766175	0.3877812	0.1744051	0.2826605	0.2171346	0.2150325	0.2709466	0.3767698	0.3206629	0.3125886	0.2517912	0.3906312	0.3401359	0.2996468
3232987576.7865548	0.1150077	0.1100038	0.2766207	0.3877547	0.1743977	0.2826707	0.2171449	0.2150268	0.2709352	0.3767922	0.3206690	0.3126083	0.2517483	0.3906270	0.3401507	0.2996409
3232987576.7964430	0.1150132	0.1099688	0.2766211	0.3877448	0.1743949	0.2826614	0.2171330	0.2150599	0.2709361	0.3767721	0.3206561	0.3125885	0.2517711	0.3906397	0.3401664	0.2996540
3232987576.8063312	0.1149976	0.1099790	0.2766114	0.3877526	0.1743837	0.2826560	0.2171353	0.2150603	0.2709510	0.3767899	0.3206771	0.3125882	0.2517683	0.3906318	0.3401404	0.2996626
3232987576.8162193	0.1150139	0.1099886	0.2766089	0.3877653	0.1743918	0.2826570	0.2171177	0.2150516	0.2709530	0.3767601	0.3206423	0.3125938	0.2517460	0.3906556	0.3401619	0.2996539
3232987576.8261075	0.1150254	0.1099822	0.2766270	0.3877572	0.1743988	0.2826489	0.2171338	0.2150380	0.2709240	0.3767712	0.3206841	0.3125982	0.2517715	0.3906252	0.3401433	0.2996482
3232987576.8359957	0.1150098	0.1099592	0.2766162	0.3877617	0.1744043	0.2826622	0.2171245	0.2150513	0.2709314	0.3767553	0.3206687	0.3126088	0.2517681	0.3906338	0.3401463	0.2996580
3232987576.8458838	0.1149987	0.1099817	0.2766306	0.3877575	0.1743920	0.2826497	0.2171235	0.2150339	0.2709474	0.3767728	0.3206561	0.3125919	0.2517668	0.3906292	0.3401528	0.2996517
3232987576.8557701	0.1150070	0.1099789	0.2766171	0.3877633	0.1744088	0.2826598	0.2171438	0.2150386	0.2709317	0.3767626	0.3206814	0.3126077	0.2517840	0.3906412	0.3401496	0.2996578
3232987576.8656583	0.1150132	0.1099723	0.2766183	0.3877583	0.1743937	0.2826508	0.2171378	0.2150321	0.2709496	0.3767805	0.3206467	0.3125905	0.2517775	0.3906184	0.3401338	0.2996449
3232987576.8755465	0.1150146	0.1099934	0.2766170	0.3877511	0.1743947	0.2826605	0.2171350	0.2150504	0.2709410	0.3767680	0.3206552	0.3125983	0.2517742	0.3906421	0.3401489	0.2996657
3232987576.8854346	0.1150143	0.1099713	0.2766193	0.3877657	0.1744000	0.2826504	0.2171369	0.2150474	0.2709389	0.3767713	0.3206691	0.3126115	0.2517511	0.3906366	0.3401484	0.2996551
3232987576.8953228	0.1150069	0.1099803	0.2766169	0.3877463	0.1743893	0.2826594	0.2171362	0.2150457	0.2709313	0.3767516	0.3206789	0.3126001	0.2517597	0.3906430	0.3401572	0.2996559
3232987576.9052110	0.1150076	0.1099747	0.2766123	0.3877415	0.1744138	0.2826612	0.2171358	0.2150551	0.2709325	0.3767775	0.3206557	0.3126137	0.2517591	0.3906301	0.3401520	0.2996654
3232987576.9150991	0.1150100	0.1099673	0.2766255	0.3877402	0.1744084	0.2826507	0.2171422	0.2150413	0.2709407	0.3767802	0.3206852	0.3125969	0.2517619	0.3906442	0.3401479	0.2996838
3232987576.9249873	0.1150043	0.1099692	0.2766270	0.3877745	0.1743875	0.2826505	0.2171324	0.2150385	0.2709428	0.3767804	0.3206639	0.3125954	0.2517668	0.3906564	0.3401524	0.2996597
3232987576.9348755	0.1150049	0.1099679	0.2766238	0.3877705	0.1743983	0.2826435	0.2171174	0.2150530	0.2709359	0.3767765	0.3206707	0.3125926	0.2517817	0.3906432	0.3401700	0.2996655
3232987576.9447637	0.1150170	0.1099683	0.2766150	0.3877490	0.1743978	0.2826548	0.2171244	0.2150562	0.2709416	0.3767738	0.3206671	0.3126171	0.2517862	0.3906325	0.3401422	0.2996623
3232987576.9546499	0.1150149	0.1099709	0.2766210	0.3877702	0.1743986	0.2826638	0.2171302	0.2150643	0.2709468	0.3767835	0.3206859	0.3125979	0.2517782	0.3906370	0.3401581	0.2996562
3232987576.9645381	0.1150061	0.1099924	0.2766238	0.3877513	0.1744115	0.2826605	0.2171486	0.2150616	0.2709323	0.3767730	0.3206811	0.3125923	0.2517766	0.3906439	0.3401696	0.2996643
3232987576.9744263	0.1150024	0.1099892	0.2766121	0.3877637	0.1743916	0.2826649	0.2171262	0.2150393	0.2709213	0.3767947	0.3206761	0.3125930	0.2517730	0.3906648	0.3401567	0.2996498
3232987576.9843144	0.1150153	0.1099690	0.2765994	0.3877583	0.1743913	0.2826602	0.2171247	0.2150464	0.2709400	0.3767962	0.3206591	0.3126080	0.2517771	0.3906303	0.3401507	0.2996645
3232987576.9942026	0.1149931	0.1099574	0.2766088	0.3877635	0.1744070	0.2826549	0.2171212	0.2150544	0.2709403	0.3767639	0.3206762	0.3125917	0.2517772	0.3906392	0.3401494	0.2996599
3232987577.0040908	0.1150066	0.1099881	0.2766087	0.3877534	0.1743967	0.2826518	0.2171235	0.2150434	0.2709257	0.3767877	0.3206646	0.3126158	0.2517603	0.3906347	0.3401763	0.2996756
3232987577.0139790	0.1150003	0.1100052	0.2766157	0.3877707	0.1744100	0.2826684	0.2171269	0.2150370	0.2709350	0.3767483	0.3206775	0.3126037	0.2517732	0.3906522	0.3401464	0.2996721
3232987577.0238671	0.1150151	0.1099831	0.2766186	0.3877581	0.1744107	0.2826622	0.2171379	0.2150676	0.2709517	0.3767891	0.3206642	0.3126094	0.2517700	0.3906512	0.3401621	0.2996680
3232987577.0337553	0.1150162	0.1099892	0.2766117	0.3877691	0.1744116	0.2826456	0.2171265	0.2150515	0.2709512	0.3767841	0.3206654	0.3126124	0.2517876	0.3906741	0.3401489	0.2996835
3232987577.0436435	0.1149971	0.1099798	0.2766142	0.3877585	0.1744017	0.2826625	0.2171198	0.2150493	0.2709405	0.3767910	0.3206684	0.3125992	0.2517754	0.3906466	0.3401467	0.2996787
3232987577.0535302	0.1149993	0.1099697	0.2766220	0.3877597	0.1743884	0.2826472	0.2171321	0.2150407	0.2709482	0.3767846	0.3206705	0.3126103	0.2517695	0.3906369	0.3401564	0.2996892
3232987577.0634184	0.1150063	0.1100016	0.2766318	0.3877551	0.1743879	0.2826676	0.2171500	0.2150393	0.2709370	0.3767774	0.3206723	0.3126292	0.2517834	0.3906373	0.3401396	0.2996585
3232987577.0733066	0.1150281	0.1099792	0.2766235	0.3877674	0.1743838	0.2826629	0.2171327	0.2150403	0.2709364	0.3767816	0.3206736	0.3126130	0.2517648	0.3906445	0.3401498	0.2996604
3232987577.0831947	0.1150142	0.1099907	0.2766088	0.3877819	0.1744043	0.2826500	0.2171332	0.2150595	0.2709373	0.3767850	0.3206834	0.3126200	0.2517865	0.3906533	0.3401688	0.2996597
3232987577.0930829	0.1150064	0.1099898	0.2766263	0.3877704	0.1743953	0.2826560	0.2171371	0.2150538	0.2709634	0.3767851	0.3206934	0.3126095	0.2517680	0.3906457	0.3401429	0.2996567
3232987577.1029711	0.1150032	0.1099860	0.2766022	0.3877498	0.1743856	0.2826643	0.2171371	0.2150457	0.2709491	0.3767714	0.3206805	0.3126218	0.2517684	0.3906590	0.3401593	0.2996686
3232987577.1128592	0.1150069	0.1099981	0.2766396	0.3877703	0.1744062	0.2826623	0.2171299	0.2150567	0.2709549	0.3767917	0.3206824	0.3126271	0.2517546	0.3906534	0.3401504	0.2996789
3232987577.1227474	0.1150007	0.1099800	0.2766270	0.3877715	0.1744284	0.2826644	0.2171597	0.2150733	0.2709541	0.3767737	0.3206547	0.3126310	0.2517768	0.3906695	0.3401487	0.2996649
3232987577.1326356	0.1150153	0.1099914	0.2766217	0.3877712	0.1744027	0.2826711	0.2171283	0.2150474	0.2709405	0.3768065	0.3206687	0.3126235	0.2517584	0.3906452	0.3401472	0.2996870
3232987577.1425238	0.1149982	0.1099899	0.2766152	0.3877682	0.1743892	0.2826674	0.2171274	0.2150710	0.2709428	0.3767929	0.3206644	0.3126239	0.2517851	0.3906692	0.3401466	0.2996748
3232987577.1524100	0.1150121	0.1099906	0.2766098	0.3877726	0.1743989	0.2826699	0.2171414	0.2150617	0.2709318	0.3767909	0.3206729	0.3126064	0.2517598	0.3906345	0.3401488	0.2996764
3232987577.1622982	0.1150056	0.1100007	0.2766204	0.3877919	0.1743995	0.2826760	0.2171451	0.2150476	0.2709441	0.3768129	0.3206716	0.3126058	0.2517707	0.3906644	0.3401622	0.2996827
3232987577.1721864	0.1150201	0.1099862	0.2766203	0.3877844	0.1743985	0.2826695	0.2171344	0.2150689	0.2709411	0.3768011	0.3206727	0.3126216	0.2517925	0.3906659	0.3401371	0.2996592
3232987577.1820745	0.1150091	0.1099873	0.2766246	0.3877955	0.1743991	0.2826651	0.2171474	0.2150655	0.2709344	0.3768131	0.3206589	0.3126320	0.2517693	0.3906598	0.3401604	0.2996926
3232987577.1919627	0.1150103	0.1100058	0.2766116	0.3877796	0.1743886	0.2826619	0.2171472	0.2150535	0.2709393	0.3767955	0.3206503	0.3126163	0.2517669	0.3906600	0.3401298	0.2996875
3232987577.2018509	0.1150092	0.1100017	0.2766046	0.3877712	0.1744131	0.2826854	0.2171303	0.2150624	0.2709478	0.3768014	0.3206772	0.3126422	0.2517768	0.3906700	0.3401506	0.2996946
3232987577.2117391	0.1149996	0.1099893	0.2766182	0.3877728	0.1743891	0.2826742	0.2171233	0.2150663	0.2709447	0.3768002	0.3206670	0.3126339	0.2517892	0.3906561	0.3401417	0.2996856
3232987577.2216272	0.1150226	0.1099815	0.2766247	0.3877938	0.1743935	0.2826690	0.2171424	0.2150592	0.2709395	0.3767967	0.3206582	0.3126312	0.2517958	0.3906513	0.3401390	0.2996840
3232987577.2315154	0.1150038	0.1099935	0.2765966	0.3877778	0.1743881	0.2826655	0.2171367	0.2150568	0.2709544	0.3768064	0.3206725	0.3126457	0.2517929	0.3906597	0.3401673	0.2996706
3232987577.2414036	0.1150070	0.1099802	0.2766092	0.3877789	0.1744044	0.2826665	0.2171390	0.2150723	0.2709344	0.3767964	0.3206848	0.3126287	0.2517802	0.3906563	0.3401611	0.2996907
3232987577.2512903	0.1149924	0.1099843	0.2766112	0.3877694	0.1744066	0.2826737	0.2171270	0.2150586	0.2709542	0.3768132	0.3206710	0.3126244	0.2517752	0.3906628	0.3401520	0.2996824
3232987577.2611785	0.1150125	0.1099733	0.2766253	0.3877950	0.1743922	0.2826696	0.2171179	0.2150603	0.2709506	0.3768069	0.3206803	0.3126321	0.2517965	0.3906562	0.3401408	0.2996919
3232987577.2710667	0.1149986	0.1099824	0.2766149	0.3877799	0.1743735	0.2826711	0.2171179	0.2150588	0.2709324	0.3768100	0.3206679	0.3126233	0.2517923	0.3906807	0.3401435	0.2996855
3232987577.2809548	0.1149944	0.1100017	0.2766240	0.3877979	0.1744057	0.2826618	0.2171368	0.2150577	0.2709372	0.3768169	0.3206817	0.3126347	0.2517801	0.3906758	0.3401431	0.2996767
3232987577.2908430	0.1150084	0.1099919	0.2766291	0.3877716	0.1743913	0.2826958	0.2171278	0.2150677	0.2709304	0.3768119	0.3206602	0.3126251	0.2517691	0.3906810	0.3401437	0.2996940
3232987577.3007312	0.1150206	0.1099944	0.2766380	0.3877840	0.1743864	0.2826714	0.2171405	0.2150582	0.2709509	0.3768034	0.3206719	0.3126323	0.2517759	0.3906652	0.3401569	0.2996706
3232987577.3106194	0.1149932	0.1099961	0.2766202	0.3877911	0.1743966	0.2826682	0.2171317	0.2150703	0.2709246	0.3767969	0.3206641	0.3126260	0.2517698	0.3906849	0.3401403	0.2996996
3232987577.3205075	0.1150047	0.1099923	0.2766009	0.3877979	0.1743808	0.2826765	0.2171116	0.2150469	0.2709348	0.3768062	0.3206648	0.3126359	0.2517732	0.3906698	0.3401408	0.2996903
3232987577.3303957	0.1150256	0.1099980	0.2766250	0.3877964	0.1744034	0.2826849	0.2171049	0.2150628	0.2709334	0.3767978	0.3206769	0.3126234	0.2517589	0.3906684	0.3401688	0.2996823
3232987577.3402839	0.1150139	0.1099817	0.2766176	0.3877902	0.1744163	0.2826614	0.2171436	0.2150711	0.2709585	0.3768086	0.3206869	0.3126285	0.2517770	0.3906626	0.3401650	0.2996832
3232987577.3501701	0.1150025	0.1099761	0.2766113	0.3877794	0.1744032	0.2826836	0.2171269	0.2150716	0.2709230	0.3768094	0.3206783	0.3126319	0.2517769	0.3906696	0.3401674	0.2996975
3232987577.3600583	0.1150136	0.1099818	0.2765994	0.3877646	0.1743881	0.2826733	0.2171461	0.2150548	0.2709457	0.3768270	0.3206628	0.3126295	0.2517764	0.3906670	0.3401598	0.2996911
3232987577.3699465	0.1150119	0.1099846	0.2766067	0.3877895	0.1743820	0.2826717	0.2171292	0.2150566	0.2709385	0.3768096	0.3206645	0.3126243	0.2517655	0.3906693	0.3401470	0.2996818
3232987577.3798346	0.1150072	0.1099808	0.2766173	0.3877887	0.1744028	0.2826882	0.2171455	0.2150536	0.2709414	0.3767963	0.3206910	0.3126405	0.2517959	0.3906684	0.3401682	0.2996883
3232987577.3897228	0.1150109	0.1099981	0.2766325	0.3877917	0.1744246	0.2826925	0.2171516	0.2150725	0.2709311	0.3768026	0.3206690	0.3126407	0.2517902	0.3906726	0.3401532	0.2996870
3232987577.3996110	0.1150013	0.1100067	0.2766113	0.3877829	0.1744132	0.2826792	0.2171209	0.2150651	0.2709313	0.3768129	0.3206754	0.3126375	0.2517789	0.3906647	0.3401397	0.2996722
3232987577.4094992	0.1150014	0.1099918	0.2766176	0.3877860	0.1743999	0.2826737	0.2171403	0.2150559	0.2709492	0.3768084	0.3206903	0.3126359	0.2517776	0.3906740	0.3401581	0.2996979
3232987577.4193873	0.1150286	0.1099866	0.2766133	0.3877946	0.1743888	0.2826629	0.2171330	0.2150610	0.2709259	0.3767814	0.3206734	0.3126242	0.2517726	0.3906649	0.3401680	0.2996696
3232987577.4292755	0.1150026	0.1100018	0.2766169	0.3877823	0.1743797	0.2826931	0.2171329	0.2150700	0.2709367	0.3767997	0.3206672	0.3126408	0.2517721	0.3906829	0.3401463	0.2996908
3232987577.4391637	0.1150163	0.1099855	0.2766325	0.3877899	0.1744012	0.2826772	0.2171477	0.2150609	0.2709494	0.3768030	0.3206864	0.3126337	0.2517763	0.3906715	0.3401640	0.2996862
3232987577.4490499	0.1150101	0.1099782	0.2766223	0.3878039	0.1744073	0.2826768	0.2171275	0.2150826	0.2709359	0.3768119	0.3206733	0.3126259	0.2517707	0.3906828	0.3401560	0.2996932
3232987577.4589381	0.1150115	0.1099978	0.2766116	0.3877950	0.1743970	0.2826754	0.2171254	0.2150621	0.2709449	0.3767959	0.3206625	0.3126159	0.2517892	0.3906833	0.3401575	0.2996922
3232987577.4688263	0.1150083	0.1099794	0.2766116	0.3877892	0.1744119	0.2826720	0.2171235	0.2150662	0.2709517	0.3768025	0.3206660	0.3126182	0.2517879	0.3906601	0.3401537	0.2996806
3232987577.4787145	0.1150199	0.1099717	0.2766061	0.3878013	0.1743941	0.2826847	0.2171340	0.2150483	0.2709450	0.3768077	0.3206679	0.3126286	0.2517790	0.3906705	0.3401598	0.2996693
3232987577.4886026	0.1150106	0.1099779	0.2766183	0.3877844	0.1744051	0.2826838	0.2171240	0.2150726	0.2709426	0.3768216	0.3206828	0.3126301	0.2518014	0.3906716	0.3401498	0.2996989
3232987577.4984908	0.1150034	0.1099848	0.2766130	0.3877761	0.1744116	0.2826873	0.2171360	0.2150593	0.2709305	0.3767947	0.3206792	0.3126369	0.2517697	0.3906898	0.3401545	0.2996894
3232987577.5083790	0.1150029	0.1100013	0.2765963	0.3877834	0.1744043	0.2826660	0.2171334	0.2150581	0.2709379	0.3768068	0.3206688	0.3126154	0.2517682	0.3906733	0.3401750	0.2996792
3232987577.5182672	0.1150188	0.1099887	0.2766196	0.3877991	0.1744082	0.2826709	0.2171458	0.2150525	0.2709429	0.3767922	0.3206792	0.3126274	0.2517705	0.3906699	0.3401649	0.2996947
3232987577.5281553	0.1149942	0.1099793	0.2766202	0.3877915	0.1744026	0.2826635	0.2171383	0.2150562	0.2709439	0.3767990	0.3206653	0.3126331	0.2517714	0.3906893	0.3401437	0.2996850
3232987577.5380435	0.1150204	0.1099986	0.2766226	0.3877998	0.1743973	0.2826674	0.2171371	0.2150809	0.2709485	0.3768066	0.3206680	0.3126390	0.2517684	0.3906756	0.3401525	0.2996848
3232987577.5479302	0.1150049	0.1099834	0.2766183	0.3878032	0.1743981	0.2826877	0.2171449	0.2150656	0.2709402	0.3768144	0.3206718	0.3126293	0.2517688	0.3906780	0.3401507	0.2996809
3232987577.5578184	0.1150255	0.1099866	0.2766304	0.3877860	0.1743942	0.2826877	0.2171518	0.2150577	0.2709388	0.3768022	0.3206833	0.3126277	0.2517622	0.3906721	0.3401660	0.2996779
3232987577.5677066	0.1149797	0.1099848	0.2766204	0.3877955	0.1744060	0.2826908	0.2171343	0.2150448	0.2709409	0.3767904	0.3206722	0.3126161	0.2517784	0.3906733	0.3401486	0.2996947
3232987577.5775948	0.1150047	0.1100051	0.2766193	0.3877889	0.1744062	0.2826832	0.2171301	0.2150585	0.2709662	0.3768186	0.3206667	0.3126188	0.2517725	0.3906604	0.3401578	0.2996696
3232987577.5874829	0.1150074	0.1100011	0.2766172	0.3877864	0.1744014	0.2826727	0.2171257	0.2150579	0.2709572	0.3768029	0.3206803	0.3126272	0.2517708	0.3906619	0.3401378	0.2996918
3232987577.5973711	0.1150032	0.1099951	0.2766370	0.3877877	0.1744022	0.2826924	0.2171496	0.2150599	0.2709506	0.3767944	0.3206806	0.3126286	0.2517785	0.3906691	0.3401704	0.2996825
3232987577.6072593	0.1150209	0.1099821	0.2766085	0.3877894	0.1744109	0.2826869	0.2171434	0.2150804	0.2709577	0.3768018	0.3206731	0.3126259	0.2517825	0.3906637	0.3401397	0.2996762
3232987577.6171474	0.1150067	0.1099963	0.2766126	0.3877828	0.1743969	0.2826722	0.2171269	0.2150634	0.2709391	0.3768230	0.3206744	0.3126378	0.2517651	0.3906603	0.3401576	0.2996659
3232987577.6270356	0.1149998	0.1099893	0.2766241	0.3877872	0.1744098	0.2826632	0.2171396	0.2150601	0.2709504	0.3767958	0.3206765	0.3126296	0.2517834	0.3906641	0.3401556	0.2996913
3232987577.6369238	0.1150020	0.1099927	0.2765922	0.3877816	0.1743922	0.2826731	0.2171340	0.2150748	0.2709478	0.3768051	0.3206721	0.3126184	0.2517999	0.3906759	0.3401535	0.2996633
3232987577.6468101	0.1150056	0.1099831	0.2766241	0.3877790	0.1743932	0.2826552	0.2171428	0.2150681	0.2709585	0.3768087	0.3206634	0.3126270	0.2517527	0.3906661	0.3401508	0.2996864
3232987577.6566982	0.1150058	0.1099963	0.2766080	0.3877941	0.1743968	0.2826687	0.2171301	0.2150801	0.2709499	0.3767990	0.3206762	0.3126258	0.2517766	0.3906690	0.3401594	0.2996806
3232987577.6665864	0.1150254	0.1099947	0.2766169	0.3877858	0.1744083	0.2826606	0.2171414	0.2150589	0.2709326	0.3767893	0.3206732	0.3126196	0.2517693	0.3906651	0.3401517	0.2996921
3232987577.6764746	0.1150205	0.1099966	0.2766182	0.3877821	0.1744050	0.2826828	0.2171622	0.2150713	0.2709429	0.3767900	0.3206676	0.3126224	0.2517592	0.3906649	0.3401529	0.2996884
3232987577.6863627	0.1150100	0.1099891	0.2766141	0.3877994	0.1743932	0.2826717	0.2171242	0.2150685	0.2709391	0.3767945	0.3206708	0.3126089	0.2517702	0.3906575	0.3401436	0.2996960
3232987577.6962509	0.1150121	0.1099852	0.2766241	0.3877848	0.1743878	0.2826812	0.2171183	0.2150582	0.2709491	0.3768012	0.3206614	0.3126170	0.2517725	0.3906681	0.3401423	0.2996801
3232987577.7061391	0.1150147	0.1099869	0.2766268	0.3877627	0.1744074	0.2826754	0.2171380	0.2150654	0.2709459	0.3768053	0.3206816	0.3126222	0.2517864	0.3906594	0.3401595	0.2996897
3232987577.7160273	0.1149965	0.1099841	0.2766281	0.3877882	0.1743964	0.2826752	0.2171381	0.2150592	0.2709529	0.3767943	0.3206813	0.3126463	0.2517744	0.3906852	0.3401534	0.2996730
3232987577.7259154	0.1150154	0.1100033	0.2766032	0.3877841	0.1743962	0.2826632	0.2171381	0.2150514	0.2709362	0.3767804	0.3206651	0.3126124	0.2517887	0.3906460	0.3401535	0.2996954
3232987577.7358036	0.1149995	0.1099950	0.2766191	0.3877739	0.1743867	0.2826686	0.2171268	0.2150644	0.2709391	0.3767880	0.3206724	0.3126280	0.2517815	0.3906670	0.3401635	0.2996993
3232987577.7456899	0.1150134	0.1099939	0.2766214	0.3877895	0.1744024	0.2826606	0.2171377	0.2150627	0.2709392	0.3768014	0.3206795	0.3125949	0.2517853	0.3906649	0.3401609	0.2996889
3232987577.7555780	0.1150110	0.1099698	0.2766162	0.3877867	0.1743998	0.2826547	0.2171445	0.2150545	0.2709494	0.3767881	0.3206818	0.3126230	0.2517753	0.3906596	0.3401608	0.2996706
3232987577.7654662	0.1150241	0.1099933	0.2766258	0.3877804	0.1744202	0.2826986	0.2171173	0.2150531	0.2709379	0.3768071	0.3206838	0.3126203	0.2517721	0.3906721	0.3401516	0.2996811
3232987577.7753544	0.1150203	0.1099916	0.2766147	0.3877938	0.1744003	0.2826781	0.2171422	0.2150557	0.2709403	0.3767884	0.3206805	0.3126178	0.2517721	0.3906426	0.3401434	0.2996637
3232987577.7852426	0.1150061	0.1099860	0.2765941	0.3877745	0.1743967	0.2826554	0.2171249	0.2150576	0.2709408	0.3767904	0.3206728	0.3126214	0.2517874	0.3906681	0.3401464	0.2996963
3232987577.7951307	0.1150072	0.1100058	0.2766151	0.3877705	0.1743962	0.2826813	0.2171389	0.2150630	0.2709598	0.3768127	0.3206639	0.3126314	0.2517734	0.3906836	0.3401570	0.2996531
3232987577.8050189	0.1150127	0.1099899	0.2766289	0.3877860	0.1743931	0.2826766	0.2171383	0.2150662	0.2709568	0.3768156	0.3206737	0.3126199	0.2517718	0.3906517	0.3401322	0.2996891
3232987577.8149071	0.1150229	0.1099944	0.2766331	0.3877678	0.1744088	0.2826861	0.2171430	0.2150551	0.2709533	0.3768039	0.3206774	0.3126247	0.2517596	0.3906617	0.3401549	0.2996775
3232987577.8247952	0.1150050	0.1099892	0.2766160	0.3877888	0.1744068	0.2826820	0.2171366	0.2150451	0.2709451	0.3767967	0.3206553	0.3126421	0.2517693	0.3906579	0.3401467	0.2996780
3232987577.8346834	0.1149898	0.1100053	0.2766414	0.3877875	0.1743796	0.2826659	0.2171372	0.2150709	0.2709384	0.3768042	0.3206910	0.3126082	0.2517796	0.3906740	0.3401507	0.2996800
3232987577.8445702	0.1150054	0.1099870	0.2766197	0.3877875	0.1743829	0.2826640	0.2171316	0.2150566	0.2709386	0.3768247	0.3206653	0.3126307	0.2517798	0.3906532	0.3401477	0.2996636
3232987577.8544583	0.1150019	0.1099884	0.2765950	0.3877895	0.1743863	0.2826527	0.2171298	0.2150438	0.2709359	0.3768157	0.3206696	0.3126140	0.2517567	0.3906815	0.3401376	0.2996823
3232987577.8643465	0.1150011	0.1099907	0.2766147	0.3877849	0.1744069	0.2826689	0.2171484	0.2150661	0.2709370	0.3767900	0.3206734	0.3126312	0.2517482	0.3906608	0.3401583	0.2996663
3232987577.8742347	0.1150185	0.1100044	0.2766187	0.3877808	0.1744014	0.2826789	0.2171321	0.2150570	0.2709492	0.3768115	0.3206633	0.3126195	0.2517487	0.3906682	0.3401406	0.2996833
3232987577.8841228	0.1149983	0.1099883	0.2766194	0.3877759	0.1744033	0.2826713	0.2171339	0.2150479	0.2709449	0.3767968	0.3206588	0.3126372	0.2517617	0.3906560	0.3401386	0.2996755
3232987577.8940110	0.1149944	0.1099736	0.2766128	0.3878099	0.1744009	0.2826734	0.2171468	0.2150559	0.2709347	0.3767872	0.3206659	0.3126128	0.2517614	0.3906516	0.3401398	0.2996939
3232987577.9038992	0.1149960	0.1099823	0.2766207	0.3877788	0.1743941	0.2826898	0.2171419	0.2150669	0.2709375	0.3768093	0.3206649	0.3126212	0.2517596	0.3906562	0.3401383	0.2996809
3232987577.9137874	0.1149988	0.1099931	0.2766309	0.3877786	0.1743992	0.2826770	0.2171320	0.2150631	0.2709231	0.3768066	0.3206624	0.3126217	0.2517602	0.3906548	0.3401456	0.2996742
3232987577.9236755	0.1150211	0.1100102	0.2766128	0.3877819	0.1743896	0.2826706	0.2171375	0.2150679	0.2709312	0.3768079	0.3206460	0.3126196	0.2517529	0.3906745	0.3401517	0.2996684
3232987577.9335637	0.1150086	0.1099970	0.2766172	0.3877951	0.1744058	0.2826735	0.2171338	0.2150517	0.2709286	0.3768020	0.3206637	0.3126210	0.2517821	0.3906653	0.3401559	0.2996895
3232987577.9434500	0.1150244	0.1099941	0.2766003	0.3877717	0.1743921	0.2826721	0.2171362	0.2150817	0.2709455	0.3768025	0.3206520	0.3126198	0.2517760	0.3906605	0.3401373	0.2996859
3232987577.9533381	0.1150016	0.1099982	0.2766017	0.3877727	0.1743858	0.2826810	0.2171352	0.2150583	0.2709353	0.3767954	0.3206584	0.3126274	0.2517584	0.3906555	0.3401372	0.2996835
3232987577.9632263	0.1150236	0.1100061	0.2766152	0.3877883	0.1744110	0.2826727	0.2171354	0.2150851	0.2709289	0.3768081	0.3206554	0.3126052	0.2517478	0.3906759	0.3401441	0.2996771
3232987577.9731145	0.1150377	0.1100058	0.2766065	0.3877908	0.1744141	0.2826719	0.2171583	0.2150661	0.2709430	0.3768092	0.3206734	0.3126232	0.2517636	0.3906550	0.3401544	0.2996823
3232987577.9830027	0.1149981	0.1099837	0.2766203	0.3877875	0.1743963	0.2826782	0.2171362	0.2150737	0.2709185	0.3768129	0.3206597	0.3126155	0.2517548	0.3906622	0.3401210	0.2996876
3232987577.9928908	0.1150184	0.1099819	0.2766102	0.3877630	0.1744005	0.2826748	0.2171381	0.2150477	0.2709205	0.3768081	0.3206513	0.3126127	0.2517694	0.3906754	0.3401337	0.2996936
3232987578.0027790	0.1150027	0.1099759	0.2766347	0.3877722	0.1743992	0.2826709	0.2171155	0.2150682	0.2709354	0.3767876	0.3206536	0.3126276	0.2517558	0.3906648	0.3401307	0.2996822
3232987578.0126672	0.1150078	0.1099997	0.2766263	0.3877909	0.1743969	0.2826907	0.2171325	0.2150686	0.2709284	0.3768014	0.3206485	0.3126227	0.2517700	0.3906695	0.3401145	0.2996795
3232987578.0225553	0.1150093	0.1100200	0.2766159	0.3878004	0.1744012	0.2826767	0.2171372	0.2150642	0.2709045	0.3767894	0.3206458	0.3126234	0.2517498	0.3906645	0.3401254	0.2996783
3232987578.0324435	0.1150119	0.1099854	0.2766194	0.3877825	0.1743956	0.2826739	0.2171336	0.2150888	0.2709221	0.3768014	0.3206454	0.3126162	0.2517697	0.3906395	0.3401125	0.2997085
3232987578.0423303	0.1150024	0.1099874	0.2766252	0.3877980	0.1744003	0.2826764	0.2171378	0.2150611	0.2709333	0.3768011	0.3206380	0.3126157	0.2517614	0.3906609	0.3401341	0.2996764
3232987578.0522184	0.1150141	0.1099874	0.2765962	0.3878072	0.1743924	0.2826768	0.2171224	0.2150699	0.2709364	0.3768034	0.3206602	0.3126044	0.2517677	0.3906499	0.3401336	0.2996810
3232987578.0621066	0.1150059	0.1099894	0.2766127	0.3878115	0.1744035	0.2826636	0.2171305	0.2150690	0.2709176	0.3767964	0.3206378	0.3126174	0.2517505	0.3906579	0.3401196	0.2996758
3232987578.0719948	0.1150048	0.1099863	0.2766168	0.3877937	0.1744210	0.2826769	0.2171216	0.2150701	0.2709235	0.3767998	0.3206404	0.3126265	0.2517492	0.3906576	0.3401242	0.2996863
3232987578.0818830	0.1150168	0.1099770	0.2766129	0.3877939	0.1743995	0.2826820	0.2171527	0.2150669	0.2709269	0.3768070	0.3206624	0.3126331	0.2517540	0.3906823	0.3401289	0.2996798
3232987578.0917711	0.1150281	0.1099943	0.2766313	0.3877960	0.1743989	0.2826805	0.2171354	0.2150582	0.2709335	0.3768009	0.3206318	0.3126180	0.2517534	0.3906566	0.3401243	0.2996700
3232987578.1016593	0.1149984	0.1099965	0.2766024	0.3878054	0.1744261	0.2826752	0.2171290	0.2150664	0.2709214	0.3768034	0.3206542	0.3126208	0.2517677	0.3906723	0.3401235	0.2996796
3232987578.1115475	0.1150029	0.1099783	0.2766060	0.3878040	0.1744128	0.2826775	0.2171382	0.2150622	0.2709080	0.3768025	0.3206350	0.3126152	0.2517525	0.3906541	0.3401254	0.2996829
3232987578.1214356	0.1150117	0.1100118	0.2766099	0.3877982	0.1743996	0.2826875	0.2171328	0.2151019	0.2709246	0.3768053	0.3206439	0.3126288	0.2517532	0.3906970	0.3401193	0.2996683
3232987578.1313238	0.1150224	0.1100028	0.2766092	0.3878044	0.1743789	0.2826839	0.2171482	0.2150716	0.2708967	0.3767830	0.3206226	0.3126255	0.2517320	0.3906484	0.3400924	0.2996931
3232987578.1412101	0.1150175	0.1099842	0.2766338	0.3877917	0.1743833	0.2826925	0.2171287	0.2150845	0.2709121	0.3768000	0.3206440	0.3126258	0.2517565	0.3906446	0.3401107	0.2996705
3232987578.1510982	0.1150001	0.1100000	0.2766144	0.3877908	0.1743834	0.2826991	0.2171358	0.2150800	0.2709192	0.3767935	0.3206342	0.3126153	0.2517481	0.3906661	0.3401255	0.2996734
3232987578.1609864	0.1150029	0.1099853	0.2766130	0.3878162	0.1743809	0.2826967	0.2171414	0.2150696	0.2709050	0.3768036	0.3206369	0.3126275	0.2517313	0.3906590	0.3401133	0.2996676
3232987578.1708746	0.1150065	0.1099935	0.2766214	0.3878097	0.1744098	0.2826902	0.2171426	0.2150811	0.2709203	0.3767967	0.3206162	0.3126187	0.2517545	0.3906567	0.3401162	0.2996765
3232987578.1807628	0.1150082	0.1099764	0.2766241	0.3878019	0.1744128	0.2826949	0.2171406	0.2150716	0.2709184	0.3767776	0.3206231	0.3126269	0.2517469	0.3906615	0.3401151	0.2996932
3232987578.1906509	0.1150176	0.1099987	0.2766129	0.3878057	0.1744051	0.2826884	0.2171387	0.2150722	0.2709118	0.3768129	0.3206423	0.3126305	0.2517493	0.3906781	0.3401064	0.2996676
3232987578.2005391	0.1150175	0.1099941	0.2766211	0.3878038	0.1743972	0.2826825	0.2171232	0.2150884	0.2708908	0.3768037	0.3206350	0.3126312	0.2517353	0.3906539	0.3400942	0.2996662
3232987578.2104273	0.1150015	0.1099827	0.2766226	0.3877948	0.1743974	0.2826854	0.2171293	0.2150757	0.2709083	0.3767958	0.3206358	0.3126118	0.2517485	0.3906685	0.3400987	0.2996482
3232987578.2203155	0.1150116	0.1099974	0.2766096	0.3878068	0.1744006	0.2826822	0.2171110	0.2150772	0.2709050	0.3767929	0.3206389	0.3125967	0.2517490	0.3906458	0.3401101	0.2996788
3232987578.2302036	0.1150158	0.1100038	0.2766085	0.3878076	0.1744008	0.2826888	0.2171412	0.2150799	0.2709179	0.3768012	0.3206374	0.3126156	0.2517468	0.3906517	0.3401216	0.2996637
3232987578.2400899	0.1150069	0.1099992	0.2766109	0.3878006	0.1743891	0.2826841	0.2171453	0.2150794	0.2709072	0.3767978	0.3206343	0.3126114	0.2517544	0.3906518	0.3401097	0.2996830
3232987578.2499781	0.1150138	0.1099901	0.2766198	0.3877979	0.1743858	0.2826877	0.2171365	0.2150781	0.2708968	0.3767994	0.3206209	0.3126261	0.2517693	0.3906520	0.3401221	0.2996869
3232987578.2598662	0.1150239	0.1100076	0.2766221	0.3877910	0.1743869	0.2826890	0.2171304	0.2150688	0.2709061	0.3768024	0.3206455	0.3126350	0.2517593	0.3906569	0.3401280	0.2996637
3232987578.2697544	0.1150111	0.1099791	0.2766218	0.3877848	0.1743971	0.2826774	0.2171450	0.2150744	0.2709161	0.3767921	0.3206354	0.3126349	0.2517495	0.3906635	0.3401188	0.2996789
3232987578.2796426	0.1150143	0.1099880	0.2766114	0.3877925	0.1744056	0.2826868	0.2171388	0.2150832	0.2709248	0.3768103	0.3206397	0.3126242	0.2517718	0.3906564	0.3401081	0.2996827
3232987578.2895308	0.1150135	0.1099960	0.2766102	0.3877878	0.1744066	0.2826779	0.2171444	0.2150666	0.2709198	0.3767915	0.3206293	0.3126186	0.2517399	0.3906523	0.3401210	0.2996632
3232987578.2994189	0.1150181	0.1099939	0.2766399	0.3878124	0.1743945	0.2826890	0.2171516	0.2150590	0.2709247	0.3767896	0.3206400	0.3126231	0.2517505	0.3906633	0.3401099	0.2996679
3232987578.3093071	0.1150007	0.1099891	0.2766143	0.3877975	0.1743822	0.2826850	0.2171303	0.2150658	0.2709181	0.3768036	0.3206212	0.3126177	0.2517315	0.3906810	0.3401190	0.2996561
3232987578.3191953	0.1150030	0.1100091	0.2766150	0.3878048	0.1744088	0.2826851	0.2171127	0.2150762	0.2709016	0.3768013	0.3206281	0.3126244	0.2517520	0.3906629	0.3401224	0.2996871
3232987578.3290834	0.1150072	0.1099871	0.2766125	0.3877978	0.1743940	0.2826844	0.2171122	0.2150482	0.2709262	0.3767986	0.3206433	0.3126189	0.2517508	0.3906789	0.3401094	0.2996683
3232987578.3389702	0.1150207	0.1099937	0.2766248	0.3878134	0.1744187	0.2826859	0.2171289	0.2150768	0.2709289	0.3768089	0.3206566	0.3126208	0.2517437	0.3906798	0.3401271	0.2996860
3232987578.3488584	0.1150245	0.1100160	0.2766250	0.3878059	0.1744170	0.2826861	0.2171422	0.2150983	0.2709037	0.3767937	0.3206597	0.3126405	0.2517653	0.3906792	0.3401102	0.2996825
3232987578.3587465	0.1150206	0.1099919	0.2766115	0.3877986	0.1743931	0.2826920	0.2171501	0.2150567	0.2709159	0.3768135	0.3206489	0.3126448	0.2517728	0.3906571	0.3401085	0.2996711
3232987578.3686347	0.1150082	0.1099941	0.2766135	0.3877740	0.1743750	0.2826595	0.2171181	0.2150723	0.2709282	0.3768208	0.3206382	0.3126301	0.2517498	0.3906700	0.3401159	0.2996956
3232987578.3785229	0.1150122	0.1100167	0.2766159	0.3877969	0.1743939	0.2826734	0.2171242	0.2150769	0.2709247	0.3768073	0.3206416	0.3126462	0.2517681	0.3906676	0.3401102	0.2996653
3232987578.3884110	0.1150086	0.1100054	0.2766030	0.3877992	0.1743966	0.2826856	0.2171349	0.2150757	0.2709212	0.3767989	0.3206414	0.3126296	0.2517611	0.3906765	0.3401148	0.2997016
3232987578.3982992	0.1150227	0.1099986	0.2766181	0.3877788	0.1744023	0.2826880	0.2171554	0.2150726	0.2709209	0.3768070	0.3206257	0.3126091	0.2517594	0.3906630	0.3401473	0.2996843
3232987578.4081874	0.1150089	0.1099726	0.2766212	0.3877961	0.1743935	0.2826629	0.2171450	0.2150663	0.2709301	0.3767984	0.3206697	0.3126144	0.2517704	0.3906740	0.3401341	0.2996872
3232987578.4180756	0.1150051	0.1099908	0.2766367	0.3878010	0.1744037	0.2826859	0.2171318	0.2150718	0.2709209	0.3768127	0.3206621	0.3126284	0.2517451	0.3906537	0.3401395	0.2996695
3232987578.4279637	0.1150116	0.1099804	0.2766053	0.3878156	0.1743931	0.2826683	0.2171371	0.2150653	0.2709337	0.3767911	0.3206676	0.3126169	0.2517652	0.3906574	0.3401308	0.2996932
3232987578.4378500	0.1150111	0.1099871	0.2766042	0.3877934	0.1743866	0.2826800	0.2171219	0.2150604	0.2709416	0.3768016	0.3206459	0.3126193	0.2517665	0.3906591	0.3401153	0.2996903
3232987578.4477382	0.1150135	0.1099782	0.2766231	0.3877998	0.1744041	0.2826869	0.2171326	0.2150821	0.2709320	0.3767979	0.3206441	0.3126318	0.2517423	0.3906757	0.3401466	0.2996848
3232987578.4576263	0.1150289	0.1099847	0.2766245	0.3877637	0.1743905	0.2826677	0.2171335	0.2150664	0.2709406	0.3768016	0.3206525	0.3126277	0.2517474	0.3906575	0.3401556	0.2996831
3232987578.4675145	0.1150153	0.1099920	0.2766011	0.3877903	0.1743926	0.2826617	0.2171241	0.2150693	0.2709376	0.3768096	0.3206615	0.3126335	0.2517663	0.3906573	0.3401233	0.2996893
3232987578.4774027	0.1149954	0.1099963	0.2766139	0.3877769	0.1744049	0.2826730	0.2171366	0.2150532	0.2709257	0.3767982	0.3206706	0.3126257	0.2517609	0.3906676	0.3401233	0.2996725
3232987578.4872909	0.1150059	0.1099842	0.2766163	0.3877949	0.1744023	0.2826734	0.2171352	0.2150499	0.2709422	0.3767975	0.3206429	0.3126196	0.2517681	0.3906556	0.3401439	0.2996793
3232987578.4971790	0.1150123	0.1099840	0.2766223	0.3877837	0.1743866	0.2826800	0.2171176	0.2150775	0.2709529	0.3768104	0.3206608	0.3126309	0.2517840	0.3906813	0.3401515	0.2997067
3232987578.5070672	0.1150275	0.1099857	0.2766257	0.3877860	0.1744016	0.2826656	0.2171398	0.2150400	0.2709368	0.3767858	0.3206774	0.3126284	0.2517736	0.3906620	0.3401548	0.2996716
3232987578.5169554	0.1150120	0.1099829	0.2766298	0.3877833	0.1744009	0.2826795	0.2171435	0.2150621	0.2709433	0.3767843	0.3206731	0.3126243	0.2517775	0.3906616	0.3401676	0.2996626
3232987578.5268435	0.1149969	0.1099827	0.2766193	0.3877714	0.1743970	0.2826770	0.2171101	0.2150424	0.2709496	0.3768139	0.3206649	0.3126224	0.2517876	0.3906532	0.3401423	0.2996724
3232987578.5367303	0.1150175	0.1099956	0.2766172	0.3877813	0.1743953	0.2826842	0.2171191	0.2150657	0.2709413	0.3767805	0.3206686	0.3126092	0.2517761	0.3906420	0.3401361	0.2996658
3232987578.5466185	0.1150051	0.1099906	0.2766227	0.3877865	0.1743963	0.2826906	0.2171387	0.2150577	0.2709340	0.3767888	0.3206635	0.3126155	0.2517741	0.3906565	0.3401507	0.2996838
3232987578.5565066	0.1150102	0.1099862	0.2766265	0.3877920	0.1743798	0.2826762	0.2171217	0.2150676	0.2709391	0.3767756	0.3206719	0.3126155	0.2517768	0.3906581	0.3401495	0.2996795
3232987578.5663948	0.1150118	0.1099863	0.2766018	0.3877881	0.1743850	0.2826788	0.2171396	0.2150698	0.2709569	0.3767902	0.3206776	0.3126077	0.2517778	0.3906543	0.3401517	0.2996689
3232987578.5762830	0.1149880	0.1100038	0.2766210	0.3877729	0.1743900	0.2826661	0.2171407	0.2150508	0.2709488	0.3768051	0.3206763	0.3126098	0.2517771	0.3906590	0.3401630	0.2996842
3232987578.5861711	0.1150042	0.1099988	0.2766284	0.3877546	0.1744048	0.2826566	0.2171330	0.2150418	0.2709415	0.3767969	0.3206743	0.3126157	0.2517869	0.3906547	0.3401476	0.2996810
3232987578.5960593	0.1150070	0.1099963	0.2766139	0.3877655	0.1743945	0.2826708	0.2171225	0.2150632	0.2709513	0.3767861	0.3206872	0.3126162	0.2517811	0.3906514	0.3401612	0.2996659
3232987578.6059475	0.1150133	0.1099859	0.2766179	0.3877836	0.1744005	0.2826837	0.2171512	0.2150457	0.2709310	0.3767966	0.3206883	0.3126142	0.2517901	0.3906395	0.3401616	0.2996615
3232987578.6158357	0.1150211	0.1099899	0.2766224	0.3877832	0.1744006	0.2826641	0.2171556	0.2150428	0.2709625	0.3767661	0.3206857	0.3126051	0.2517800	0.3906523	0.3401575	0.2996648
3232987578.6257238	0.1150004	0.1100067	0.2766297	0.3877768	0.1744169	0.2826618	0.2171299	0.2150487	0.2709282	0.3767927	0.3206881	0.3126361	0.2517914	0.3906461	0.3401665	0.2996652
3232987578.6356101	0.1150063	0.1100107	0.2766144	0.3877636	0.1744019	0.2826649	0.2171503	0.2150545	0.2709426	0.3767830	0.3206866	0.3126046	0.2517614	0.3906620	0.3401522	0.2996570
3232987578.6454983	0.1150070	0.1099772	0.2766114	0.3877934	0.1743836	0.2826580	0.2171357	0.2150399	0.2709551	0.3767918	0.3206745	0.3126045	0.2517845	0.3906530	0.3401455	0.2996721
3232987578.6553864	0.1150246	0.1099912	0.2766083	0.3877565	0.1744063	0.2826582	0.2171230	0.2150498	0.2709480	0.3767863	0.3206916	0.3126150	0.2517790	0.3906577	0.3401653	0.2996603
3232987578.6652746	0.1150171	0.1099785	0.2766428	0.3877641	0.1744006	0.2826605	0.2171510	0.2150547	0.2709694	0.3768034	0.3206656	0.3126107	0.2517981	0.3906386	0.3401778	0.2996625
3232987578.6751628	0.1150191	0.1099763	0.2766426	0.3877782	0.1744087	0.2826706	0.2171313	0.2150583	0.2709406	0.3767921	0.3207004	0.3126209	0.2517801	0.3906484	0.3401546	0.2996702
3232987578.6850510	0.1150050	0.1100016	0.2766157	0.3877631	0.1743906	0.2826638	0.2171001	0.2150474	0.2709359	0.3767911	0.3206843	0.3126223	0.2517867	0.3906533	0.3401521	0.2996732
3232987578.6949391	0.1150204	0.1099819	0.2766189	0.3877691	0.1744049	0.2826850	0.2171355	0.2150577	0.2709574	0.3768002	0.3206722	0.3126210	0.2517848	0.3906444	0.3401729	0.2996604
3232987578.7048273	0.1150130	0.1099833	0.2766018	0.3877710	0.1744003	0.2826622	0.2171214	0.2150438	0.2709504	0.3767793	0.3206750	0.3126038	0.2517887	0.3906548	0.3401597	0.2996718
3232987578.7147155	0.1149925	0.1099959	0.2766375	0.3877646	0.1743990	0.2826485	0.2171512	0.2150542	0.2709505	0.3767971	0.3206743	0.3125967	0.2517909	0.3906584	0.3401581	0.2996785
3232987578.7246037	0.1150134	0.1099736	0.2766282	0.3877751	0.1743917	0.2826676	0.2171356	0.2150690	0.2709591	0.3767868	0.3206858	0.3126297	0.2517922	0.3906406	0.3401449	0.2996436
3232987578.7344899	0.1150155	0.1099795	0.2766172	0.3877711	0.1744019	0.2826619	0.2171477	0.2150427	0.2709538	0.3767988	0.3206838	0.3126022	0.2517688	0.3906401	0.3401718	0.2996657
3232987578.7443781	0.1150007	0.1099935	0.2766242	0.3877514	0.1743972	0.2826524	0.2171426	0.2150679	0.2709459	0.3767935	0.3206971	0.3126130	0.2517707	0.3906718	0.3401840	0.2996583
3232987578.7542663	0.1150154	0.1099649	0.2766162	0.3877693	0.1744116	0.2826566	0.2171290	0.2150331	0.2709633	0.3767861	0.3206794	0.3126093	0.2517902	0.3906565	0.3401505	0.2996614
3232987578.7641544	0.1150101	0.1099702	0.2766119	0.3877530	0.1744113	0.2826519	0.2171357	0.2150400	0.2709597	0.3767839	0.3206908	0.3126054	0.2517839	0.3906503	0.3401648	0.2996625
3232987578.7740426	0.1150080	0.1099892	0.2766273	0.3877719	0.1744125	0.2826503	0.2171262	0.2150476	0.2709282	0.3767906	0.3206976	0.3126153	0.2517777	0.3906578	0.3401557	0.2996682
3232987578.7839308	0.1150190	0.1099682	0.2766127	0.3877756	0.1743970	0.2826550	0.2171377	0.2150504	0.2709687	0.3767810	0.3206867	0.3126082	0.2517704	0.3906418	0.3401700	0.2996696
3232987578.7938189	0.1150217	0.1099722	0.2766209	0.3877688	0.1744056	0.2826623	0.2171338	0.2150400	0.2709391	0.3767713	0.3206789	0.3126159	0.2517716	0.3906465	0.3401496	0.2996592
3232987578.8037071	0.1150083	0.1099785	0.2766418	0.3877537	0.1744218	0.2826477	0.2171241	0.2150714	0.2709406	0.3767710	0.3206923	0.3126179	0.2517843	0.3906453	0.3401452	0.2996484
3232987578.8135953	0.1150212	0.1099860	0.2766311	0.3877768	0.1744174	0.2826582	0.2171411	0.2150561	0.2709393	0.3767982	0.3206779	0.3125935	0.2517888	0.3906489	0.3401667	0.2996624
3232987578.8234835	0.1150296	0.1099869	0.2766247	0.3877812	0.1744004	0.2826749	0.2171446	0.2150403	0.2709498	0.3767695	0.3206780	0.3126008	0.2517823	0.3906433	0.3401549	0.2996673
3232987578.8333702	0.1150192	0.1099860	0.2766207	0.3877636	0.1744000	0.2826307	0.2171414	0.2150430	0.2709575	0.3767738	0.3206830	0.3126008	0.2517830	0.3906290	0.3401696	0.2996400
3232987578.8432584	0.1150153	0.1099771	0.2766032	0.3877632	0.1744032	0.2826502	0.2171307	0.2150417	0.2709631	0.3767700	0.3206806	0.3126066	0.2517882	0.3906494	0.3401656	0.2996600
3232987578.8531466	0.1150013	0.1099763	0.2766052	0.3877607	0.1744232	0.2826552	0.2171307	0.2150376	0.2709665	0.3767941	0.3206605	0.3126102	0.2517947	0.3906398	0.3401518	0.2996708
3232987578.8630347	0.1150054	0.1099885	0.2766253	0.3877737	0.1744414	0.2826577	0.2171458	0.2150568	0.2709484	0.3767860	0.3206834	0.3126288	0.2517946	0.3906479	0.3401686	0.2996716
3232987578.8729229	0.1150100	0.1099896	0.2766313	0.3877646	0.1744098	0.2826526	0.2171443	0.2150570	0.2709576	0.3767775	0.3206840	0.3126077	0.2518025	0.3906407	0.3401665	0.2996666
3232987578.8828111	0.1149866	0.1099896	0.2766340	0.3877536	0.1744037	0.2826586	0.2171317	0.2150610	0.2709475	0.3767869	0.3206921	0.3126114	0.2517922	0.3906506	0.3401781	0.2996562
3232987578.8926992	0.1150295	0.1099844	0.2766371	0.3877508	0.1744086	0.2826532	0.2171670	0.2150349	0.2709575	0.3767740	0.3206967	0.3126091	0.2517860	0.3906425	0.3401572	0.2996793
3232987578.9025874	0.1149987	0.1099807	0.2766149	0.3877522	0.1743937	0.2826650	0.2171328	0.2150540	0.2709511	0.3767632	0.3206937	0.3126021	0.2517687	0.3906716	0.3401855	0.2996791
3232987578.9124756	0.1149918	0.1099836	0.2766260	0.3877469	0.1743936	0.2826561	0.2171417	0.2150421	0.2709404	0.3768022	0.3206826	0.3126220	0.2517701	0.3906590	0.3401654	0.2996649
3232987578.9223638	0.1150180	0.1099802	0.2766457	0.3877721	0.1744114	0.2826612	0.2171524	0.2150648	0.2709545	0.3767708	0.3206834	0.3126172	0.2517811	0.3906526	0.3401883	0.2996675
3232987578.9322500	0.1150049	0.1099788	0.2766258	0.3877713	0.1744092	0.2826626	0.2171437	0.2150608	0.2709584	0.3767846	0.3206768	0.3126210	0.2517778	0.3906267	0.3401766	0.2996675
3232987578.9421382	0.1150117	0.1099829	0.2766207	0.3877483	0.1744044	0.2826472	0.2171449	0.2150458	0.2709525	0.3768038	0.3206984	0.3125973	0.2517814	0.3906473	0.3401770	0.2996747
3232987578.9520264	0.1150047	0.1099862	0.2766341	0.3877564	0.1744051	0.2826535	0.2171177	0.2150459	0.2709472	0.3767710	0.3206749	0.3125965	0.2517920	0.3906443	0.3401675	0.2996652
3232987578.9619145	0.1150145	0.1099955	0.2766185	0.3877564	0.1744071	0.2826593	0.2171205	0.2150449	0.2709498	0.3767827	0.3206717	0.3126037	0.2517686	0.3906484	0.3401617	0.2996613
3232987578.9718027	0.1150169	0.1099917	0.2766160	0.3877540	0.1743978	0.2826574	0.2171609	0.2150561	0.2709652	0.3767691	0.3207013	0.3126098	0.2517743	0.3906469	0.3401656	0.2996515
3232987578.9816909	0.1150351	0.1099905	0.2766301	0.3877657	0.1744075	0.2826606	0.2171480	0.2150466	0.2709508	0.3767926	0.3206948	0.3126177	0.2518100	0.3906377	0.3401569	0.2996634
3232987578.9915791	0.1150012	0.1099745	0.2766273	0.3877665	0.1744114	0.2826614	0.2171205	0.2150317	0.2709524	0.3767964	0.3206941	0.3126168	0.2517743	0.3906419	0.3401685	0.2996591
3232987579.0014672	0.1150182	0.1099870	0.2766057	0.3877427	0.1743894	0.2826385	0.2171258	0.2150475	0.2709589	0.3767756	0.3206694	0.3125832	0.2517747	0.3906486	0.3401630	0.2996660
3232987579.0113554	0.1150157	0.1099918	0.2766244	0.3877351	0.1743805	0.2826833	0.2171263	0.2150564	0.2709481	0.3767844	0.3207132	0.3126216	0.2517761	0.3906500	0.3401736	0.2996429
3232987579.0212436	0.1150243	0.1099935	0.2766061	0.3877720	0.1744128	0.2826643	0.2171479	0.2150385	0.2709444	0.3767758	0.3207000	0.3126023	0.2517631	0.3906573	0.3401642	0.2996725
3232987579.0311303	0.1150235	0.1099756	0.2766217	0.3877586	0.1743976	0.2826516	0.2171420	0.2150394	0.2709427	0.3767737	0.3206882	0.3126125	0.2517708	0.3906354	0.3401783	0.2996573
3232987579.0410185	0.1150274	0.1099839	0.2766254	0.3877696	0.1744051	0.2826728	0.2171343	0.2150444	0.2709675	0.3767737	0.3206684	0.3125961	0.2517836	0.3906305	0.3401758	0.2996609
3232987579.0509067	0.1150356	0.1099880	0.2766064	0.3877504	0.1744105	0.2826505	0.2171390	0.2150588	0.2709668	0.3767678	0.3206825	0.3125947	0.2517760	0.3906347	0.3401749	0.2996504
3232987579.0607948	0.1150180	0.1099911	0.2766124	0.3877714	0.1744004	0.2826594	0.2171289	0.2150473	0.2709558	0.3767741	0.3206888	0.3126208	0.2517769	0.3906469	0.3401686	0.2996706
3232987579.0706830	0.1150137	0.1099851	0.2766184	0.3877647	0.1744111	0.2826574	0.2171317	0.2150381	0.2709514	0.3768017	0.3206780	0.3126085	0.2517718	0.3906422	0.3401651	0.2996556
3232987579.0805712	0.1150143	0.1099804	0.2766258	0.3877566	0.1743957	0.2826478	0.2171495	0.2150396	0.2709537	0.3767974	0.3206912	0.3126152	0.2517840	0.3906460	0.3401638	0.2996823
3232987579.0904593	0.1150139	0.1099906	0.2766252	0.3877595	0.1743963	0.2826625	0.2171196	0.2150619	0.2709432	0.3767764	0.3206716	0.3126110	0.2517846	0.3906553	0.3401630	0.2996796
3232987579.1003475	0.1150165	0.1099887	0.2766115	0.3877744	0.1744295	0.2826675	0.2171426	0.2150449	0.2709413	0.3767940	0.3206984	0.3126062	0.2517891	0.3906484	0.3401825	0.2996632
3232987579.1102357	0.1150032	0.1099972	0.2766384	0.3877591	0.1743915	0.2826591	0.2171255	0.2150584	0.2709614	0.3767922	0.3206819	0.3126160	0.2517851	0.3906615	0.3401650	0.2996720
3232987579.1201239	0.1150135	0.1099750	0.2766197	0.3877630	0.1743989	0.2826587	0.2171163	0.2150524	0.2709690	0.3767902	0.3206815	0.3126364	0.2517927	0.3906416	0.3401565	0.2996587
3232987579.1300101	0.1150253	0.1099734	0.2766071	0.3877734	0.1744091	0.2826607	0.2171287	0.2150413	0.2709468	0.3767727	0.3206922	0.3126080	0.2517699	0.3906315	0.3401643	0.2996623
3232987579.1398983	0.1150257	0.1099742	0.2766156	0.3877645	0.1744098	0.2826568	0.2171460	0.2150556	0.2709674	0.3767928	0.3206949	0.3126108	0.2517899	0.3906512	0.3401688	0.2996748
3232987579.1497865	0.1150049	0.1099703	0.2766256	0.3877609	0.1743890	0.2826607	0.2171331	0.2150528	0.2709512	0.3767888	0.3206649	0.3126223	0.2517951	0.3906545	0.3401730	0.2996669
3232987579.1596746	0.1150078	0.1099823	0.2766106	0.3877658	0.1744036	0.2826509	0.2171293	0.2150355	0.2709409	0.3767857	0.3206917	0.3126126	0.2517773	0.3906317	0.3401733	0.2996571
3232987579.1695628	0.1150166	0.1099774	0.2766254	0.3877612	0.1744034	0.2826679	0.2171343	0.2150547	0.2709469	0.3767811	0.3206758	0.3126157	0.2517737	0.3906551	0.3401747	0.2996753
3232987579.1794510	0.1150148	0.1099875	0.2766091	0.3877619	0.1744067	0.2826596	0.2171250	0.2150439	0.2709444	0.3767931	0.3206827	0.3126291	0.2517979	0.3906370	0.3401715	0.2996620
3232987579.1893392	0.1150230	0.1099856	0.2766159	0.3877552	0.1744057	0.2826608	0.2171425	0.2150659	0.2709518	0.3768092	0.3206859	0.3126164	0.2517728	0.3906450	0.3401709	0.2996702
3232987579.1992273	0.1150239	0.1099768	0.2766130	0.3877764	0.1743948	0.2826578	0.2171441	0.2150415	0.2709466	0.3767879	0.3206697	0.3126187	0.2517922	0.3906484	0.3401639	0.2996674
3232987579.2091155	0.1150095	0.1099808	0.2766338	0.3877620	0.1744008	0.2826675	0.2171330	0.2150533	0.2709500	0.3767825	0.3206940	0.3125980	0.2517886	0.3906633	0.3401603	0.2996620
3232987579.2190037	0.1150123	0.1099646	0.2766040	0.3877490	0.1743918	0.2826611	0.2171416	0.2150563	0.2709605	0.3767808	0.3206674	0.3126124	0.2517877	0.3906388	0.3401577	0.2996541
3232987579.2288899	0.1150070	0.1099842	0.2766265	0.3877647	0.1743970	0.2826404	0.2171214	0.2150696	0.2709485	0.3767774	0.3206717	0.3126264	0.2517783	0.3906339	0.3401654	0.2996877
3232987579.2387781	0.1150188	0.1099756	0.2766213	0.3877736	0.1744050	0.2826784	0.2171567	0.2150546	0.2709477	0.3767865	0.3206828	0.3126121	0.2517834	0.3906531	0.3401597	0.2996719
3232987579.2486663	0.1150190	0.1099814	0.2766087	0.3877647	0.1744066	0.2826580	0.2171264	0.2150545	0.2709277	0.3767992	0.3206735	0.3125997	0.2517788	0.3906301	0.3401731	0.2996761
3232987579.2585545	0.1150170	0.1099628	0.2766275	0.3877679	0.1743860	0.2826686	0.2171306	0.2150384	0.2709415	0.3768002	0.3206676	0.3126231	0.2517662	0.3906533	0.3401681	0.2996441
3232987579.2684426	0.1150165	0.1099948	0.2766252	0.3877532	0.1744085	0.2826344	0.2171248	0.2150479	0.2709344	0.3767906	0.3206681	0.3126100	0.2517754	0.3906682	0.3401752	0.2996613
3232987579.2783308	0.1149951	0.1099622	0.2766115	0.3877482	0.1744056	0.2826716	0.2171164	0.2150395	0.2709585	0.3767981	0.3206926	0.3126173	0.2517819	0.3906529	0.3401716	0.2996715
3232987579.2882190	0.1150066	0.1099964	0.2766180	0.3877713	0.1743995	0.2826762	0.2171200	0.2150455	0.2709711	0.3767931	0.3206730	0.3126127	0.2517964	0.3906486	0.3401467	0.2996638
3232987579.2981071	0.1150139	0.1099959	0.2766041	0.3877613	0.1744100	0.2826681	0.2171599	0.2150653	0.2709480	0.3767818	0.3206819	0.3126155	0.2517900	0.3906703	0.3401631	0.2996471
3232987579.3079953	0.1150155	0.1099936	0.2766179	0.3877616	0.1743992	0.2826586	0.2171345	0.2150368	0.2709568	0.3767903	0.3206857	0.3126240	0.2517863	0.3906507	0.3401620	0.2996847
3232987579.3178835	0.1150019	0.1099891	0.2766187	0.3877527	0.1743839	0.2826626	0.2171296	0.2150489	0.2709536	0.3767904	0.3206736	0.3126147	0.2517815	0.3906395	0.3401621	0.2996776
3232987579.3277702	0.1150144	0.1099842	0.2766086	0.3877669	0.1743933	0.2826472	0.2171354	0.2150495	0.2709688	0.3767996	0.3206882	0.3126174	0.2517779	0.3906465	0.3401640	0.2996711
3232987579.3376584	0.1150080	0.1099769	0.2766268	0.3877701	0.1744091	0.2826489	0.2171145	0.2150480	0.2709440	0.3767931	0.3206974	0.3125958	0.2517901	0.3906489	0.3401604	0.2996873
3232987579.3475466	0.1150150	0.1099972	0.2765969	0.3877607	0.1744065	0.2826687	0.2171255	0.2150417	0.2709559	0.3767842	0.3206796	0.3126226	0.2517779	0.3906521	0.3401612	0.2996871
3232987579.3574347	0.1149995	0.1099913	0.2766137	0.3877624	0.1743841	0.2826603	0.2171404	0.2150599	0.2709600	0.3767864	0.3206747	0.3126256	0.2517862	0.3906620	0.3401608	0.2996736
3232987579.3673229	0.1150124	0.1099854	0.2766181	0.3877787	0.1743983	0.2826568	0.2171193	0.2150541	0.2709562	0.3767854	0.3206804	0.3126156	0.2517789	0.3906601	0.3401591	0.2996753
3232987579.3772111	0.1150133	0.1099997	0.2766171	0.3877734	0.1743958	0.2826508	0.2171295	0.2150641	0.2709515	0.3767819	0.3206826	0.3125946	0.2517840	0.3906458	0.3401781	0.2996923
3232987579.3870993	0.1150106	0.1099858	0.2766256	0.3877544	0.1744100	0.2826550	0.2171184	0.2150490	0.2709729	0.3767975	0.3206817	0.3126218	0.2517843	0.3906503	0.3401705	0.2996632
3232987579.3969874	0.1150056	0.1099877	0.2766120	0.3877660	0.1743930	0.2826463	0.2171334	0.2150596	0.2709585	0.3767900	0.3206919	0.3126132	0.2517849	0.3906570	0.3401651	0.2996707
3232987579.4068756	0.1149959	0.1099741	0.2766268	0.3877666	0.1744092	0.2826725	0.2171344	0.2150500	0.2709614	0.3767847	0.3206802	0.3126119	0.2517970	0.3906293	0.3401683	0.2996660
3232987579.4167638	0.1150200	0.1099932	0.2766105	0.3877768	0.1743930	0.2826571	0.2171528	0.2150600	0.2709472	0.3767871	0.3206898	0.3126009	0.2517842	0.3906598	0.3401676	0.2996527
3232987579.4266500	0.1150101	0.1099759	0.2766212	0.3877766	0.1744020	0.2826730	0.2171216	0.2150494	0.2709341	0.3767846	0.3206642	0.3126176	0.2517820	0.3906565	0.3401462	0.2996660
3232987579.4365382	0.1150083	0.1099901	0.2766028	0.3877723	0.1744009	0.2826480	0.2171323	0.2150524	0.2709217	0.3767868	0.3206855	0.3126133	0.2517577	0.3906471	0.3401697	0.2996642
3232987579.4464264	0.1150089	0.1100066	0.2766088	0.3877779	0.1743895	0.2826608	0.2171364	0.2150586	0.2709581	0.3767820	0.3206702	0.3126247	0.2517815	0.3906508	0.3401735	0.2996678
3232987579.4563146	0.1150181	0.1099955	0.2766176	0.3877661	0.1744024	0.2826705	0.2171324	0.2150520	0.2709610	0.3767784	0.3206826	0.3126215	0.2517900	0.3906532	0.3401729	0.2996677
3232987579.4662027	0.1150127	0.1099886	0.2766097	0.3877654	0.1744195	0.2826751	0.2171289	0.2150753	0.2709470	0.3767940	0.3206794	0.3126213	0.2517901	0.3906420	0.3401612	0.2996424
3232987579.4760909	0.1149921	0.1099960	0.2766092	0.3877746	0.1743925	0.2826758	0.2171425	0.2150475	0.2709443	0.3767743	0.3206938	0.3126278	0.2517772	0.3906496	0.3401700	0.2996731
3232987579.4859791	0.1150155	0.1099661	0.2766344	0.3877622	0.1743872	0.2826363	0.2171133	0.2150583	0.2709425	0.3767809	0.3206721	0.3126129	0.2517849	0.3906284	0.3401686	0.2996651
3232987579.4958673	0.1150228	0.1099960	0.2766167	0.3877580	0.1743955	0.2826358	0.2171298	0.2150383	0.2709465	0.3767698	0.3207003	0.3126094	0.2517896	0.3906444	0.3401644	0.2996692
3232987579.5057554	0.1150046	0.1099868	0.2766092	0.3877680	0.1743967	0.2826661	0.2171386	0.2150632	0.2709623	0.3767693	0.3206990	0.3126021	0.2517799	0.3906595	0.3401542	0.2996627
3232987579.5156436	0.1150194	0.1099607	0.2766158	0.3877486	0.1744159	0.2826462	0.2171389	0.2150623	0.2709675	0.3767698	0.3206907	0.3126081	0.2517719	0.3906495	0.3401661	0.2996766
3232987579.5255303	0.1150267	0.1099916	0.2766145	0.3877702	0.1744008	0.2826419	0.2171582	0.2150600	0.2709560	0.3767739	0.3206912	0.3126059	0.2518001	0.3906645	0.3401668	0.2996626
3232987579.5354185	0.1149926	0.1099846	0.2766249	0.3877681	0.1744145	0.2826490	0.2171367	0.2150469	0.2709481	0.3767899	0.3206782	0.3125936	0.2517808	0.3906345	0.3401520	0.2996613
3232987579.5453067	0.1150118	0.1099883	0.2766185	0.3877516	0.1743902	0.2826457	0.2171439	0.2150639	0.2709588	0.3767804	0.3206822	0.3126001	0.2517961	0.3906571	0.3401616	0.2996471
3232987579.5551949	0.1150287	0.1099933	0.2766198	0.3877496	0.1744058	0.2826769	0.2171328	0.2150404	0.2709391	0.3767883	0.3206868	0.3126025	0.2517908	0.3906392	0.3401757	0.2996609
3232987579.5650830	0.1150105	0.1099900	0.2766184	0.3877484	0.1744115	0.2826424	0.2171348	0.2150489	0.2709338	0.3767604	0.3206767	0.3126089	0.2517827	0.3906588	0.3401672	0.2996702
3232987579.5749712	0.1150158	0.1099967	0.2765996	0.3877648	0.1743876	0.2826599	0.2171397	0.2150430	0.2709572	0.3767810	0.3206781	0.3126016	0.2517746	0.3906332	0.3401533	0.2996461
3232987579.5848594	0.1149972	0.1099848	0.2766103	0.3877603	0.1743934	0.2826375	0.2171410	0.2150457	0.2709452	0.3767846	0.3206816	0.3126211	0.2517719	0.3906468	0.3401530	0.2996640
3232987579.5947475	0.1149997	0.1099708	0.2765978	0.3877645	0.1743948	0.2826675	0.2171361	0.2150521	0.2709508	0.3767793	0.3206844	0.3126103	0.2517904	0.3906398	0.3401628	0.2996661
3232987579.6046357	0.1150121	0.1099805	0.2766383	0.3877578	0.1744131	0.2826603	0.2171269	0.2150591	0.2709529	0.3767908	0.3206939	0.3126032	0.2517813	0.3906410	0.3401623	0.2996496
3232987579.6145239	0.1150160	0.1099678	0.2766064	0.3877669	0.1744018	0.2826430	0.2171493	0.2150536	0.2709584	0.3767948	0.3206843	0.3125957	0.2518027	0.3906291	0.3401618	0.2996756
3232987579.6244102	0.1149969	0.1099738	0.2766071	0.3877646	0.1743946	0.2826624	0.2171284	0.2150613	0.2709451	0.3767883	0.3206827	0.3126077	0.2517903	0.3906427	0.3401557	0.2996743
3232987579.6342983	0.1150073	0.1099756	0.2766114	0.3877739	0.1744210	0.2826565	0.2171446	0.2150466	0.2709466	0.3767769	0.3206698	0.3126060	0.2517789	0.3906413	0.3401574	0.2996792
3232987579.6441865	0.1150063	0.1099713	0.2766202	0.3877525	0.1743849	0.2826611	0.2171357	0.2150337	0.2709594	0.3767634	0.3206754	0.3125973	0.2517884	0.3906493	0.3401612	0.2996632
3232987579.6540747	0.1150107	0.1099902	0.2766180	0.3877541	0.1744013	0.2826509	0.2171435	0.2150442	0.2709552	0.3768023	0.3206726	0.3126202	0.2517620	0.3906295	0.3401775	0.2996461
3232987579.6639628	0.1150143	0.1099812	0.2766318	0.3877525	0.1744127	0.2826606	0.2171471	0.2150484	0.2709406	0.3767925	0.3206780	0.3126059	0.2517863	0.3906316	0.3401620	0.2996556
3232987579.6738510	0.1150088	0.1099805	0.2766248	0.3877690	0.1743979	0.2826570	0.2171512	0.2150534	0.2709397	0.3767820	0.3206743	0.3126121	0.2517865	0.3906440	0.3401589	0.2996659
3232987579.6837392	0.1150076	0.1100006	0.2766249	0.3877576	0.1744078	0.2826586	0.2171265	0.2150495	0.2709575	0.3767682	0.3206659	0.3125919	0.2517903	0.3906412	0.3401637	0.2996681
3232987579.6936274	0.1150152	0.1099852	0.2766384	0.3877602	0.1744042	0.2826532	0.2171243	0.2150542	0.2709623	0.3767687	0.3206853	0.3125943	0.2517778	0.3906387	0.3401758	0.2996732
3232987579.7035155	0.1150036	0.1099771	0.2766134	0.3877714	0.1743965	0.2826621	0.2171308	0.2150427	0.2709569	0.3767795	0.3206707	0.3126003	0.2517863	0.3906325	0.3401696	0.2996608
3232987579.7134037	0.1150163	0.1099986	0.2766309	0.3877654	0.1744039	0.2826583	0.2171440	0.2150544	0.2709485	0.3767805	0.3206880	0.3126019	0.2517793	0.3906552	0.3401636	0.2996623
3232987579.7232900	0.1150039	0.1099812	0.2766312	0.3877625	0.1743990	0.2826665	0.2171370	0.2150575	0.2709454	0.3767909	0.3207023	0.3125889	0.2517728	0.3906166	0.3401687	0.2996728
3232987579.7331781	0.1150163	0.1099957	0.2766383	0.3877745	0.1743937	0.2826587	0.2171437	0.2150433	0.2709485	0.3767873	0.3206824	0.3126028	0.2517677	0.3906088	0.3401556	0.2996574
3232987579.7430663	0.1150167	0.1099845	0.2766191	0.3877486	0.1743815	0.2826568	0.2171379	0.2150426	0.2709500	0.3767791	0.3206695	0.3125997	0.2517859	0.3906360	0.3401475	0.2996751
3232987579.7529545	0.1150116	0.1099844	0.2766169	0.3877510	0.1744114	0.2826569	0.2171256	0.2150403	0.2709402	0.3767956	0.3206708	0.3126019	0.2517659	0.3906342	0.3401739	0.2996664
3232987579.7628427	0.1150099	0.1099738	0.2766144	0.3877634	0.1744027	0.2826576	0.2171478	0.2150312	0.2709498	0.3767824	0.3206993	0.3126025	0.2517962	0.3906401	0.3401576	0.2996682
3232987579.7727308	0.1150015	0.1100017	0.2766336	0.3877596	0.1744060	0.2826695	0.2171477	0.2150574	0.2709518	0.3767615	0.3206780	0.3126064	0.2517692	0.3906618	0.3401640	0.2996624
3232987579.7826190	0.1150191	0.1099842	0.2766216	0.3877639	0.1743997	0.2826595	0.2171376	0.2150409	0.2709295	0.3767808	0.3206884	0.3126126	0.2517737	0.3906533	0.3401741	0.2996492
3232987579.7925072	0.1150082	0.1099863	0.2766341	0.3877534	0.1744041	0.2826616	0.2171368	0.2150383	0.2709681	0.3767740	0.3206860	0.3126032	0.2517895	0.3906315	0.3401824	0.2996567
3232987579.8023953	0.1150122	0.1099758	0.2766205	0.3877596	0.1744037	0.2826588	0.2171384	0.2150302	0.2709514	0.3767725	0.3206774	0.3126017	0.2517813	0.3906339	0.3401515	0.2996575
3232987579.8122835	0.1150227	0.1099756	0.2766244	0.3877566	0.1743955	0.2826440	0.2171279	0.2150459	0.2709463	0.3767927	0.3206795	0.3125904	0.2517686	0.3906498	0.3401505	0.2996662
3232987579.8221703	0.1150287	0.1099924	0.2766337	0.3877522	0.1743943	0.2826416	0.2171353	0.2150619	0.2709402	0.3767776	0.3206813	0.3126016	0.2517787	0.3906362	0.3401521	0.2996725
3232987579.8320584	0.1150278	0.1099943	0.2766318	0.3877445	0.1744111	0.2826650	0.2171347	0.2150596	0.2709567	0.3767680	0.3206849	0.3126178	0.2517846	0.3906527	0.3401640	0.2996640
3232987579.8419466	0.1150083	0.1099656	0.2766155	0.3877713	0.1743892	0.2826434	0.2171425	0.2150613	0.2709515	0.3767705	0.3206638	0.3126131	0.2517903	0.3906312	0.3401622	0.2996701
3232987579.8518348	0.1150184	0.1099819	0.2766185	0.3877545	0.1743842	0.2826597	0.2171484	0.2150464	0.2709638	0.3767895	0.3206827	0.3126234	0.2517734	0.3906421	0.3401626	0.2996613
3232987579.8617229	0.1150247	0.1099788	0.2766057	0.3877737	0.1744100	0.2826500	0.2171466	0.2150355	0.2709476	0.3767588	0.3206668	0.3126054	0.2517833	0.3906277	0.3401670	0.2996747
3232987579.8716111	0.1150001	0.1099999	0.2766227	0.3877558	0.1744174	0.2826534	0.2171362	0.2150484	0.2709363	0.3767714	0.3206812	0.3125993	0.2517899	0.3906453	0.3401621	0.2996830
3232987579.8814993	0.1150078	0.1099897	0.2766104	0.3877643	0.1743957	0.2826671	0.2171321	0.2150436	0.2709565	0.3767794	0.3206925	0.3126073	0.2517791	0.3906431	0.3401492	0.2996584
3232987579.8913875	0.1150290	0.1099848	0.2766278	0.3877593	0.1743983	0.2826463	0.2171296	0.2150568	0.2709356	0.3767703	0.3206757	0.3125758	0.2517885	0.3906387	0.3401766	0.2996681
3232987579.9012756	0.1149944	0.1099873	0.2766099	0.3877551	0.1743964	0.2826602	0.2171376	0.2150522	0.2709466	0.3767749	0.3206913	0.3126013	0.2517762	0.3906401	0.3401686	0.2996424
3232987579.9111638	0.1150042	0.1099927	0.2766242	0.3877624	0.1744108	0.2826371	0.2171251	0.2150488	0.2709420	0.3767633	0.3206820	0.3125960	0.2517659	0.3906283	0.3401674	0.2996613
3232987579.9210501	0.1150055	0.1099810	0.2766149	0.3877463	0.1744049	0.2826394	0.2171204	0.2150303	0.2709298	0.3767760	0.3206871	0.3126004	0.2517892	0.3906380	0.3401711	0.2996668
3232987579.9309382	0.1150240	0.1099808	0.2766027	0.3877413	0.1744036	0.2826530	0.2171500	0.2150476	0.2709358	0.3767736	0.3206746	0.3125935	0.2517820	0.3906401	0.3401633	0.2996566
3232987579.9408264	0.1150103	0.1099773	0.2766217	0.3877471	0.1743984	0.2826583	0.2171403	0.2150475	0.2709532	0.3767711	0.3206736	0.3125848	0.2517764	0.3906440	0.3401512	0.2996660
3232987579.9507146	0.1150141	0.1099760	0.2766140	0.3877385	0.1743959	0.2826484	0.2171208	0.2150529	0.2709527	0.3767726	0.3206593	0.3125981	0.2517900	0.3906153	0.3401591	0.2996361
3232987579.9606028	0.1150112	0.1099682	0.2766044	0.3877694	0.1743891	0.2826386	0.2171248	0.2150379	0.2709363	0.3767723	0.3206807	0.3125867	0.2517910	0.3906287	0.3401680	0.2996502
3232987579.9704909	0.1150066	0.1099838	0.2766117	0.3877379	0.1743952	0.2826639	0.2171352	0.2150405	0.2709579	0.3767621	0.3206630	0.3125987	0.2517819	0.3906310	0.3401594	0.2996401
3232987579.9803791	0.1150124	0.1099792	0.2766178	0.3877437	0.1744122	0.2826566	0.2171245	0.2150498	0.2709522	0.3767757	0.3206895	0.3126189	0.2517884	0.3906262	0.3401517	0.2996652
3232987579.9902673	0.1150126	0.1099750	0.2766143	0.3877633	0.1743913	0.2826606	0.2171237	0.2150385	0.2709592	0.3767707	0.3206787	0.3126018	0.2517809	0.3906248	0.3401528	0.2996565
3232987580.0001554	0.1150087	0.1099918	0.2766146	0.3877590	0.1744031	0.2826605	0.2171453	0.2150462	0.2709558	0.3767718	0.3206813	0.3126164	0.2517944	0.3906495	0.3401734	0.2996695
3232987580.0100436	0.1150058	0.1099822	0.2766315	0.3877381	0.1744067	0.2826509	0.2171281	0.2150401	0.2709483	0.3767788	0.3206707	0.3125958	0.2517858	0.3906297	0.3401541	0.2996568
3232987580.0199299	0.1149989	0.1099885	0.2766082	0.3877491	0.1744072	0.2826464	0.2171262	0.2150481	0.2709405	0.3767720	0.3206923	0.3126121	0.2517986	0.3906398	0.3401628	0.2996571
3232987580.0298181	0.1150218	0.1099972	0.2766152	0.3877283	0.1744012	0.2826527	0.2171296	0.2150413	0.2709665	0.3767741	0.3206799	0.3126160	0.2517762	0.3906382	0.3401533	0.2996537
3232987580.0397062	0.1150219	0.1099705	0.2766151	0.3877636	0.1744135	0.2826400	0.2171393	0.2150337	0.2709440	0.3767853	0.3206920	0.3125998	0.2517730	0.3906357	0.3401760	0.2996560
3232987580.0495944	0.1150077	0.1099911	0.2766385	0.3877509	0.1743957	0.2826476	0.2171249	0.2150242	0.2709553	0.3767823	0.3206936	0.3126128	0.2517958	0.3906368	0.3401552	0.2996486
3232987580.0594826	0.1150017	0.1099814	0.2766067	0.3877546	0.1743923	0.2826339	0.2171387	0.2150565	0.2709430	0.3767697	0.3206781	0.3125893	0.2518049	0.3906458	0.3401477	0.2996635
3232987580.0693707	0.1150200	0.1099739	0.2766165	0.3877645	0.1744027	0.2826385	0.2171358	0.2150509	0.2709524	0.3767835	0.3206857	0.3126091	0.2517888	0.3906581	0.3401648	0.2996395
3232987580.0792589	0.1149972	0.1099703	0.2766167	0.3877585	0.1743850	0.2826348	0.2171398	0.2150591	0.2709557	0.3767741	0.3206658	0.3126145	0.2517715	0.3906286	0.3401538	0.2996625
3232987580.0891471	0.1150232	0.1099777	0.2766294	0.3877522	0.1744046	0.2826381	0.2171541	0.2150457	0.2709495	0.3767522	0.3206958	0.3126083	0.2517826	0.3906513	0.3401766	0.2996448
3232987580.0990353	0.1150072	0.1099834	0.2766145	0.3877509	0.1743953	0.2826698	0.2171434	0.2150469	0.2709461	0.3767763	0.3206820	0.3125901	0.2517828	0.3906386	0.3401647	0.2996633
3232987580.1089234	0.1150095	0.1099872	0.2766050	0.3877506	0.1744040	0.2826553	0.2171480	0.2150370	0.2709555	0.3767686	0.3206865	0.3125883	0.2517843	0.3906377	0.3401682	0.2996492
3232987580.1188102	0.1150063	0.1099733	0.2766151	0.3877387	0.1744006	0.2826395	0.2171277	0.2150334	0.2709612	0.3767556	0.3206895	0.3125970	0.2517901	0.3906281	0.3401373	0.2996662
3232987580.1286983	0.1150193	0.1099790	0.2766201	0.3877493	0.1743850	0.2826664	0.2171442	0.2150371	0.2709744	0.3767711	0.3206899	0.3126049	0.2517896	0.3906374	0.3401707	0.2996313
3232987580.1385865	0.1150255	0.1099773	0.2766298	0.3877523	0.1743842	0.2826467	0.2171299	0.2150370	0.2709443	0.3767715	0.3206791	0.3125973	0.2517951	0.3906377	0.3401636	0.2996731
3232987580.1484747	0.1150007	0.1099765	0.2766130	0.3877560	0.1744093	0.2826502	0.2171346	0.2150521	0.2709601	0.3767884	0.3206876	0.3125993	0.2517756	0.3906368	0.3401512	0.2996541
3232987580.1583629	0.1150182	0.1099838	0.2766260	0.3877287	0.1744027	0.2826576	0.2171328	0.2150404	0.2709650	0.3767699	0.3206705	0.3126100	0.2517844	0.3906326	0.3401688	0.2996644
3232987580.1682510	0.1150081	0.1099655	0.2766225	0.3877419	0.1743878	0.2826493	0.2171404	0.2150485	0.2709436	0.3767814	0.3206855	0.3125993	0.2517723	0.3906393	0.3401569	0.2996481
3232987580.1781392	0.1150075	0.1099830	0.2766071	0.3877501	0.1744072	0.2826171	0.2171533	0.2150413	0.2709532	0.3767599	0.3206988	0.3125928	0.2517848	0.3906114	0.3401748	0.2996613
3232987580.1880274	0.1150021	0.1099866	0.2766265	0.3877569	0.1743969	0.2826634	0.2171301	0.2150324	0.2709367	0.3767763	0.3206931	0.3125925	0.2517717	0.3906500	0.3401778	0.2996533
3232987580.1979156	0.1150098	0.1099887	0.2766190	0.3877324	0.1744081	0.2826528	0.2171403	0.2150357	0.2709564	0.3767520	0.3206863	0.3126014	0.2517908	0.3906136	0.3401627	0.2996684
3232987580.2078037	0.1150219	0.1099946	0.2766207	0.3877414	0.1744083	0.2826532	0.2171410	0.2150520	0.2709531	0.3767714	0.3206952	0.3126125	0.2517747	0.3906350	0.3401688	0.2996441
3232987580.2176900	0.1150122	0.1099780	0.2766177	0.3877357	0.1744125	0.2826443	0.2171306	0.2150433	0.2709409	0.3767727	0.3207090	0.3126170	0.2517871	0.3906514	0.3401718	0.2996577
3232987580.2275782	0.1149973	0.1099714	0.2766160	0.3877678	0.1743945	0.2826329	0.2171097	0.2150540	0.2709553	0.3767570	0.3206811	0.3126034	0.2517747	0.3906422	0.3401603	0.2996602
3232987580.2374663	0.1150094	0.1099838	0.2766209	0.3877490	0.1744049	0.2826623	0.2171378	0.2150455	0.2709562	0.3767558	0.3206860	0.3126019	0.2517855	0.3906277	0.3401666	0.2996530
3232987580.2473545	0.1150184	0.1099864	0.2766284	0.3877487	0.1743874	0.2826559	0.2171471	0.2150503	0.2709619	0.3767661	0.3206779	0.3126182	0.2517832	0.3906260	0.3401753	0.2996574
3232987580.2572427	0.1150313	0.1099758	0.2766373	0.3877451	0.1744127	0.2826699	0.2171427	0.2150343	0.2709559	0.3767816	0.3206821	0.3126028	0.2517881	0.3906358	0.3401504	0.2996680
3232987580.2671308	0.1150205	0.1099898	0.2766140	0.3877466	0.1743906	0.2826558	0.2171217	0.2150404	0.2709678	0.3767741	0.3206732	0.3125960	0.2517928	0.3906404	0.3401856	0.2996588
3232987580.2770190	0.1150171	0.1099888	0.2766131	0.3877391	0.1744059	0.2826475	0.2171307	0.2150375	0.2709569	0.3767676	0.3206887	0.3126058	0.2517697	0.3906359	0.3401631	0.2996367
3232987580.2869072	0.1150048	0.1099809	0.2766148	0.3877483	0.1743913	0.2826365	0.2171226	0.2150539	0.2709546	0.3767634	0.3206838	0.3126125	0.2517763	0.3906320	0.3401631	0.2996346
3232987580.2967954	0.1149988	0.1099784	0.2766098	0.3877474	0.1744046	0.2826502	0.2171383	0.2150374	0.2709486	0.3767666	0.3206735	0.3125826	0.2518036	0.3906320	0.3401706	0.2996514
3232987580.3066835	0.1149988	0.1099668	0.2766240	0.3877523	0.1744039	0.2826487	0.2171361	0.2150499	0.2709612	0.3767499	0.3206990	0.3125731	0.2517863	0.3906373	0.3401593	0.2996517
3232987580.3165703	0.1150085	0.1099774	0.2766265	0.3877406	0.1743994	0.2826439	0.2171254	0.2150329	0.2709342	0.3767565	0.3206969	0.3126028	0.2517857	0.3906303	0.3401657	0.2996635
3232987580.3264585	0.1150067	0.1099981	0.2766000	0.3877380	0.1744104	0.2826320	0.2171231	0.2150497	0.2709475	0.3767604	0.3206799	0.3125857	0.2517817	0.3906340	0.3401648	0.2996452
3232987580.3363466	0.1150009	0.1099602	0.2766115	0.3877584	0.1743966	0.2826504	0.2171272	0.2150485	0.2709532	0.3767758	0.3206786	0.3125927	0.2517897	0.3906139	0.3401642	0.2996451
3232987580.3462348	0.1150071	0.1099981	0.2766127	0.3877354	0.1744005	0.2826420	0.2171350	0.2150365	0.2709539	0.3767671	0.3207019	0.3125855	0.2517932	0.3906429	0.3401583	0.2996294
3232987580.3561230	0.1150079	0.1099726	0.2766251	0.3877501	0.1744040	0.2826553	0.2171590	0.2150341	0.2709720	0.3767459	0.3206931	0.3125995	0.2517718	0.3906284	0.3401884	0.2996588
3232987580.3660111	0.1150091	0.1099704	0.2766114	0.3877410	0.1744089	0.2826425	0.2171457	0.2150384	0.2709308	0.3767537	0.3206768	0.3125986	0.2517948	0.3906116	0.3401688	0.2996437
3232987580.3758993	0.1150129	0.1099718	0.2766118	0.3877478	0.1743998	0.2826458	0.2171534	0.2150353	0.2709522	0.3767520	0.3206725	0.3125865	0.2517813	0.3906177	0.3401672	0.2996509
3232987580.3857875	0.1149968	0.1099728	0.2766214	0.3877190	0.1743928	0.2826382	0.2171057	0.2150590	0.2709586	0.3767557	0.3206779	0.3125930	0.2517759	0.3906171	0.3401585	0.2996304
3232987580.3956757	0.1150098	0.1099607	0.2766066	0.3877520	0.1744019	0.2826452	0.2171318	0.2150208	0.2709378	0.3767537	0.3206882	0.3125816	0.2517882	0.3906145	0.3401474	0.2996468
3232987580.4055638	0.1149825	0.1099704	0.2766127	0.3877404	0.1744112	0.2826517	0.2171321	0.2150522	0.2709499	0.3767532	0.3206961	0.3125672	0.2517946	0.3906281	0.3401552	0.2996344
3232987580.4154501	0.1150010	0.1099663	0.2766157	0.3877363	0.1743962	0.2826434	0.2171352	0.2150335	0.2709576	0.3767690	0.3206911	0.3125954	0.2517911	0.3906195	0.3401658	0.2996325
3232987580.4253383	0.1149991	0.1099757	0.2766357	0.3877538	0.1743896	0.2826427	0.2171392	0.2150327	0.2709578	0.3767575	0.3206847	0.3125696	0.2517868	0.3906222	0.3401770	0.2996529
3232987580.4352264	0.1150002	0.1099712	0.2766178	0.3877382	0.1744013	0.2826463	0.2171339	0.2150219	0.2709516	0.3767641	0.3206663	0.3125918	0.2517791	0.3906124	0.3401779	0.2996352
3232987580.4451146	0.1150147	0.1099778	0.2766180	0.3877402	0.1743876	0.2826357	0.2171291	0.2150341	0.2709548	0.3767623	0.3206819	0.3125906	0.2517772	0.3906260	0.3401594	0.2996441
3232987580.4550028	0.1150109	0.1099735	0.2766245	0.3877366	0.1744000	0.2826352	0.2171155	0.2150289	0.2709731	0.3767515	0.3206785	0.3126096	0.2517978	0.3906158	0.3401478	0.2996467
3232987580.4648910	0.1150224	0.1099641	0.2766091	0.3877410	0.1743922	0.2826375	0.2171571	0.2150413	0.2709606	0.3767614	0.3206888	0.3125878	0.2517847	0.3906196	0.3401782	0.2996570
3232987580.4747791	0.1150155	0.1099793	0.2766275	0.3877264	0.1743985	0.2826415	0.2171520	0.2150446	0.2709407	0.3767539	0.3206864	0.3125839	0.2517869	0.3906169	0.3401634	0.2996246
3232987580.4846673	0.1150138	0.1099653	0.2766031	0.3877443	0.1743881	0.2826205	0.2171177	0.2150148	0.2709542	0.3767620	0.3206860	0.3125688	0.2517846	0.3906264	0.3401546	0.2996570
3232987580.4945555	0.1150062	0.1099675	0.2766227	0.3877349	0.1744002	0.2826366	0.2171396	0.2150305	0.2709546	0.3767611	0.3206711	0.3125834	0.2517740	0.3906187	0.3401661	0.2996544
3232987580.5044436	0.1150192	0.1099880	0.2766086	0.3877217	0.1744035	0.2826169	0.2171336	0.2150331	0.2709477	0.3767738	0.3206857	0.3125908	0.2517968	0.3906300	0.3401609	0.2996473
3232987580.5143299	0.1150143	0.1099683	0.2766308	0.3877382	0.1744023	0.2826350	0.2171338	0.2150363	0.2709526	0.3767523	0.3206804	0.3125910	0.2518068	0.3906119	0.3401639	0.2996444
3232987580.5242181	0.1150178	0.1099828	0.2766259	0.3877309	0.1744003	0.2826317	0.2171385	0.2150305	0.2709562	0.3767745	0.3206908	0.3125746	0.2517861	0.3906165	0.3401712	0.2996508
3232987580.5341063	0.1150192	0.1099715	0.2766126	0.3877360	0.1743957	0.2826459	0.2171346	0.2150304	0.2709559	0.3767586	0.3206790	0.3125879	0.2517816	0.3906231	0.3401568	0.2996430
3232987580.5439944	0.1150152	0.1099661	0.2766303	0.3877724	0.1744043	0.2826310	0.2171306	0.2150423	0.2709491	0.3767650	0.3206804	0.3125664	0.2517880	0.3906075	0.3401754	0.2996499
3232987580.5538826	0.1149988	0.1099729	0.2766195	0.3877337	0.1743889	0.2826335	0.2171307	0.2150334	0.2709640	0.3767596	0.3206853	0.3125781	0.2517890	0.3906298	0.3401518	0.2996320
3232987580.5637708	0.1150062	0.1099823	0.2766235	0.3877437	0.1744125	0.2826256	0.2171400	0.2150435	0.2709576	0.3767718	0.3206807	0.3125996	0.2517857	0.3906111	0.3401906	0.2996512
3232987580.5736589	0.1150232	0.1099620	0.2766284	0.3877406	0.1743897	0.2826570	0.2171493	0.2150534	0.2709532	0.3767563	0.3206760	0.3125907	0.2517743	0.3906169	0.3401615	0.2996414
3232987580.5835471	0.1150155	0.1099716	0.2766360	0.3877363	0.1744090	0.2826309	0.2171500	0.2150353	0.2709480	0.3767473	0.3206973	0.3125922	0.2517881	0.3906253	0.3401678	0.2996313
3232987580.5934353	0.1150276	0.1099641	0.2766177	0.3876964	0.1743931	0.2826330	0.2171301	0.2150222	0.2709631	0.3767570	0.3206795	0.3125822	0.2517767	0.3906063	0.3401568	0.2996310
3232987580.6033235	0.1149918	0.1099567	0.2766168	0.3877214	0.1743994	0.2826392	0.2171329	0.2150182	0.2709312	0.3767476	0.3207003	0.3125716	0.2517844	0.3906002	0.3401721	0.2996323
3232987580.6132102	0.1150141	0.1099751	0.2766347	0.3877362	0.1744103	0.2826413	0.2171296	0.2150364	0.2709489	0.3767584	0.3206835	0.3125944	0.2517983	0.3905984	0.3401720	0.2996297
3232987580.6230984	0.1150291	0.1099834	0.2766259	0.3877208	0.1744051	0.2826415	0.2171283	0.2150167	0.2709570	0.3767584	0.3206846	0.3125794	0.2517839	0.3906049	0.3401731	0.2996426
3232987580.6329865	0.1150004	0.1099786	0.2766188	0.3877283	0.1743972	0.2826479	0.2171324	0.2150209	0.2709666	0.3767565	0.3206798	0.3125770	0.2517674	0.3906096	0.3401763	0.2996300
3232987580.6428747	0.1150136	0.1099642	0.2766310	0.3877275	0.1744055	0.2826213	0.2171305	0.2150541	0.2709782	0.3767530	0.3206895	0.3125849	0.2518012	0.3906108	0.3401717	0.2996417
3232987580.6527629	0.1150312	0.1099585	0.2766286	0.3877345	0.1743852	0.2826282	0.2171304	0.2150285	0.2709583	0.3767478	0.3206819	0.3125906	0.2517938	0.3906256	0.3401515	0.2996152
3232987580.6626511	0.1150018	0.1099866	0.2766361	0.3877335	0.1744065	0.2826234	0.2171373	0.2150214	0.2709561	0.3767531	0.3206815	0.3125886	0.2517877	0.3906320	0.3401645	0.2996537
3232987580.6725392	0.1150161	0.1099860	0.2766079	0.3877411	0.1744036	0.2826493	0.2171461	0.2150346	0.2709489	0.3767555	0.3206835	0.3125707	0.2517961	0.3906128	0.3401627	0.2996617
3232987580.6824274	0.1150190	0.1099738	0.2766443	0.3877367	0.1744112	0.2826384	0.2171389	0.2150189	0.2709592	0.3767392	0.3206827	0.3125751	0.2517782	0.3906111	0.3401608	0.2996294
3232987580.6923156	0.1150065	0.1099842	0.2766209	0.3877421	0.1743884	0.2826403	0.2171332	0.2150585	0.2709532	0.3767574	0.3206947	0.3125800	0.2517846	0.3906027	0.3401719	0.2996412
3232987580.7022037	0.1149965	0.1099780	0.2766013	0.3877300	0.1744050	0.2826483	0.2171306	0.2150200	0.2709675	0.3767472	0.3206679	0.3125802	0.2517847	0.3906091	0.3401721	0.2996271
3232987580.7120900	0.1149955	0.1099856	0.2766197	0.3877256	0.1743838	0.2826330	0.2171469	0.2150304	0.2709540	0.3767531	0.3206714	0.3125829	0.2517790	0.3906033	0.3401559	0.2996381
3232987580.7219782	0.1150138	0.1099810	0.2766289	0.3877481	0.1744160	0.2826409	0.2171376	0.2150317	0.2709386	0.3767554	0.3206683	0.3125893	0.2517975	0.3906347	0.3401678	0.2996239
3232987580.7318664	0.1150027	0.1099824	0.2766259	0.3877223	0.1743971	0.2826332	0.2171366	0.2150217	0.2709481	0.3767490	0.3206920	0.3125628	0.2517751	0.3906153	0.3401690	0.2996408
3232987580.7417545	0.1150115	0.1099793	0.2766299	0.3877327	0.1744031	0.2826283	0.2171454	0.2150379	0.2709517	0.3767634	0.3206897	0.3125845	0.2517828	0.3906202	0.3401754	0.2996362
3232987580.7516427	0.1150208	0.1099719	0.2766119	0.3877135	0.1743881	0.2826468	0.2171340	0.2150361	0.2709430	0.3767539	0.3206781	0.3125708	0.2517701	0.3905994	0.3401777	0.2996313
3232987580.7615309	0.1150213	0.1099561	0.2766211	0.3877492	0.1743921	0.2826295	0.2171450	0.2150399	0.2709571	0.3767433	0.3206820	0.3125755	0.2517816	0.3906155	0.3401593	0.2996308
3232987580.7714190	0.1150017	0.1099778	0.2766113	0.3877366	0.1744065	0.2826443	0.2171468	0.2150272	0.2709638	0.3767586	0.3206752	0.3125688	0.2517787	0.3906136	0.3401613	0.2996454
3232987580.7813072	0.1150210	0.1099828	0.2766190	0.3877333	0.1744011	0.2826372	0.2171426	0.2150335	0.2709537	0.3767493	0.3206851	0.3125896	0.2517828	0.3906182	0.3401661	0.2996565
3232987580.7911954	0.1150047	0.1099778	0.2766304	0.3877356	0.1744117	0.2826225	0.2171403	0.2150364	0.2709514	0.3767538	0.3206684	0.3125792	0.2517788	0.3906037	0.3401618	0.2996361
3232987580.8010836	0.1150094	0.1099759	0.2766066	0.3877395	0.1744175	0.2826421	0.2171401	0.2150389	0.2709574	0.3767430	0.3206828	0.3125824	0.2517793	0.3905995	0.3401572	0.2996337
3232987580.8109703	0.1149961	0.1099738	0.2766445	0.3877554	0.1744006	0.2826277	0.2171455	0.2150227	0.2709587	0.3767527	0.3206773	0.3125842	0.2517924	0.3905978	0.3401517	0.2996361
3232987580.8208585	0.1149935	0.1099717	0.2766039	0.3877404	0.1744030	0.2826352	0.2171440	0.2150354	0.2709338	0.3767399	0.3206632	0.3125786	0.2517926	0.3906204	0.3401536	0.2996390
3232987580.8307466	0.1150185	0.1099618	0.2766253	0.3877242	0.1744138	0.2826247	0.2171219	0.2150321	0.2709552	0.3767481	0.3206916	0.3125673	0.2517908	0.3905905	0.3401542	0.2996580
3232987580.8406348	0.1150146	0.1099814	0.2766353	0.3877234	0.1743900	0.2826364	0.2171569	0.2150507	0.2709357	0.3767461	0.3206979	0.3125942	0.2517757	0.3906230	0.3401532	0.2996212
3232987580.8505230	0.1150122	0.1099591	0.2766302	0.3877241	0.1744084	0.2826276	0.2171398	0.2150425	0.2709471	0.3767600	0.3206873	0.3125975	0.2517841	0.3906120	0.3401506	0.2996321
3232987580.8604112	0.1150115	0.1099783	0.2766320	0.3877244	0.1743984	0.2826468	0.2171564	0.2150397	0.2709416	0.3767312	0.3206853	0.3125827	0.2517747	0.3906023	0.3401518	0.2996184
3232987580.8702993	0.1150167	0.1099631	0.2766198	0.3877310	0.1743955	0.2826407	0.2171374	0.2150252	0.2709423	0.3767651	0.3206868	0.3125847	0.2517754	0.3905945	0.3401847	0.2996609
3232987580.8801875	0.1150180	0.1099712	0.2766243	0.3877076	0.1743979	0.2826372	0.2171415	0.2150415	0.2709523	0.3767422	0.3206815	0.3125876	0.2517899	0.3906053	0.3401706	0.2996534
3232987580.8900757	0.1150142	0.1099600	0.2766229	0.3877413	0.1744294	0.2826304	0.2171495	0.2150396	0.2709504	0.3767417	0.3206887	0.3125961	0.2517972	0.3906148	0.3401589	0.2996193
3232987580.8999639	0.1150149	0.1099749	0.2766204	0.3877228	0.1743995	0.2826340	0.2171498	0.2150397	0.2709530	0.3767522	0.3206592	0.3125721	0.2517924	0.3906097	0.3401538	0.2996345
3232987580.9098501	0.1150211	0.1099634	0.2766143	0.3877293	0.1744186	0.2826346	0.2171367	0.2150237	0.2709446	0.3767404	0.3206873	0.3125711	0.2517806	0.3905895	0.3401683	0.2996396
3232987580.9197383	0.1150119	0.1099667	0.2766253	0.3877341	0.1743919	0.2826351	0.2171392	0.2150167	0.2709750	0.3767538	0.3206713	0.3125805	0.2518047	0.3906066	0.3401366	0.2996370
3232987580.9296265	0.1150182	0.1099896	0.2766184	0.3877056	0.1744033	0.2826391	0.2171520	0.2150446	0.2709318	0.3767564	0.3206834	0.3125654	0.2517824	0.3906080	0.3401704	0.2996167
3232987580.9395146	0.1149997	0.1099715	0.2766123	0.3877446	0.1744000	0.2826346	0.2171383	0.2150488	0.2709496	0.3767570	0.3206834	0.3125749	0.2517733	0.3906245	0.3401902	0.2996424
3232987580.9494028	0.1150259	0.1099716	0.2766225	0.3877310	0.1743923	0.2826372	0.2171448	0.2150240	0.2709534	0.3767403	0.3206870	0.3125809	0.2517898	0.3906065	0.3401646	0.2996419
3232987580.9592910	0.1150124	0.1099648	0.2766195	0.3877270	0.1743948	0.2826384	0.2171431	0.2150293	0.2709580	0.3767375	0.3206845	0.3125624	0.2517878	0.3906017	0.3401772	0.2996354
3232987580.9691792	0.1150031	0.1099647	0.2766294	0.3877247	0.1743992	0.2826313	0.2171257	0.2150311	0.2709639	0.3767426	0.3206799	0.3125911	0.2517928	0.3906024	0.3401581	0.2996293
3232987580.9790673	0.1150142	0.1099693	0.2766349	0.3877261	0.1743879	0.2826184	0.2171211	0.2150366	0.2709523	0.3767367	0.3206909	0.3125713	0.2517871	0.3906240	0.3401593	0.2996465
3232987580.9889555	0.1150277	0.1099628	0.2766313	0.3877305	0.1743963	0.2826514	0.2171348	0.2150304	0.2709623	0.3767534	0.3206777	0.3125793	0.2518046	0.3906000	0.3401705	0.2996288
3232987580.9988437	0.1150064	0.1099732	0.2766181	0.3877287	0.1743971	0.2826176	0.2171353	0.2150184	0.2709626	0.3767485	0.3206878	0.3125762	0.2518010	0.3905962	0.3401879	0.2996409
3232987581.0087299	0.1149971	0.1099904	0.2766086	0.3877308	0.1743956	0.2826411	0.2171370	0.2150273	0.2709437	0.3767447	0.3206752	0.3125839	0.2517935	0.3906068	0.3401819	0.2996405
3232987581.0186181	0.1150174	0.1099692	0.2766382	0.3877239	0.1743997	0.2826275	0.2171247	0.2150364	0.2709451	0.3767455	0.3206845	0.3125929	0.2517874	0.3906170	0.3401746	0.2996283
3232987581.0285063	0.1150031	0.1099840	0.2766161	0.3877136	0.1744019	0.2826199	0.2171291	0.2150211	0.2709507	0.3767324	0.3206843	0.3125843	0.2517933	0.3906092	0.3401511	0.2996288
3232987581.0383944	0.1150166	0.1099871	0.2766111	0.3877400	0.1744094	0.2826276	0.2171426	0.2150548	0.2709535	0.3767502	0.3206749	0.3125751	0.2517768	0.3905991	0.3401672	0.2996448
3232987581.0482826	0.1150205	0.1099624	0.2766057	0.3877266	0.1744160	0.2826411	0.2171337	0.2150237	0.2709458	0.3767382	0.3206854	0.3125852	0.2517939	0.3906028	0.3401730	0.2996571
3232987581.0581708	0.1149984	0.1099776	0.2766233	0.3877386	0.1744031	0.2826197	0.2171521	0.2150244	0.2709512	0.3767482	0.3206921	0.3125875	0.2517745	0.3906026	0.3401456	0.2996338
3232987581.0680590	0.1149931	0.1099668	0.2766154	0.3877404	0.1743963	0.2826389	0.2171590	0.2150311	0.2709476	0.3767484	0.3206812	0.3125859	0.2517879	0.3906021	0.3401651	0.2996295
3232987581.0779471	0.1149982	0.1099532	0.2766155	0.3877256	0.1743954	0.2826228	0.2171433	0.2150190	0.2709410	0.3767541	0.3206889	0.3125844	0.2517770	0.3906198	0.3401551	0.2996625
3232987581.0878353	0.1150084	0.1099951	0.2766133	0.3877319	0.1743779	0.2826224	0.2171497	0.2150252	0.2709395	0.3767406	0.3206956	0.3125770	0.2517803	0.3906013	0.3401564	0.2996240
3232987581.0977235	0.1150122	0.1099772	0.2766169	0.3877477	0.1744025	0.2826234	0.2171465	0.2150224	0.2709389	0.3767312	0.3206804	0.3125900	0.2517935	0.3905949	0.3401620	0.2996345
3232987581.1076102	0.1150199	0.1099617	0.2766157	0.3877101	0.1743973	0.2826298	0.2171454	0.2150247	0.2709354	0.3767450	0.3206841	0.3125835	0.2517726	0.3905971	0.3401948	0.2996305
3232987581.1174984	0.1150227	0.1099671	0.2766253	0.3877338	0.1744069	0.2826229	0.2171389	0.2150502	0.2709391	0.3767458	0.3206945	0.3125663	0.2517791	0.3906069	0.3401660	0.2996453
3232987581.1273866	0.1150174	0.1099702	0.2766032	0.3877135	0.1743899	0.2826292	0.2171195	0.2150379	0.2709651	0.3767384	0.3206928	0.3125815	0.2517863	0.3906144	0.3401506	0.2996312
3232987581.1372747	0.1150033	0.1099758	0.2766332	0.3877382	0.1744016	0.2826212	0.2171248	0.2150313	0.2709547	0.3767375	0.3206881	0.3125825	0.2517912	0.3906076	0.3401713	0.2996493
3232987581.1471629	0.1150131	0.1099731	0.2766163	0.3877276	0.1743935	0.2826366	0.2171485	0.2150387	0.2709310	0.3767783	0.3206758	0.3125947	0.2517959	0.3906195	0.3401704	0.2996280
3232987581.1570511	0.1150126	0.1099751	0.2766224	0.3877250	0.1744071	0.2826242	0.2171586	0.2150222	0.2709564	0.3767585	0.3206919	0.3125845	0.2517867	0.3906257	0.3401611	0.2996290
3232987581.1669393	0.1150122	0.1099630	0.2766110	0.3877217	0.1743952	0.2826200	0.2171376	0.2150454	0.2709523	0.3767667	0.3206884	0.3125970	0.2517885	0.3905989	0.3401677	0.2996381
3232987581.1768274	0.1150088	0.1099736	0.2765878	0.3877162	0.1744336	0.2826306	0.2171483	0.2150318	0.2709608	0.3767490	0.3206898	0.3125720	0.2517790	0.3906152	0.3401333	0.2996330
3232987581.1867156	0.1150013	0.1099808	0.2766309	0.3877470	0.1743949	0.2826363	0.2171235	0.2150316	0.2709485	0.3767565	0.3206679	0.3125844	0.2517696	0.3906407	0.3401517	0.2996375
3232987581.1966038	0.1149956	0.1099694	0.2766452	0.3877455	0.1744091	0.2826300	0.2171476	0.2150397	0.2709489	0.3767618	0.3206695	0.3125954	0.2517726	0.3906169	0.3401771	0.2996511
3232987581.2064900	0.1150087	0.1099640	0.2766024	0.3877313	0.1743949	0.2826529	0.2171313	0.2150317	0.2709711	0.3767505	0.3206730	0.3125671	0.2517966	0.3906219	0.3401759	0.2996486
3232987581.2163782	0.1149982	0.1099719	0.2766275	0.3877446	0.1743962	0.2826457	0.2171363	0.2150424	0.2709679	0.3767732	0.3206888	0.3125610	0.2517884	0.3906252	0.3401780	0.2996479
3232987581.2262664	0.1150088	0.1099946	0.2766113	0.3877246	0.1744064	0.2826352	0.2171353	0.2150522	0.2709696	0.3767514	0.3206709	0.3125812	0.2517774	0.3906077	0.3401539	0.2996527
3232987581.2361546	0.1150189	0.1099833	0.2766000	0.3877524	0.1744049	0.2826346	0.2171293	0.2150441	0.2709567	0.3767640	0.3206836	0.3125857	0.2517758	0.3906190	0.3401587	0.2996382
3232987581.2460427	0.1149935	0.1099921	0.2766045	0.3877349	0.1743853	0.2826413	0.2171207	0.2150310	0.2709367	0.3767478	0.3206696	0.3126047	0.2517853	0.3906217	0.3401592	0.2996369
3232987581.2559309	0.1150035	0.1099788	0.2766247	0.3877421	0.1743925	0.2826467	0.2171381	0.2150284	0.2709326	0.3767778	0.3206881	0.3125824	0.2517785	0.3906126	0.3401602	0.2996523
3232987581.2658191	0.1150189	0.1099576	0.2766260	0.3877443	0.1743966	0.2826501	0.2171424	0.2150429	0.2709493	0.3767459	0.3206625	0.3126078	0.2517971	0.3906144	0.3401766	0.2996512
3232987581.2757072	0.1150168	0.1099717	0.2766197	0.3877347	0.1743811	0.2826355	0.2171505	0.2150485	0.2709362	0.3767554	0.3206612	0.3125886	0.2517833	0.3906293	0.3401665	0.2996440
3232987581.2855954	0.1150183	0.1099734	0.2766006	0.3877286	0.1744030	0.2826379	0.2171332	0.2150197	0.2709411	0.3767453	0.3206643	0.3125844	0.2517759	0.3906165	0.3401451	0.2996449
3232987581.2954836	0.1150076	0.1099702	0.2766292	0.3877434	0.1743997	0.2826313	0.2171296	0.2150297	0.2709615	0.3767370	0.3206664	0.3125903	0.2517972	0.3906357	0.3401554	0.2996389
3232987581.3053703	0.1150059	0.1099848	0.2766165	0.3877549	0.1744053	0.2826461	0.2171406	0.2150470	0.2709459	0.3767904	0.3206838	0.3125936	0.2517715	0.3906401	0.3401418	0.2996467
3232987581.3152585	0.1150148	0.1099883	0.2766103	0.3877549	0.1744070	0.2826326	0.2171334	0.2150390	0.2709418	0.3767486	0.3206741	0.3125931	0.2517923	0.3906238	0.3401633	0.2996365
3232987581.3251467	0.1150010	0.1099765	0.2766287	0.3877341	0.1744032	0.2826310	0.2171426	0.2150692	0.2709469	0.3767622	0.3206770	0.3126105	0.2517718	0.3906285	0.3401585	0.2996427
3232987581.3350348	0.1150094	0.1099754	0.2766033	0.3877533	0.1743809	0.2826372	0.2171326	0.2150334	0.2709691	0.3767551	0.3206909	0.3125986	0.2517720	0.3906214	0.3401573	0.2996387
3232987581.3449230	0.1149966	0.1099613	0.2766038	0.3877436	0.1744016	0.2826441	0.2171274	0.2150375	0.2709519	0.3767641	0.3206790	0.3125927	0.2517800	0.3906586	0.3401685	0.2996370
3232987581.3548112	0.1149953	0.1099533	0.2766200	0.3877504	0.1744132	0.2826302	0.2171384	0.2150473	0.2709397	0.3767665	0.3206802	0.3125870	0.2517778	0.3906092	0.3401690	0.2996494
3232987581.3646994	0.1150044	0.1099993	0.2766058	0.3877572	0.1744023	0.2826298	0.2171447	0.2150596	0.2709197	0.3767694	0.3206966	0.3125878	0.2517746	0.3906174	0.3401497	0.2996556
3232987581.3745875	0.1150142	0.1099818	0.2766148	0.3877456	0.1743963	0.2826473	0.2171408	0.2150314	0.2709448	0.3767706	0.3206757	0.3125950	0.2517698	0.3906321	0.3401521	0.2996475
3232987581.3844757	0.1150073	0.1099917	0.2765881	0.3877469	0.1743963	0.2826529	0.2171187	0.2150411	0.2709428	0.3767508	0.3206789	0.3125845	0.2517770	0.3906241	0.3401631	0.2996526
3232987581.3943639	0.1150142	0.1099660	0.2766131	0.3877484	0.1743834	0.2826513	0.2171360	0.2150391	0.2709334	0.3767697	0.3206764	0.3125883	0.2517896	0.3906359	0.3401641	0.2996421
