3232988853.7920899	0.1348108	0.1117477	0.3569627	0.4708029	0.3451057	0.4919668	0.1465380	0.0905064	0.4364475	0.5321351	0.1588427	0.1093762	0.4207326	0.5495970	0.1748671	0.0927434
3232988853.8019781	0.1347989	0.1117305	0.3569741	0.4708112	0.3450954	0.4919871	0.1465310	0.0904992	0.4364352	0.5321595	0.1588263	0.1093812	0.4207241	0.5495955	0.1748505	0.0927067
3232988853.8118663	0.1347876	0.1117560	0.3569741	0.4708065	0.3451130	0.4919678	0.1465544	0.0905074	0.4364682	0.5321506	0.1588504	0.1093830	0.4207353	0.5495886	0.1748336	0.0927206
3232988853.8217545	0.1348272	0.1117398	0.3569553	0.4708017	0.3451025	0.4919681	0.1465704	0.0905113	0.4364657	0.5321598	0.1588404	0.1093638	0.4207227	0.5495868	0.1748549	0.0927616
3232988853.8316426	0.1348004	0.1117534	0.3569632	0.4708220	0.3451069	0.4919728	0.1465270	0.0905394	0.4364528	0.5321379	0.1588430	0.1093897	0.4207334	0.5496044	0.1748734	0.0927406
3232988853.8415308	0.1347964	0.1117387	0.3569714	0.4707976	0.3450832	0.4919797	0.1465501	0.0905081	0.4364444	0.5321502	0.1588345	0.1093681	0.4207266	0.5496002	0.1748482	0.0927395
3232988853.8514190	0.1347906	0.1117449	0.3569687	0.4708274	0.3451157	0.4919801	0.1465376	0.0905085	0.4364718	0.5321535	0.1588233	0.1093701	0.4207254	0.5495944	0.1748401	0.0927167
3232988853.8613071	0.1348108	0.1117420	0.3569570	0.4708181	0.3451379	0.4919658	0.1465410	0.0905280	0.4364566	0.5321602	0.1588499	0.1093733	0.4207398	0.5495943	0.1748521	0.0927334
3232988853.8711953	0.1348030	0.1117556	0.3569783	0.4707972	0.3451001	0.4919635	0.1465282	0.0905329	0.4364622	0.5321477	0.1588342	0.1093683	0.4207313	0.5496084	0.1748631	0.0927309
3232988853.8810835	0.1348105	0.1117500	0.3569812	0.4708116	0.3450988	0.4919691	0.1465395	0.0905334	0.4364552	0.5321472	0.1588357	0.1093848	0.4207296	0.5496097	0.1748627	0.0927280
3232988853.8909702	0.1348091	0.1117441	0.3569744	0.4708042	0.3450893	0.4919865	0.1465286	0.0905221	0.4364383	0.5321448	0.1588325	0.1093832	0.4207132	0.5495875	0.1748489	0.0927229
3232988853.9008584	0.1348097	0.1117383	0.3569563	0.4707975	0.3450957	0.4919583	0.1465286	0.0905176	0.4364441	0.5321517	0.1588337	0.1093622	0.4207417	0.5496017	0.1748528	0.0927249
3232988853.9107466	0.1347991	0.1117581	0.3569563	0.4708258	0.3450937	0.4919750	0.1465250	0.0905108	0.4364615	0.5321342	0.1588376	0.1093837	0.4207369	0.5496003	0.1748414	0.0927462
3232988853.9206347	0.1347895	0.1117467	0.3569545	0.4708068	0.3451069	0.4919599	0.1465102	0.0905271	0.4364504	0.5321528	0.1588391	0.1093836	0.4207304	0.5496220	0.1748523	0.0927370
3232988853.9305229	0.1348141	0.1117363	0.3569598	0.4708189	0.3451001	0.4919864	0.1465475	0.0905303	0.4364599	0.5321463	0.1588287	0.1093799	0.4207286	0.5495918	0.1748435	0.0927433
3232988853.9404111	0.1347828	0.1117585	0.3569777	0.4708135	0.3450909	0.4920071	0.1465577	0.0905234	0.4364475	0.5321609	0.1588306	0.1093715	0.4207271	0.5495953	0.1748524	0.0927255
3232988853.9502993	0.1348146	0.1117530	0.3569663	0.4708185	0.3450979	0.4919809	0.1465344	0.0905180	0.4364493	0.5321583	0.1588369	0.1093697	0.4207329	0.5495959	0.1748554	0.0927293
3232988853.9601874	0.1348021	0.1117516	0.3569646	0.4708129	0.3450958	0.4919781	0.1465218	0.0905162	0.4364390	0.5321459	0.1588533	0.1093782	0.4207233	0.5495870	0.1748733	0.0927114
3232988853.9700756	0.1348035	0.1117473	0.3569697	0.4708443	0.3450856	0.4919928	0.1465242	0.0905077	0.4364529	0.5321614	0.1588333	0.1093599	0.4207361	0.5496150	0.1748575	0.0927377
3232988853.9799638	0.1348051	0.1117354	0.3569484	0.4708154	0.3451151	0.4919953	0.1465367	0.0905303	0.4364614	0.5321601	0.1588385	0.1093783	0.4207319	0.5496071	0.1748415	0.0927328
3232988853.9898500	0.1348182	0.1117447	0.3569741	0.4708141	0.3451014	0.4919672	0.1465515	0.0905121	0.4364617	0.5321475	0.1588316	0.1093644	0.4207387	0.5495964	0.1748676	0.0927285
3232988853.9997382	0.1347965	0.1117395	0.3569634	0.4708122	0.3450861	0.4919874	0.1465251	0.0905091	0.4364700	0.5321388	0.1588410	0.1093761	0.4207192	0.5495956	0.1748603	0.0927466
3232988854.0096264	0.1347817	0.1117597	0.3569462	0.4708182	0.3451035	0.4919666	0.1465383	0.0905083	0.4364515	0.5321694	0.1588486	0.1093761	0.4207133	0.5496045	0.1748644	0.0927430
3232988854.0195146	0.1348011	0.1117608	0.3569584	0.4707943	0.3450810	0.4919853	0.1465439	0.0905149	0.4364297	0.5321615	0.1588269	0.1093890	0.4207286	0.5496056	0.1748506	0.0927187
3232988854.0294027	0.1347991	0.1117468	0.3569668	0.4708204	0.3451060	0.4919897	0.1465261	0.0905448	0.4364615	0.5321589	0.1588431	0.1093959	0.4207111	0.5496215	0.1748593	0.0927488
3232988854.0392909	0.1348169	0.1117420	0.3569682	0.4708148	0.3450763	0.4919865	0.1465514	0.0905169	0.4364506	0.5321809	0.1588327	0.1093743	0.4207286	0.5496043	0.1748580	0.0927398
3232988854.0491791	0.1347947	0.1117374	0.3569670	0.4708109	0.3450904	0.4919802	0.1465317	0.0905140	0.4364544	0.5321641	0.1588220	0.1093511	0.4207190	0.5496133	0.1748586	0.0927336
3232988854.0590672	0.1347935	0.1117685	0.3569518	0.4708109	0.3450964	0.4919909	0.1465199	0.0905155	0.4364513	0.5321771	0.1588276	0.1093701	0.4207386	0.5496030	0.1748491	0.0927212
3232988854.0689554	0.1347726	0.1117564	0.3569520	0.4708194	0.3450725	0.4920143	0.1465353	0.0905267	0.4364488	0.5321686	0.1588353	0.1093804	0.4207331	0.5496005	0.1748553	0.0927149
3232988854.0788436	0.1348030	0.1117487	0.3569655	0.4708167	0.3451049	0.4919888	0.1465302	0.0905220	0.4364518	0.5321725	0.1588321	0.1093743	0.4207247	0.5496077	0.1748677	0.0927479
3232988854.0887303	0.1348051	0.1117378	0.3569773	0.4708102	0.3450829	0.4919858	0.1465496	0.0905236	0.4364425	0.5321607	0.1588317	0.1093888	0.4207275	0.5495989	0.1748424	0.0927531
3232988854.0986185	0.1347968	0.1117557	0.3569657	0.4708068	0.3450868	0.4919983	0.1465483	0.0905009	0.4364520	0.5321502	0.1588337	0.1093749	0.4207383	0.5496248	0.1748788	0.0927453
3232988854.1085067	0.1347831	0.1117526	0.3569453	0.4708219	0.3451048	0.4920123	0.1465490	0.0905210	0.4364658	0.5321701	0.1588229	0.1093890	0.4207139	0.5496206	0.1748609	0.0927329
3232988854.1183948	0.1347872	0.1117519	0.3569555	0.4708094	0.3450972	0.4919822	0.1465102	0.0905339	0.4364520	0.5321567	0.1588358	0.1093752	0.4207353	0.5496272	0.1748616	0.0927295
3232988854.1282830	0.1347947	0.1117558	0.3569730	0.4708130	0.3450888	0.4919884	0.1465301	0.0905111	0.4364623	0.5321737	0.1588264	0.1093794	0.4207167	0.5496145	0.1748779	0.0927302
3232988854.1381712	0.1347925	0.1117373	0.3569653	0.4708323	0.3450854	0.4920050	0.1465172	0.0905180	0.4364503	0.5321595	0.1588384	0.1093709	0.4207250	0.5496212	0.1748570	0.0927466
3232988854.1480594	0.1347992	0.1117562	0.3569597	0.4708333	0.3450967	0.4919835	0.1465546	0.0904921	0.4364446	0.5321726	0.1588557	0.1093892	0.4207169	0.5496206	0.1748742	0.0927270
3232988854.1579475	0.1347888	0.1117576	0.3569623	0.4708211	0.3450787	0.4919886	0.1465388	0.0905007	0.4364658	0.5321716	0.1588348	0.1093728	0.4207453	0.5496221	0.1748378	0.0927368
3232988854.1678357	0.1347784	0.1117619	0.3569344	0.4708215	0.3450944	0.4920050	0.1465342	0.0904955	0.4364660	0.5321731	0.1588194	0.1093854	0.4207457	0.5496179	0.1748591	0.0927268
3232988854.1777239	0.1347880	0.1117689	0.3569596	0.4708221	0.3450906	0.4919996	0.1465142	0.0905050	0.4364482	0.5321875	0.1588252	0.1093946	0.4207148	0.5496260	0.1748539	0.0927198
3232988854.1876101	0.1348097	0.1117694	0.3569587	0.4708172	0.3450903	0.4919826	0.1465356	0.0905400	0.4364585	0.5321691	0.1588468	0.1093848	0.4207410	0.5496268	0.1748468	0.0927366
3232988854.1974983	0.1348008	0.1117616	0.3569622	0.4708423	0.3450796	0.4920140	0.1465512	0.0905074	0.4364571	0.5321749	0.1588385	0.1093956	0.4207298	0.5496243	0.1748434	0.0927402
3232988854.2073865	0.1347916	0.1117562	0.3569584	0.4708337	0.3450912	0.4919970	0.1465365	0.0905314	0.4364511	0.5321832	0.1588220	0.1093725	0.4207352	0.5496302	0.1748592	0.0927398
3232988854.2172747	0.1347966	0.1117278	0.3569689	0.4708220	0.3450806	0.4919895	0.1465336	0.0905141	0.4364558	0.5321709	0.1588241	0.1093875	0.4207113	0.5496241	0.1748468	0.0927412
3232988854.2271628	0.1347803	0.1117470	0.3569579	0.4708357	0.3450770	0.4919976	0.1465257	0.0905161	0.4364339	0.5321599	0.1588239	0.1093716	0.4207299	0.5496128	0.1748416	0.0927592
3232988854.2370510	0.1348079	0.1117523	0.3569481	0.4708347	0.3451005	0.4920063	0.1465392	0.0905094	0.4364524	0.5321763	0.1588564	0.1093854	0.4207337	0.5496215	0.1748703	0.0927406
3232988854.2469392	0.1347881	0.1117524	0.3569396	0.4708203	0.3450747	0.4919851	0.1465349	0.0905169	0.4364644	0.5321831	0.1588258	0.1093813	0.4207152	0.5496425	0.1748648	0.0927259
3232988854.2568274	0.1347968	0.1117728	0.3569435	0.4708521	0.3451000	0.4920061	0.1465480	0.0905171	0.4364506	0.5321790	0.1588372	0.1093582	0.4207281	0.5496298	0.1748653	0.0927456
3232988854.2667155	0.1347802	0.1117392	0.3569600	0.4708289	0.3450786	0.4920089	0.1465421	0.0905115	0.4364470	0.5321723	0.1588252	0.1093690	0.4207249	0.5496334	0.1748735	0.0927303
3232988854.2766037	0.1348067	0.1117285	0.3569735	0.4708397	0.3450921	0.4920119	0.1465293	0.0904901	0.4364490	0.5321873	0.1588306	0.1093703	0.4207246	0.5496379	0.1748659	0.0927351
3232988854.2864900	0.1348001	0.1117492	0.3569573	0.4708388	0.3450990	0.4920027	0.1465417	0.0905059	0.4364413	0.5321961	0.1588256	0.1093819	0.4207438	0.5496059	0.1748453	0.0927356
3232988854.2963781	0.1347999	0.1117546	0.3569804	0.4708422	0.3450900	0.4920153	0.1465358	0.0905305	0.4364527	0.5321821	0.1588464	0.1093614	0.4207322	0.5496259	0.1748624	0.0927295
3232988854.3062663	0.1348050	0.1117521	0.3569705	0.4708289	0.3450758	0.4920081	0.1465332	0.0905109	0.4364415	0.5321894	0.1588174	0.1093868	0.4207189	0.5496285	0.1748607	0.0927273
3232988854.3161545	0.1347918	0.1117488	0.3569564	0.4708233	0.3450987	0.4920167	0.1465458	0.0905217	0.4364625	0.5321818	0.1588200	0.1093876	0.4207290	0.5496338	0.1748478	0.0927469
3232988854.3260426	0.1347918	0.1117548	0.3569544	0.4708427	0.3450848	0.4920010	0.1465379	0.0905198	0.4364434	0.5321995	0.1588232	0.1093812	0.4207265	0.5496354	0.1748518	0.0927400
3232988854.3359308	0.1347893	0.1117432	0.3569718	0.4708287	0.3450952	0.4920129	0.1465392	0.0905176	0.4364569	0.5321809	0.1588307	0.1093965	0.4207139	0.5496473	0.1748492	0.0927329
3232988854.3458190	0.1347825	0.1117463	0.3569821	0.4708341	0.3451162	0.4920071	0.1465363	0.0905160	0.4364470	0.5321852	0.1588378	0.1094093	0.4207355	0.5496391	0.1748587	0.0927355
3232988854.3557072	0.1348145	0.1117520	0.3569494	0.4708426	0.3450770	0.4920208	0.1465370	0.0905358	0.4364344	0.5321915	0.1588278	0.1093791	0.4207249	0.5496318	0.1748687	0.0927371
3232988854.3655953	0.1347860	0.1117677	0.3569589	0.4708309	0.3450793	0.4920141	0.1465205	0.0905317	0.4364538	0.5321683	0.1588404	0.1093708	0.4207166	0.5496305	0.1748540	0.0927393
3232988854.3754835	0.1347767	0.1117427	0.3569463	0.4708537	0.3450664	0.4920251	0.1465167	0.0905202	0.4364453	0.5321869	0.1588268	0.1093806	0.4207187	0.5496402	0.1748639	0.0927517
3232988854.3853703	0.1348006	0.1117405	0.3569631	0.4708522	0.3450653	0.4920058	0.1465304	0.0905371	0.4364578	0.5321944	0.1588124	0.1093726	0.4207279	0.5496442	0.1748643	0.0927289
3232988854.3952584	0.1348062	0.1117678	0.3569505	0.4708513	0.3450959	0.4920153	0.1465376	0.0905199	0.4364441	0.5321872	0.1588298	0.1093904	0.4207271	0.5496294	0.1748549	0.0927510
3232988854.4051466	0.1347958	0.1117420	0.3569605	0.4708471	0.3450687	0.4920103	0.1465523	0.0905302	0.4364385	0.5321955	0.1588377	0.1093802	0.4207374	0.5496396	0.1748699	0.0927417
3232988854.4150348	0.1347947	0.1117487	0.3569648	0.4708512	0.3451035	0.4919985	0.1465406	0.0905178	0.4364597	0.5321871	0.1588238	0.1093862	0.4207333	0.5496322	0.1748606	0.0927420
3232988854.4249229	0.1347684	0.1117439	0.3569637	0.4708319	0.3450889	0.4920068	0.1465361	0.0905123	0.4364469	0.5321713	0.1588218	0.1093948	0.4207084	0.5496291	0.1748538	0.0927317
3232988854.4348111	0.1347877	0.1117481	0.3569695	0.4708501	0.3450791	0.4920006	0.1465305	0.0905212	0.4364695	0.5321849	0.1588318	0.1093654	0.4207139	0.5496386	0.1748514	0.0927564
3232988854.4446993	0.1347921	0.1117350	0.3569612	0.4708545	0.3450735	0.4920232	0.1465215	0.0905191	0.4364361	0.5321882	0.1588356	0.1093847	0.4206996	0.5496078	0.1748436	0.0927551
3232988854.4545875	0.1347968	0.1117769	0.3569625	0.4708533	0.3450925	0.4920181	0.1465575	0.0905184	0.4364421	0.5321722	0.1588345	0.1093791	0.4207414	0.5496397	0.1748603	0.0927483
3232988854.4644756	0.1348056	0.1117483	0.3569469	0.4708411	0.3450774	0.4920223	0.1465371	0.0905250	0.4364311	0.5321881	0.1588340	0.1094062	0.4207347	0.5496308	0.1748590	0.0927326
3232988854.4743638	0.1347830	0.1117627	0.3569689	0.4708369	0.3450855	0.4920009	0.1465509	0.0905313	0.4364551	0.5321876	0.1588288	0.1093698	0.4207021	0.5496322	0.1748474	0.0927407
3232988854.4842501	0.1347866	0.1117422	0.3569612	0.4708444	0.3450977	0.4920096	0.1465455	0.0905265	0.4364357	0.5321893	0.1588164	0.1093814	0.4207182	0.5496239	0.1748586	0.0927414
3232988854.4941382	0.1347886	0.1117755	0.3569434	0.4708537	0.3450974	0.4920122	0.1465353	0.0905121	0.4364426	0.5321895	0.1588298	0.1093983	0.4207391	0.5496377	0.1748557	0.0927486
3232988854.5040264	0.1347905	0.1117514	0.3569585	0.4708588	0.3451013	0.4920122	0.1465378	0.0905247	0.4364415	0.5321837	0.1588362	0.1093803	0.4207274	0.5496300	0.1748610	0.0927295
3232988854.5139146	0.1347807	0.1117645	0.3569589	0.4708363	0.3450934	0.4920163	0.1465437	0.0905207	0.4364300	0.5321971	0.1588283	0.1093812	0.4207186	0.5496439	0.1748551	0.0927411
3232988854.5238028	0.1347788	0.1117568	0.3569658	0.4708465	0.3450906	0.4920043	0.1465428	0.0905440	0.4364506	0.5321772	0.1588372	0.1093758	0.4207184	0.5496495	0.1748537	0.0927570
3232988854.5336909	0.1347903	0.1117787	0.3569490	0.4708394	0.3450765	0.4920126	0.1465454	0.0905242	0.4364614	0.5321989	0.1588256	0.1093945	0.4207237	0.5496258	0.1748786	0.0927441
3232988854.5435791	0.1347919	0.1117666	0.3569513	0.4708482	0.3450853	0.4920200	0.1465402	0.0905092	0.4364375	0.5321845	0.1588341	0.1093890	0.4207024	0.5496473	0.1748538	0.0927431
3232988854.5534673	0.1347952	0.1117497	0.3569554	0.4708494	0.3450944	0.4920145	0.1465451	0.0905034	0.4364399	0.5322105	0.1588304	0.1093867	0.4207223	0.5496360	0.1748672	0.0927167
3232988854.5633554	0.1347802	0.1117857	0.3569577	0.4708441	0.3450920	0.4920110	0.1465388	0.0905286	0.4364377	0.5322039	0.1588342	0.1093716	0.4207055	0.5496396	0.1748613	0.0927497
3232988854.5732436	0.1347794	0.1117540	0.3569574	0.4708351	0.3450963	0.4920195	0.1465282	0.0905249	0.4364488	0.5321701	0.1588323	0.1093936	0.4207118	0.5496393	0.1748544	0.0927522
3232988854.5831299	0.1347878	0.1117606	0.3569455	0.4708543	0.3450729	0.4920140	0.1465364	0.0905294	0.4364572	0.5321764	0.1588180	0.1093746	0.4207352	0.5496386	0.1748512	0.0927393
3232988854.5930181	0.1347817	0.1117572	0.3569380	0.4708478	0.3450788	0.4920094	0.1465100	0.0905113	0.4364594	0.5321934	0.1588221	0.1093682	0.4207148	0.5496252	0.1748578	0.0927393
3232988854.6029062	0.1347936	0.1117762	0.3569420	0.4708502	0.3450855	0.4920131	0.1465544	0.0905397	0.4364358	0.5321926	0.1588266	0.1093823	0.4207073	0.5496316	0.1748519	0.0927366
3232988854.6127944	0.1347730	0.1117455	0.3569479	0.4708458	0.3450993	0.4920260	0.1465667	0.0905385	0.4364421	0.5321873	0.1588238	0.1093659	0.4207265	0.5496371	0.1748604	0.0927462
3232988854.6226826	0.1348002	0.1117636	0.3569505	0.4708439	0.3450619	0.4920013	0.1465323	0.0905154	0.4364376	0.5321933	0.1588298	0.1093945	0.4207162	0.5496308	0.1748628	0.0927395
3232988854.6325707	0.1347860	0.1117636	0.3569695	0.4708489	0.3450787	0.4920236	0.1465405	0.0905403	0.4364538	0.5321886	0.1588213	0.1093728	0.4207197	0.5496305	0.1748445	0.0927490
3232988854.6424589	0.1347871	0.1117445	0.3569564	0.4708488	0.3450630	0.4920105	0.1465316	0.0905143	0.4364503	0.5321757	0.1588173	0.1093766	0.4206980	0.5496164	0.1748454	0.0927647
3232988854.6523471	0.1347797	0.1117416	0.3569387	0.4708416	0.3450824	0.4920134	0.1465248	0.0905247	0.4364573	0.5321857	0.1588268	0.1093718	0.4207245	0.5496362	0.1748587	0.0927362
3232988854.6622353	0.1347914	0.1117647	0.3569417	0.4708299	0.3450725	0.4920372	0.1465622	0.0905131	0.4364315	0.5321811	0.1588201	0.1093830	0.4207172	0.5496242	0.1748618	0.0927338
3232988854.6721234	0.1347831	0.1117633	0.3569647	0.4708522	0.3450988	0.4920187	0.1465443	0.0905366	0.4364449	0.5321960	0.1588219	0.1093718	0.4207234	0.5496367	0.1748523	0.0927504
3232988854.6820102	0.1348014	0.1117506	0.3569652	0.4708545	0.3450840	0.4920052	0.1465382	0.0905235	0.4364403	0.5321970	0.1588081	0.1093691	0.4207223	0.5496404	0.1748526	0.0927409
3232988854.6918983	0.1347937	0.1117528	0.3569493	0.4708487	0.3450914	0.4920222	0.1465330	0.0905149	0.4364594	0.5322006	0.1588257	0.1093902	0.4207120	0.5496229	0.1748523	0.0927386
3232988854.7017865	0.1347760	0.1117559	0.3569320	0.4708564	0.3450722	0.4920176	0.1465334	0.0905063	0.4364586	0.5321920	0.1588434	0.1093921	0.4207261	0.5496189	0.1748642	0.0927351
3232988854.7116747	0.1348205	0.1117436	0.3569537	0.4708356	0.3450726	0.4920175	0.1465246	0.0905153	0.4364330	0.5321855	0.1588275	0.1093810	0.4207103	0.5496201	0.1748674	0.0927337
3232988854.7215629	0.1347918	0.1117567	0.3569528	0.4708643	0.3450942	0.4920328	0.1465247	0.0905174	0.4364357	0.5321859	0.1588211	0.1093819	0.4207076	0.5496387	0.1748447	0.0927434
3232988854.7314510	0.1347795	0.1117575	0.3569568	0.4708357	0.3450810	0.4920100	0.1465324	0.0905218	0.4364655	0.5321887	0.1588356	0.1093788	0.4207169	0.5496272	0.1748550	0.0927284
3232988854.7413392	0.1347801	0.1117752	0.3569484	0.4708610	0.3450966	0.4920167	0.1465469	0.0905252	0.4364340	0.5321814	0.1588264	0.1093827	0.4207035	0.5496312	0.1748776	0.0927391
3232988854.7512274	0.1347836	0.1117515	0.3569487	0.4708360	0.3450714	0.4919998	0.1465437	0.0905097	0.4364371	0.5321867	0.1588297	0.1093697	0.4207110	0.5496340	0.1748496	0.0927362
3232988854.7611155	0.1348033	0.1117658	0.3569510	0.4708536	0.3450975	0.4920114	0.1465308	0.0905193	0.4364463	0.5321741	0.1588147	0.1093698	0.4207097	0.5496295	0.1748453	0.0927498
3232988854.7710037	0.1347932	0.1117411	0.3569472	0.4708362	0.3450898	0.4920210	0.1465498	0.0905156	0.4364449	0.5321920	0.1588226	0.1093915	0.4207258	0.5496164	0.1748636	0.0927429
3232988854.7808900	0.1347887	0.1117704	0.3569383	0.4708288	0.3450892	0.4919835	0.1465407	0.0905215	0.4364522	0.5321959	0.1588414	0.1093860	0.4207288	0.5496080	0.1748416	0.0927368
3232988854.7907782	0.1347992	0.1117315	0.3569663	0.4708306	0.3450847	0.4920058	0.1465352	0.0905328	0.4364394	0.5321873	0.1588380	0.1093699	0.4207198	0.5496060	0.1748631	0.0927225
3232988854.8006663	0.1347839	0.1117615	0.3569546	0.4708208	0.3450710	0.4920090	0.1465406	0.0905031	0.4364343	0.5321824	0.1588384	0.1093809	0.4207019	0.5496177	0.1748410	0.0927381
3232988854.8105545	0.1347931	0.1117566	0.3569584	0.4708384	0.3450944	0.4920057	0.1465381	0.0905207	0.4364448	0.5321831	0.1588347	0.1093629	0.4207284	0.5496038	0.1748446	0.0927479
3232988854.8204427	0.1347836	0.1117648	0.3569504	0.4708250	0.3450905	0.4920059	0.1465338	0.0905190	0.4364107	0.5321819	0.1588325	0.1093778	0.4207062	0.5496419	0.1748570	0.0927360
3232988854.8303308	0.1347890	0.1117546	0.3569555	0.4708315	0.3450913	0.4920064	0.1465325	0.0905220	0.4364442	0.5321739	0.1588134	0.1093925	0.4207141	0.5495958	0.1748551	0.0927432
3232988854.8402190	0.1347865	0.1117582	0.3569560	0.4708312	0.3450913	0.4920154	0.1465349	0.0905088	0.4364588	0.5321733	0.1588233	0.1093740	0.4207293	0.5496138	0.1748651	0.0927339
3232988854.8501072	0.1348012	0.1117462	0.3569530	0.4708406	0.3450827	0.4919974	0.1465192	0.0905178	0.4364485	0.5321889	0.1588179	0.1093877	0.4207167	0.5496156	0.1748480	0.0927442
3232988854.8599954	0.1347794	0.1117494	0.3569519	0.4708497	0.3450930	0.4920015	0.1465337	0.0905096	0.4364672	0.5321544	0.1588484	0.1093916	0.4207153	0.5495995	0.1748625	0.0927428
3232988854.8698835	0.1347928	0.1117382	0.3569490	0.4708185	0.3450951	0.4919947	0.1465315	0.0905209	0.4364424	0.5321721	0.1588143	0.1093865	0.4207238	0.5496093	0.1748416	0.0927483
3232988854.8797703	0.1348058	0.1117488	0.3569695	0.4708321	0.3450828	0.4920002	0.1465462	0.0905323	0.4364510	0.5321734	0.1588097	0.1093747	0.4207036	0.5496078	0.1748504	0.0927284
3232988854.8896584	0.1347929	0.1117565	0.3569540	0.4708221	0.3450767	0.4919875	0.1465401	0.0905379	0.4364625	0.5321535	0.1588234	0.1093741	0.4207209	0.5496109	0.1748615	0.0927347
3232988854.8995466	0.1347877	0.1117445	0.3569535	0.4708255	0.3450912	0.4919846	0.1465440	0.0905175	0.4364537	0.5321509	0.1588198	0.1093868	0.4207265	0.5496206	0.1748456	0.0927321
3232988854.9094348	0.1347897	0.1117487	0.3569573	0.4708173	0.3450757	0.4919789	0.1465472	0.0905144	0.4364423	0.5321701	0.1588398	0.1093789	0.4207217	0.5496267	0.1748671	0.0927425
3232988854.9193230	0.1347997	0.1117381	0.3569414	0.4708309	0.3450918	0.4920011	0.1465252	0.0905117	0.4364414	0.5321766	0.1588280	0.1093783	0.4207112	0.5496044	0.1748539	0.0927146
3232988854.9292111	0.1347847	0.1117489	0.3569665	0.4708205	0.3451054	0.4919888	0.1465311	0.0905119	0.4364507	0.5321709	0.1588244	0.1093527	0.4207022	0.5496050	0.1748658	0.0927303
3232988854.9390993	0.1347986	0.1117431	0.3569652	0.4708375	0.3450791	0.4919877	0.1465520	0.0905409	0.4364347	0.5321657	0.1588400	0.1093880	0.4207107	0.5496130	0.1748408	0.0927255
3232988854.9489875	0.1347994	0.1117571	0.3569463	0.4708261	0.3450819	0.4919896	0.1465339	0.0905123	0.4364552	0.5321479	0.1588445	0.1093529	0.4207101	0.5496082	0.1748529	0.0927467
3232988854.9588757	0.1347976	0.1117362	0.3569517	0.4708074	0.3451023	0.4919828	0.1465425	0.0905202	0.4364545	0.5321401	0.1588342	0.1093784	0.4207173	0.5495995	0.1748611	0.0927148
3232988854.9687638	0.1347984	0.1117507	0.3569520	0.4708143	0.3450733	0.4919854	0.1465175	0.0905087	0.4364485	0.5321632	0.1588356	0.1093851	0.4207020	0.5496038	0.1748572	0.0927360
3232988854.9786501	0.1347843	0.1117385	0.3569524	0.4708272	0.3450887	0.4919680	0.1465400	0.0905043	0.4364511	0.5321574	0.1588450	0.1093728	0.4207260	0.5496038	0.1748574	0.0927246
3232988854.9885383	0.1347999	0.1117521	0.3569751	0.4708125	0.3450888	0.4919777	0.1465423	0.0904953	0.4364390	0.5321588	0.1588409	0.1093758	0.4207237	0.5496003	0.1748584	0.0927250
3232988854.9984264	0.1348100	0.1117380	0.3569681	0.4708155	0.3450802	0.4919716	0.1465360	0.0905132	0.4364670	0.5321601	0.1588219	0.1093730	0.4207177	0.5496232	0.1748581	0.0927350
3232988855.0083146	0.1347955	0.1117361	0.3569558	0.4708043	0.3451027	0.4919629	0.1465246	0.0905294	0.4364327	0.5321612	0.1588211	0.1093674	0.4207259	0.5495998	0.1748539	0.0927177
3232988855.0182028	0.1347839	0.1117487	0.3569513	0.4708205	0.3450858	0.4919680	0.1465316	0.0905038	0.4364436	0.5321453	0.1588301	0.1093664	0.4207266	0.5496022	0.1748477	0.0927367
3232988855.0280910	0.1347953	0.1117544	0.3569608	0.4708116	0.3450794	0.4919818	0.1465143	0.0905140	0.4364314	0.5321404	0.1588361	0.1093788	0.4207136	0.5495924	0.1748491	0.0927247
3232988855.0379791	0.1348006	0.1117487	0.3569534	0.4708376	0.3450814	0.4919884	0.1465269	0.0905150	0.4364459	0.5321553	0.1588212	0.1093612	0.4207201	0.5496215	0.1748440	0.0927395
3232988855.0478673	0.1348020	0.1117455	0.3569742	0.4708154	0.3450901	0.4919862	0.1465524	0.0905140	0.4364343	0.5321536	0.1588309	0.1093853	0.4207266	0.5495941	0.1748525	0.0927441
3232988855.0577555	0.1347971	0.1117533	0.3569633	0.4708442	0.3450804	0.4919772	0.1465475	0.0905159	0.4364577	0.5321497	0.1588341	0.1093640	0.4207236	0.5496195	0.1748378	0.0927333
3232988855.0676436	0.1347941	0.1117528	0.3569714	0.4708090	0.3450931	0.4919856	0.1465441	0.0904958	0.4364251	0.5321647	0.1588260	0.1093697	0.4207166	0.5495856	0.1748571	0.0927284
3232988855.0775299	0.1348054	0.1117524	0.3569591	0.4708241	0.3450827	0.4919858	0.1465255	0.0904982	0.4364381	0.5321551	0.1588331	0.1093781	0.4207177	0.5496222	0.1748554	0.0927285
3232988855.0874181	0.1347945	0.1117442	0.3569510	0.4708286	0.3451078	0.4919709	0.1465180	0.0905305	0.4364429	0.5321778	0.1588387	0.1093770	0.4207193	0.5496053	0.1748496	0.0927367
3232988855.0973062	0.1348086	0.1117523	0.3569678	0.4708253	0.3451047	0.4920013	0.1465178	0.0905099	0.4364289	0.5321551	0.1588332	0.1093916	0.4207188	0.5496058	0.1748548	0.0927338
3232988855.1071944	0.1348018	0.1117556	0.3569737	0.4708246	0.3450838	0.4919835	0.1465215	0.0905044	0.4364357	0.5321611	0.1588376	0.1093891	0.4207188	0.5496202	0.1748427	0.0927494
3232988855.1170826	0.1347808	0.1117399	0.3569556	0.4708080	0.3450963	0.4919768	0.1465326	0.0905176	0.4364392	0.5321612	0.1588418	0.1093842	0.4207179	0.5496020	0.1748513	0.0927315
3232988855.1269708	0.1347949	0.1117499	0.3569674	0.4708271	0.3450673	0.4919797	0.1465454	0.0905318	0.4364533	0.5321545	0.1588256	0.1093522	0.4207197	0.5496098	0.1748465	0.0927433
3232988855.1368589	0.1347875	0.1117515	0.3569623	0.4708053	0.3450895	0.4919917	0.1465223	0.0905255	0.4364184	0.5321806	0.1588181	0.1093825	0.4206966	0.5496148	0.1748518	0.0927280
3232988855.1467471	0.1348042	0.1117746	0.3569598	0.4708300	0.3450905	0.4919995	0.1465264	0.0905043	0.4364450	0.5321529	0.1588309	0.1093727	0.4207220	0.5496113	0.1748540	0.0927308
3232988855.1566353	0.1348087	0.1117562	0.3569452	0.4708095	0.3450698	0.4919856	0.1465448	0.0905122	0.4364447	0.5321453	0.1588196	0.1093834	0.4207269	0.5496130	0.1748466	0.0927309
3232988855.1665235	0.1347901	0.1117638	0.3569440	0.4708229	0.3450974	0.4919836	0.1465293	0.0905241	0.4364455	0.5321453	0.1588305	0.1093706	0.4207217	0.5496178	0.1748384	0.0927335
3232988855.1764102	0.1347798	0.1117480	0.3569513	0.4707992	0.3450684	0.4920063	0.1465344	0.0905090	0.4364436	0.5321722	0.1588336	0.1093695	0.4207274	0.5495928	0.1748678	0.0927225
3232988855.1862984	0.1347895	0.1117737	0.3569500	0.4708236	0.3450821	0.4919746	0.1465398	0.0905138	0.4364519	0.5321684	0.1588304	0.1093754	0.4207073	0.5496150	0.1748495	0.0927355
3232988855.1961865	0.1348037	0.1117453	0.3569598	0.4708154	0.3450951	0.4919828	0.1465411	0.0905021	0.4364464	0.5321568	0.1588121	0.1093710	0.4207356	0.5496284	0.1748443	0.0927513
3232988855.2060747	0.1348115	0.1117534	0.3569663	0.4708237	0.3451032	0.4919941	0.1465483	0.0905191	0.4364412	0.5321661	0.1588248	0.1093807	0.4207344	0.5496121	0.1748566	0.0927379
3232988855.2159629	0.1348023	0.1117381	0.3569544	0.4708270	0.3450780	0.4920013	0.1465242	0.0905196	0.4364380	0.5321683	0.1588323	0.1093819	0.4207405	0.5496153	0.1748534	0.0927355
3232988855.2258511	0.1347927	0.1117600	0.3569607	0.4708264	0.3450607	0.4919824	0.1465294	0.0905262	0.4364482	0.5321657	0.1588412	0.1093749	0.4207141	0.5496161	0.1748585	0.0927303
3232988855.2357392	0.1347933	0.1117364	0.3569490	0.4708198	0.3450888	0.4920019	0.1465444	0.0905158	0.4364347	0.5321541	0.1588404	0.1093616	0.4207228	0.5496139	0.1748690	0.0927269
3232988855.2456274	0.1347743	0.1117665	0.3569582	0.4708216	0.3450802	0.4919904	0.1465342	0.0905147	0.4364525	0.5321702	0.1588382	0.1093724	0.4207258	0.5496079	0.1748621	0.0927220
3232988855.2555156	0.1348032	0.1117554	0.3569608	0.4708189	0.3451000	0.4919932	0.1465405	0.0904841	0.4364393	0.5321630	0.1588324	0.1093647	0.4207155	0.5496052	0.1748507	0.0927331
3232988855.2654037	0.1347990	0.1117546	0.3569443	0.4708088	0.3450923	0.4920043	0.1465241	0.0905216	0.4364591	0.5321720	0.1588313	0.1093694	0.4207174	0.5496048	0.1748591	0.0927279
3232988855.2752900	0.1348009	0.1117442	0.3569565	0.4708123	0.3450884	0.4920055	0.1465340	0.0905212	0.4364542	0.5321735	0.1588316	0.1093756	0.4207100	0.5496143	0.1748623	0.0927420
3232988855.2851782	0.1347721	0.1117565	0.3569592	0.4708103	0.3450810	0.4919793	0.1465270	0.0905145	0.4364584	0.5321664	0.1588173	0.1093814	0.4207129	0.5496234	0.1748615	0.0927214
3232988855.2950664	0.1347828	0.1117532	0.3569473	0.4708227	0.3450985	0.4920077	0.1465052	0.0905079	0.4364452	0.5321587	0.1588475	0.1093577	0.4207274	0.5496067	0.1748426	0.0927108
3232988855.3049545	0.1347965	0.1117574	0.3569721	0.4708263	0.3451017	0.4919932	0.1465390	0.0905178	0.4364592	0.5321721	0.1588356	0.1093604	0.4207326	0.5495993	0.1748567	0.0927457
3232988855.3148427	0.1348071	0.1117657	0.3569433	0.4708150	0.3450801	0.4919966	0.1465451	0.0905203	0.4364362	0.5321734	0.1588336	0.1093807	0.4207151	0.5496114	0.1748597	0.0927137
3232988855.3247309	0.1347786	0.1117487	0.3569540	0.4708362	0.3450739	0.4919991	0.1465417	0.0904987	0.4364595	0.5321796	0.1588186	0.1093804	0.4207172	0.5496208	0.1748577	0.0927409
3232988855.3346190	0.1347902	0.1117526	0.3569547	0.4708374	0.3450655	0.4919732	0.1465237	0.0905266	0.4364291	0.5321693	0.1588456	0.1093561	0.4207248	0.5496130	0.1748385	0.0927343
3232988855.3445072	0.1347844	0.1117709	0.3569432	0.4708223	0.3450835	0.4919990	0.1465329	0.0905208	0.4364329	0.5321719	0.1588223	0.1093664	0.4207092	0.5496081	0.1748703	0.0927207
3232988855.3543954	0.1348039	0.1117539	0.3569479	0.4708195	0.3450872	0.4919928	0.1465275	0.0905287	0.4364485	0.5321615	0.1588181	0.1093843	0.4207192	0.5496151	0.1748540	0.0927360
3232988855.3642836	0.1347912	0.1117496	0.3569481	0.4708387	0.3450874	0.4919789	0.1465363	0.0905295	0.4364171	0.5321743	0.1588180	0.1093723	0.4207249	0.5496003	0.1748398	0.0927415
3232988855.3741703	0.1348007	0.1117463	0.3569496	0.4708205	0.3450797	0.4919884	0.1465359	0.0905124	0.4364532	0.5321799	0.1588272	0.1093855	0.4207263	0.5496161	0.1748650	0.0927315
3232988855.3840585	0.1347820	0.1117494	0.3569553	0.4708295	0.3450696	0.4919786	0.1465422	0.0905279	0.4364371	0.5321620	0.1588296	0.1093766	0.4206994	0.5496156	0.1748533	0.0927442
3232988855.3939466	0.1347849	0.1117659	0.3569367	0.4708132	0.3450792	0.4919979	0.1465257	0.0905099	0.4364419	0.5321935	0.1588171	0.1093863	0.4207277	0.5496228	0.1748512	0.0927384
3232988855.4038348	0.1347728	0.1117446	0.3569410	0.4708318	0.3450764	0.4919878	0.1465408	0.0905098	0.4364450	0.5321541	0.1588263	0.1093589	0.4207148	0.5495888	0.1748532	0.0927295
3232988855.4137230	0.1347848	0.1117527	0.3569536	0.4708164	0.3450894	0.4919950	0.1465390	0.0905235	0.4364487	0.5321483	0.1588338	0.1093664	0.4207114	0.5495961	0.1748596	0.0927358
3232988855.4236112	0.1347871	0.1117388	0.3569456	0.4708359	0.3450901	0.4919896	0.1465391	0.0905330	0.4364473	0.5321718	0.1588170	0.1093772	0.4207259	0.5496149	0.1748533	0.0927275
3232988855.4334993	0.1348079	0.1117308	0.3569493	0.4708194	0.3450767	0.4919846	0.1465503	0.0905206	0.4364265	0.5321625	0.1588272	0.1093675	0.4207245	0.5495938	0.1748496	0.0927177
3232988855.4433875	0.1347814	0.1117591	0.3569471	0.4708087	0.3450892	0.4920083	0.1465338	0.0905250	0.4364420	0.5321741	0.1588093	0.1094034	0.4207099	0.5495968	0.1748428	0.0927195
3232988855.4532757	0.1347780	0.1117460	0.3569427	0.4708534	0.3450967	0.4919885	0.1465366	0.0905019	0.4364367	0.5321643	0.1588269	0.1093723	0.4206937	0.5496111	0.1748562	0.0927360
3232988855.4631639	0.1348006	0.1117465	0.3569513	0.4708106	0.3450871	0.4919960	0.1465382	0.0905173	0.4364528	0.5321869	0.1588348	0.1093713	0.4207148	0.5495949	0.1748582	0.0927377
3232988855.4730501	0.1348017	0.1117499	0.3569701	0.4708272	0.3450942	0.4919827	0.1465240	0.0904996	0.4364524	0.5321511	0.1588296	0.1093770	0.4207320	0.5496125	0.1748374	0.0927354
3232988855.4829383	0.1347855	0.1117509	0.3569505	0.4708168	0.3450914	0.4919973	0.1465439	0.0905157	0.4364515	0.5321663	0.1588560	0.1093956	0.4207247	0.5495873	0.1748559	0.0927467
3232988855.4928265	0.1347831	0.1117550	0.3569359	0.4708216	0.3450827	0.4919988	0.1465188	0.0905457	0.4364322	0.5321622	0.1588371	0.1093839	0.4207231	0.5496066	0.1748600	0.0927516
3232988855.5027146	0.1347978	0.1117264	0.3569593	0.4708194	0.3450829	0.4919963	0.1465372	0.0905024	0.4364409	0.5321811	0.1588347	0.1093579	0.4206952	0.5496172	0.1748520	0.0927304
3232988855.5126028	0.1347931	0.1117520	0.3569825	0.4708233	0.3450929	0.4919893	0.1465297	0.0905193	0.4364630	0.5321606	0.1588255	0.1093587	0.4207074	0.5496233	0.1748660	0.0927349
3232988855.5224910	0.1348015	0.1117436	0.3569671	0.4708411	0.3450720	0.4919847	0.1465257	0.0905217	0.4364536	0.5321545	0.1588249	0.1093716	0.4207095	0.5496024	0.1748636	0.0927369
3232988855.5323791	0.1347802	0.1117381	0.3569686	0.4708225	0.3450763	0.4919974	0.1465352	0.0905140	0.4364518	0.5321551	0.1588371	0.1093568	0.4207211	0.5496102	0.1748502	0.0927397
3232988855.5422673	0.1347853	0.1117330	0.3569714	0.4708163	0.3450910	0.4919811	0.1465346	0.0904982	0.4364568	0.5321536	0.1588295	0.1093846	0.4207215	0.5496047	0.1748553	0.0927419
3232988855.5521555	0.1347972	0.1117433	0.3569508	0.4708118	0.3450786	0.4919726	0.1465482	0.0905203	0.4364320	0.5321456	0.1588316	0.1093800	0.4207203	0.5496135	0.1748594	0.0927407
3232988855.5620437	0.1347829	0.1117515	0.3569516	0.4708335	0.3450871	0.4919737	0.1465139	0.0905306	0.4364373	0.5321646	0.1588279	0.1093823	0.4207383	0.5495829	0.1748544	0.0927292
3232988855.5719299	0.1347989	0.1117441	0.3569672	0.4708215	0.3451022	0.4919934	0.1465452	0.0905099	0.4364554	0.5321624	0.1588201	0.1093823	0.4207251	0.5495997	0.1748618	0.0927288
3232988855.5818181	0.1347893	0.1117631	0.3569609	0.4708096	0.3450868	0.4919834	0.1465273	0.0905206	0.4364581	0.5321474	0.1588307	0.1093711	0.4207015	0.5496095	0.1748319	0.0927288
3232988855.5917063	0.1347876	0.1117381	0.3569607	0.4708059	0.3450928	0.4919886	0.1465179	0.0904976	0.4364514	0.5321550	0.1588358	0.1093737	0.4207186	0.5495973	0.1748485	0.0927199
3232988855.6015944	0.1348004	0.1117544	0.3569586	0.4707986	0.3450869	0.4919878	0.1465315	0.0905072	0.4364292	0.5321657	0.1588372	0.1093911	0.4207098	0.5495888	0.1748480	0.0927163
3232988855.6114826	0.1347805	0.1117466	0.3569462	0.4708152	0.3450742	0.4919839	0.1465303	0.0905082	0.4364431	0.5321658	0.1588338	0.1093695	0.4207159	0.5495906	0.1748576	0.0927262
3232988855.6213708	0.1347865	0.1117501	0.3569543	0.4708233	0.3450819	0.4919988	0.1465313	0.0905183	0.4364183	0.5321590	0.1588236	0.1093822	0.4207075	0.5496034	0.1748555	0.0927238
3232988855.6312590	0.1348029	0.1117457	0.3569523	0.4708125	0.3450929	0.4919818	0.1465387	0.0905245	0.4364404	0.5321519	0.1588288	0.1093750	0.4207133	0.5495814	0.1748540	0.0927236
3232988855.6411471	0.1347889	0.1117306	0.3569641	0.4708170	0.3450714	0.4919821	0.1465222	0.0905149	0.4364320	0.5321660	0.1588292	0.1093813	0.4207078	0.5496191	0.1748449	0.0927325
3232988855.6510353	0.1347834	0.1117436	0.3569515	0.4708124	0.3450859	0.4919809	0.1465270	0.0905239	0.4364290	0.5321510	0.1588197	0.1093757	0.4206953	0.5495895	0.1748479	0.0927434
3232988855.6609235	0.1347831	0.1117358	0.3569476	0.4708250	0.3450907	0.4919792	0.1465371	0.0904991	0.4364281	0.5321590	0.1588183	0.1093812	0.4207115	0.5495958	0.1748782	0.0927322
3232988855.6708102	0.1347852	0.1117500	0.3569358	0.4708035	0.3450752	0.4919949	0.1465345	0.0905212	0.4364482	0.5321547	0.1588275	0.1093716	0.4207270	0.5495970	0.1748457	0.0927382
3232988855.6806984	0.1347937	0.1117462	0.3569579	0.4708021	0.3450805	0.4919820	0.1465403	0.0905105	0.4364296	0.5321378	0.1588282	0.1094003	0.4207063	0.5496070	0.1748490	0.0927430
3232988855.6905866	0.1347830	0.1117530	0.3569689	0.4708063	0.3451018	0.4919879	0.1465362	0.0905220	0.4364395	0.5321509	0.1588271	0.1093721	0.4207176	0.5495858	0.1748519	0.0927401
3232988855.7004747	0.1347929	0.1117278	0.3569664	0.4708214	0.3450859	0.4919822	0.1465310	0.0905116	0.4364217	0.5321379	0.1588213	0.1094012	0.4207178	0.5495912	0.1748421	0.0927331
3232988855.7103629	0.1347944	0.1117394	0.3569431	0.4708218	0.3450959	0.4919921	0.1465300	0.0904891	0.4364171	0.5321352	0.1588177	0.1093658	0.4207007	0.5495921	0.1748552	0.0927376
3232988855.7202511	0.1347848	0.1117458	0.3569523	0.4707837	0.3450905	0.4919813	0.1465394	0.0905081	0.4364219	0.5321434	0.1588347	0.1093666	0.4207149	0.5495996	0.1748497	0.0927284
3232988855.7301393	0.1348136	0.1117605	0.3569465	0.4708102	0.3450934	0.4919917	0.1465228	0.0905218	0.4364356	0.5321500	0.1588280	0.1093570	0.4207074	0.5495858	0.1748398	0.0927189
3232988855.7400274	0.1347996	0.1117587	0.3569690	0.4708167	0.3450990	0.4920001	0.1465270	0.0905007	0.4364455	0.5321464	0.1588411	0.1093927	0.4207098	0.5495767	0.1748536	0.0927216
3232988855.7499156	0.1348005	0.1117430	0.3569635	0.4708117	0.3450906	0.4919897	0.1465296	0.0905251	0.4364643	0.5321523	0.1588183	0.1093764	0.4206984	0.5495867	0.1748525	0.0927337
3232988855.7598038	0.1347760	0.1117426	0.3569586	0.4708130	0.3450850	0.4919754	0.1465374	0.0905268	0.4364374	0.5321738	0.1588183	0.1093775	0.4207244	0.5495871	0.1748447	0.0927312
3232988855.7696900	0.1347843	0.1117529	0.3569715	0.4708232	0.3450920	0.4919713	0.1465347	0.0905087	0.4364204	0.5321393	0.1588215	0.1093740	0.4207397	0.5496006	0.1748465	0.0927328
3232988855.7795782	0.1347816	0.1117607	0.3569351	0.4708088	0.3450832	0.4919839	0.1465450	0.0905304	0.4364291	0.5321470	0.1588233	0.1093544	0.4206973	0.5495810	0.1748471	0.0927308
3232988855.7894664	0.1347908	0.1117570	0.3569767	0.4708236	0.3450843	0.4919775	0.1465556	0.0905087	0.4364279	0.5321749	0.1588213	0.1093728	0.4207004	0.5495843	0.1748337	0.0927314
3232988855.7993546	0.1347859	0.1117357	0.3569471	0.4708151	0.3450879	0.4919779	0.1465397	0.0905036	0.4364202	0.5321452	0.1588204	0.1093682	0.4207134	0.5496025	0.1748422	0.0927302
3232988855.8092427	0.1348061	0.1117370	0.3569506	0.4708019	0.3450899	0.4919739	0.1465226	0.0905097	0.4364121	0.5321341	0.1588256	0.1093751	0.4207165	0.5495886	0.1748509	0.0927391
3232988855.8191309	0.1348115	0.1117415	0.3569535	0.4708080	0.3450896	0.4919810	0.1465140	0.0904984	0.4364208	0.5321412	0.1588297	0.1093574	0.4207068	0.5495852	0.1748521	0.0927424
3232988855.8290191	0.1347969	0.1117325	0.3569644	0.4708074	0.3450958	0.4919845	0.1465345	0.0905229	0.4364138	0.5321558	0.1588413	0.1093722	0.4207071	0.5495816	0.1748483	0.0927219
3232988855.8389072	0.1347883	0.1117477	0.3569854	0.4708075	0.3450874	0.4919823	0.1465433	0.0905117	0.4364228	0.5321463	0.1588283	0.1093573	0.4207018	0.5495718	0.1748364	0.0927265
3232988855.8487954	0.1347913	0.1117540	0.3569644	0.4708070	0.3450979	0.4919653	0.1465389	0.0905051	0.4364273	0.5321511	0.1588109	0.1093580	0.4207074	0.5495721	0.1748394	0.0927211
3232988855.8586836	0.1347688	0.1117457	0.3569579	0.4708044	0.3450979	0.4919877	0.1465402	0.0904964	0.4364418	0.5321499	0.1588243	0.1093719	0.4207061	0.5495933	0.1748635	0.0927499
3232988855.8685703	0.1347945	0.1117376	0.3569498	0.4708138	0.3450788	0.4919794	0.1465365	0.0905026	0.4364240	0.5321469	0.1588210	0.1093821	0.4207014	0.5495895	0.1748564	0.0927147
3232988855.8784585	0.1347915	0.1117496	0.3569659	0.4707997	0.3450958	0.4919879	0.1465191	0.0905116	0.4364396	0.5321510	0.1588393	0.1093702	0.4207121	0.5495784	0.1748369	0.0927322
3232988855.8883467	0.1347996	0.1117629	0.3569481	0.4707952	0.3450834	0.4919867	0.1465423	0.0905070	0.4364558	0.5321468	0.1588232	0.1093776	0.4206970	0.5495932	0.1748599	0.0927309
3232988855.8982348	0.1347877	0.1117522	0.3569587	0.4708241	0.3450966	0.4919839	0.1465484	0.0905263	0.4364216	0.5321376	0.1588422	0.1093718	0.4206943	0.5495986	0.1748513	0.0927205
3232988855.9081230	0.1347899	0.1117417	0.3569590	0.4708100	0.3450788	0.4919728	0.1465301	0.0905089	0.4364401	0.5321311	0.1588319	0.1093831	0.4207134	0.5495752	0.1748337	0.0927213
3232988855.9180112	0.1347866	0.1117294	0.3569488	0.4708142	0.3450831	0.4919869	0.1465191	0.0905123	0.4364350	0.5321405	0.1588130	0.1093635	0.4207139	0.5495916	0.1748652	0.0927339
3232988855.9278994	0.1347935	0.1117475	0.3569560	0.4708038	0.3450667	0.4919637	0.1465433	0.0905086	0.4364400	0.5321326	0.1588321	0.1093683	0.4207199	0.5495907	0.1748405	0.0927198
3232988855.9377875	0.1347954	0.1117554	0.3569727	0.4707963	0.3450893	0.4919795	0.1465376	0.0905136	0.4364359	0.5321437	0.1588453	0.1093717	0.4206904	0.5495789	0.1748559	0.0927042
3232988855.9476757	0.1347855	0.1117466	0.3569708	0.4708219	0.3450863	0.4919731	0.1465256	0.0905104	0.4364246	0.5321345	0.1588210	0.1093898	0.4207109	0.5495837	0.1748596	0.0927296
3232988855.9575639	0.1347882	0.1117465	0.3569595	0.4708064	0.3450928	0.4919772	0.1465381	0.0905245	0.4364169	0.5321540	0.1588112	0.1093702	0.4207196	0.5495713	0.1748614	0.0927294
3232988855.9674501	0.1348088	0.1117618	0.3569592	0.4708174	0.3450888	0.4919806	0.1465175	0.0905137	0.4364534	0.5321415	0.1588118	0.1093660	0.4207080	0.5495833	0.1748463	0.0927311
3232988855.9773383	0.1347894	0.1117601	0.3569506	0.4707932	0.3451044	0.4919695	0.1465233	0.0905081	0.4364462	0.5321440	0.1588341	0.1093809	0.4207213	0.5495626	0.1748504	0.0927310
3232988855.9872265	0.1348044	0.1117572	0.3569546	0.4708137	0.3450926	0.4919926	0.1465499	0.0905130	0.4364237	0.5321217	0.1588175	0.1093737	0.4206853	0.5495670	0.1748491	0.0927317
3232988855.9971147	0.1347901	0.1117430	0.3569664	0.4708010	0.3450970	0.4919664	0.1465399	0.0905155	0.4364320	0.5321364	0.1588281	0.1093644	0.4207151	0.5495804	0.1748567	0.0927488
3232988856.0070028	0.1347976	0.1117455	0.3569593	0.4708094	0.3450897	0.4919852	0.1465446	0.0905152	0.4364235	0.5321223	0.1588275	0.1093709	0.4206948	0.5495805	0.1748632	0.0927132
3232988856.0168910	0.1347850	0.1117269	0.3569568	0.4707972	0.3450703	0.4919913	0.1465405	0.0905069	0.4364332	0.5321198	0.1588261	0.1093760	0.4206970	0.5495686	0.1748435	0.0927216
3232988856.0267792	0.1347992	0.1117433	0.3569419	0.4708059	0.3450759	0.4919723	0.1465300	0.0905007	0.4364356	0.5321266	0.1588260	0.1093641	0.4206965	0.5495780	0.1748502	0.0927309
3232988856.0366673	0.1347876	0.1117517	0.3569671	0.4707866	0.3450795	0.4919694	0.1465455	0.0905054	0.4364172	0.5321406	0.1588073	0.1093738	0.4207134	0.5495836	0.1748511	0.0927264
3232988856.0465555	0.1347970	0.1117406	0.3569649	0.4708011	0.3451026	0.4919733	0.1465405	0.0904902	0.4364363	0.5321328	0.1588338	0.1093705	0.4207242	0.5495645	0.1748600	0.0927238
3232988856.0564437	0.1348014	0.1117524	0.3569564	0.4708045	0.3450886	0.4919676	0.1465405	0.0905204	0.4364301	0.5321250	0.1588154	0.1093657	0.4207140	0.5495896	0.1748421	0.0927489
3232988856.0663300	0.1347921	0.1117553	0.3569375	0.4707825	0.3450749	0.4919780	0.1465586	0.0905068	0.4364426	0.5321402	0.1588272	0.1093840	0.4207258	0.5496001	0.1748595	0.0927186
3232988856.0762181	0.1347839	0.1117514	0.3569701	0.4708182	0.3450906	0.4919729	0.1465510	0.0905034	0.4364272	0.5321354	0.1588100	0.1093751	0.4207059	0.5495798	0.1748335	0.0927199
3232988856.0861063	0.1347981	0.1117424	0.3569647	0.4707964	0.3450920	0.4919670	0.1465258	0.0905133	0.4364505	0.5321265	0.1588240	0.1093348	0.4207168	0.5495693	0.1748480	0.0927291
3232988856.0959945	0.1347998	0.1117460	0.3569676	0.4707975	0.3450971	0.4919476	0.1465275	0.0905285	0.4364512	0.5321294	0.1588404	0.1093773	0.4207204	0.5495549	0.1748398	0.0927304
3232988856.1058826	0.1347818	0.1117594	0.3569732	0.4708094	0.3450998	0.4919624	0.1465416	0.0905322	0.4364411	0.5321334	0.1588337	0.1093780	0.4207167	0.5495706	0.1748414	0.0927263
3232988856.1157708	0.1348028	0.1117537	0.3569642	0.4707886	0.3450981	0.4919763	0.1465221	0.0905025	0.4364399	0.5321301	0.1588233	0.1093813	0.4207049	0.5495818	0.1748573	0.0927281
3232988856.1256590	0.1347888	0.1117258	0.3569616	0.4707989	0.3450879	0.4919869	0.1465436	0.0905116	0.4364691	0.5321431	0.1588342	0.1093621	0.4207060	0.5495723	0.1748652	0.0927300
3232988856.1355472	0.1347964	0.1117550	0.3569568	0.4708093	0.3451025	0.4919762	0.1465406	0.0904908	0.4364331	0.5321375	0.1588296	0.1093859	0.4207183	0.5495638	0.1748535	0.0927458
3232988856.1454353	0.1347907	0.1117434	0.3569668	0.4708112	0.3450901	0.4919744	0.1465284	0.0905006	0.4364137	0.5321346	0.1588186	0.1093781	0.4207101	0.5495559	0.1748532	0.0927310
3232988856.1553235	0.1347921	0.1117264	0.3569648	0.4707951	0.3451054	0.4919859	0.1465489	0.0905150	0.4364523	0.5321164	0.1588328	0.1093756	0.4207072	0.5495634	0.1748529	0.0927239
3232988856.1652102	0.1347884	0.1117426	0.3569785	0.4707949	0.3451037	0.4919775	0.1465525	0.0905060	0.4364352	0.5321284	0.1588399	0.1093754	0.4207044	0.5495706	0.1748373	0.0927215
3232988856.1750984	0.1347883	0.1117265	0.3569573	0.4707931	0.3450849	0.4919856	0.1465362	0.0905136	0.4364277	0.5321317	0.1588319	0.1093784	0.4206802	0.5495708	0.1748360	0.0927294
3232988856.1849866	0.1347804	0.1117433	0.3569730	0.4708000	0.3450928	0.4919535	0.1465326	0.0904954	0.4364369	0.5321232	0.1588236	0.1093666	0.4207215	0.5495730	0.1748457	0.0927094
3232988856.1948748	0.1347998	0.1117419	0.3569565	0.4707946	0.3450814	0.4919546	0.1465293	0.0905180	0.4364316	0.5321211	0.1588200	0.1093873	0.4207230	0.5495645	0.1748514	0.0927165
3232988856.2047629	0.1347938	0.1117531	0.3569409	0.4707934	0.3450972	0.4919594	0.1465445	0.0905135	0.4364426	0.5321474	0.1588217	0.1093788	0.4207073	0.5495784	0.1748430	0.0927260
3232988856.2146511	0.1347906	0.1117554	0.3569596	0.4707947	0.3450863	0.4919724	0.1465274	0.0905170	0.4364579	0.5321348	0.1588344	0.1093554	0.4207248	0.5495869	0.1748549	0.0927134
3232988856.2245393	0.1348090	0.1117464	0.3569538	0.4708016	0.3450875	0.4919467	0.1465286	0.0905006	0.4364369	0.5321224	0.1588263	0.1093791	0.4207225	0.5495619	0.1748390	0.0927145
3232988856.2344274	0.1347916	0.1117257	0.3569704	0.4708033	0.3450957	0.4919646	0.1465322	0.0905210	0.4364351	0.5321252	0.1588335	0.1093735	0.4207042	0.5495643	0.1748284	0.0927097
3232988856.2443156	0.1347884	0.1117301	0.3569661	0.4707984	0.3451069	0.4919562	0.1465441	0.0905047	0.4364376	0.5321142	0.1588358	0.1093666	0.4207148	0.5495562	0.1748492	0.0927301
3232988856.2542038	0.1347922	0.1117336	0.3569671	0.4707727	0.3450892	0.4919646	0.1465330	0.0905066	0.4364523	0.5321322	0.1588259	0.1093763	0.4207218	0.5495616	0.1748394	0.0927134
3232988856.2640901	0.1347878	0.1117464	0.3569620	0.4708072	0.3450939	0.4919474	0.1465277	0.0905106	0.4364539	0.5321146	0.1588403	0.1093581	0.4207133	0.5495762	0.1748463	0.0927395
3232988856.2739782	0.1347924	0.1117309	0.3569678	0.4707702	0.3450878	0.4919752	0.1465290	0.0904970	0.4364348	0.5321154	0.1588348	0.1093596	0.4207124	0.5495665	0.1748748	0.0927146
3232988856.2838664	0.1347925	0.1117464	0.3569603	0.4707796	0.3450924	0.4919443	0.1465428	0.0905188	0.4364455	0.5321209	0.1588404	0.1093673	0.4207200	0.5495709	0.1748551	0.0927306
3232988856.2937546	0.1347857	0.1117436	0.3569533	0.4707952	0.3450849	0.4919534	0.1465266	0.0905012	0.4364379	0.5321199	0.1588271	0.1093681	0.4207143	0.5495640	0.1748481	0.0927276
3232988856.3036427	0.1347761	0.1117494	0.3569504	0.4707820	0.3450745	0.4919438	0.1465523	0.0905029	0.4364510	0.5321317	0.1588359	0.1093746	0.4207368	0.5495488	0.1748679	0.0927214
3232988856.3135309	0.1348042	0.1117495	0.3569592	0.4707955	0.3450807	0.4919606	0.1465282	0.0905294	0.4364412	0.5321322	0.1588302	0.1093654	0.4207185	0.5495756	0.1748428	0.0927158
3232988856.3234191	0.1347861	0.1117501	0.3569548	0.4708005	0.3450938	0.4919445	0.1465478	0.0904948	0.4364509	0.5321207	0.1588333	0.1093796	0.4206998	0.5495756	0.1748641	0.0927290
3232988856.3333073	0.1348110	0.1117407	0.3569704	0.4707887	0.3450827	0.4919463	0.1465454	0.0905052	0.4364686	0.5321236	0.1588258	0.1093504	0.4207202	0.5495687	0.1748535	0.0927213
3232988856.3431954	0.1347833	0.1117538	0.3569394	0.4707909	0.3451046	0.4919386	0.1465413	0.0905025	0.4364467	0.5321146	0.1588201	0.1093590	0.4207053	0.5495566	0.1748561	0.0927317
3232988856.3530836	0.1348152	0.1117250	0.3569616	0.4707760	0.3450844	0.4919430	0.1465318	0.0905004	0.4364564	0.5321360	0.1588276	0.1093699	0.4207292	0.5495617	0.1748584	0.0927299
3232988856.3629699	0.1347859	0.1117439	0.3569536	0.4707820	0.3450957	0.4919410	0.1465357	0.0905033	0.4364550	0.5321030	0.1588273	0.1093525	0.4207188	0.5495714	0.1748507	0.0927406
3232988856.3728580	0.1347946	0.1117191	0.3569708	0.4707804	0.3451122	0.4919392	0.1465369	0.0905010	0.4364417	0.5321113	0.1588327	0.1093606	0.4207283	0.5495411	0.1748465	0.0927136
3232988856.3827462	0.1347978	0.1117489	0.3569721	0.4707869	0.3450854	0.4919508	0.1465529	0.0904985	0.4364587	0.5321059	0.1588161	0.1093689	0.4207303	0.5495602	0.1748684	0.0927285
3232988856.3926344	0.1347854	0.1117432	0.3569681	0.4707860	0.3450885	0.4919287	0.1465352	0.0904933	0.4364565	0.5321185	0.1588504	0.1093699	0.4207234	0.5495448	0.1748467	0.0927281
3232988856.4025226	0.1347971	0.1117380	0.3569557	0.4707816	0.3450911	0.4919417	0.1465250	0.0904988	0.4364494	0.5321008	0.1588379	0.1093460	0.4207334	0.5495396	0.1748465	0.0927152
3232988856.4124107	0.1347937	0.1117278	0.3569675	0.4707802	0.3450968	0.4919257	0.1465304	0.0905071	0.4364506	0.5321330	0.1588191	0.1093529	0.4207213	0.5495499	0.1748392	0.0927315
3232988856.4222989	0.1348026	0.1117451	0.3569516	0.4707827	0.3450902	0.4919459	0.1465522	0.0905183	0.4364561	0.5321125	0.1588324	0.1093581	0.4207140	0.5495559	0.1748655	0.0927266
3232988856.4321871	0.1347935	0.1117226	0.3569707	0.4707826	0.3450834	0.4919340	0.1465344	0.0905194	0.4364568	0.5321212	0.1588327	0.1093768	0.4207349	0.5495484	0.1748334	0.0927167
3232988856.4420753	0.1347881	0.1117514	0.3569748	0.4707849	0.3450878	0.4919261	0.1465229	0.0904930	0.4364602	0.5321001	0.1588454	0.1093696	0.4207302	0.5495760	0.1748703	0.0927354
3232988856.4519634	0.1347791	0.1117429	0.3569754	0.4707608	0.3450805	0.4919337	0.1465354	0.0905031	0.4364348	0.5321442	0.1588196	0.1093498	0.4207262	0.5495648	0.1748632	0.0927273
3232988856.4618502	0.1348001	0.1117476	0.3569425	0.4707746	0.3450953	0.4919480	0.1465477	0.0905190	0.4364388	0.5321101	0.1588335	0.1093802	0.4207362	0.5495564	0.1748622	0.0927333
3232988856.4717383	0.1348079	0.1117550	0.3569526	0.4707920	0.3450980	0.4919363	0.1465518	0.0905017	0.4364453	0.5321232	0.1588149	0.1093504	0.4207375	0.5495589	0.1748654	0.0927289
3232988856.4816265	0.1348049	0.1117383	0.3569618	0.4707648	0.3450851	0.4919320	0.1465335	0.0904970	0.4364549	0.5321261	0.1588223	0.1093632	0.4207324	0.5495709	0.1748495	0.0927263
3232988856.4915147	0.1347966	0.1117325	0.3569598	0.4707590	0.3450971	0.4919356	0.1465118	0.0904945	0.4364637	0.5321262	0.1588330	0.1093629	0.4207364	0.5495505	0.1748506	0.0927293
3232988856.5014029	0.1347938	0.1117385	0.3569640	0.4707662	0.3450735	0.4919352	0.1465341	0.0904833	0.4364605	0.5321310	0.1588299	0.1093500	0.4207377	0.5495811	0.1748531	0.0927113
3232988856.5112910	0.1347828	0.1117337	0.3569452	0.4707790	0.3450853	0.4919402	0.1465276	0.0904807	0.4364471	0.5321179	0.1588052	0.1093516	0.4207218	0.5495683	0.1748518	0.0927105
3232988856.5211792	0.1347903	0.1117188	0.3569639	0.4707596	0.3450788	0.4919469	0.1465436	0.0904986	0.4364796	0.5321173	0.1588262	0.1093522	0.4207245	0.5495513	0.1748712	0.0927161
3232988856.5310674	0.1348142	0.1117351	0.3569786	0.4707698	0.3450886	0.4919289	0.1465431	0.0905001	0.4364457	0.5320989	0.1588257	0.1093654	0.4207270	0.5495487	0.1748521	0.0927199
3232988856.5409555	0.1348035	0.1117409	0.3569694	0.4707663	0.3451060	0.4919459	0.1465415	0.0904989	0.4364673	0.5321141	0.1588074	0.1093762	0.4207409	0.5495489	0.1748565	0.0927138
3232988856.5508437	0.1347799	0.1117523	0.3569528	0.4707568	0.3450734	0.4919329	0.1465325	0.0905056	0.4364613	0.5321222	0.1588233	0.1093524	0.4207319	0.5495468	0.1748652	0.0927136
3232988856.5607300	0.1347885	0.1117442	0.3569455	0.4707818	0.3450983	0.4919389	0.1465341	0.0904804	0.4364712	0.5321034	0.1588303	0.1093536	0.4207249	0.5495528	0.1748520	0.0927329
3232988856.5706182	0.1347769	0.1117398	0.3569605	0.4707807	0.3450871	0.4919393	0.1465431	0.0905030	0.4364852	0.5320933	0.1588477	0.1093587	0.4207211	0.5495468	0.1748465	0.0927109
3232988856.5805063	0.1348131	0.1117346	0.3569652	0.4707569	0.3451028	0.4919473	0.1465461	0.0905060	0.4364796	0.5321022	0.1588131	0.1093597	0.4207395	0.5495494	0.1748394	0.0927325
3232988856.5903945	0.1347804	0.1117413	0.3569569	0.4707730	0.3450948	0.4919354	0.1465251	0.0905264	0.4364521	0.5321082	0.1588248	0.1093594	0.4207405	0.5495403	0.1748673	0.0927217
3232988856.6002827	0.1347991	0.1117397	0.3569662	0.4707492	0.3450917	0.4919263	0.1465304	0.0905206	0.4364595	0.5320983	0.1588315	0.1093361	0.4207303	0.5495325	0.1748466	0.0927012
3232988856.6101708	0.1347958	0.1117229	0.3569635	0.4707636	0.3450902	0.4919349	0.1465343	0.0905070	0.4364584	0.5320822	0.1588216	0.1093418	0.4207309	0.5495336	0.1748449	0.0927252
3232988856.6200590	0.1347881	0.1117237	0.3569521	0.4707665	0.3450890	0.4919312	0.1465278	0.0904928	0.4364523	0.5320798	0.1588282	0.1093340	0.4207184	0.5495281	0.1748310	0.0927251
3232988856.6299472	0.1347966	0.1117385	0.3569527	0.4707633	0.3450804	0.4919249	0.1465372	0.0905085	0.4364628	0.5320772	0.1588230	0.1093560	0.4207264	0.5495235	0.1748528	0.0927080
3232988856.6398354	0.1347953	0.1117428	0.3569659	0.4707601	0.3450936	0.4919166	0.1465511	0.0905148	0.4364701	0.5320939	0.1588259	0.1093437	0.4207266	0.5495092	0.1748442	0.0927156
3232988856.6497235	0.1347905	0.1117287	0.3569669	0.4707750	0.3450936	0.4919360	0.1465315	0.0905046	0.4364506	0.5320888	0.1588369	0.1093550	0.4207287	0.5495216	0.1748647	0.0927029
3232988856.6596103	0.1347925	0.1117324	0.3569430	0.4707744	0.3450963	0.4919107	0.1465450	0.0904964	0.4364498	0.5320941	0.1588325	0.1093489	0.4207407	0.5495186	0.1748364	0.0926994
3232988856.6694984	0.1347959	0.1117536	0.3569696	0.4707721	0.3450729	0.4919203	0.1465516	0.0905231	0.4364567	0.5320742	0.1588191	0.1093432	0.4207164	0.5495285	0.1748373	0.0927158
3232988856.6793866	0.1347812	0.1117512	0.3569497	0.4707579	0.3450868	0.4919362	0.1465313	0.0905219	0.4364438	0.5320601	0.1588163	0.1093599	0.4207503	0.5495201	0.1748461	0.0927313
3232988856.6892748	0.1347907	0.1117340	0.3569653	0.4707651	0.3451056	0.4919297	0.1465439	0.0905052	0.4364556	0.5320721	0.1588253	0.1093723	0.4207268	0.5495013	0.1748442	0.0927050
3232988856.6991630	0.1348098	0.1117534	0.3569765	0.4707567	0.3450872	0.4919282	0.1465347	0.0904986	0.4364387	0.5320612	0.1588184	0.1093472	0.4207144	0.5495116	0.1748372	0.0927189
3232988856.7090511	0.1348088	0.1117267	0.3569717	0.4707620	0.3450811	0.4919397	0.1465315	0.0905185	0.4364350	0.5320577	0.1588250	0.1093606	0.4207224	0.5495041	0.1748396	0.0926961
3232988856.7189393	0.1347830	0.1117486	0.3569562	0.4707656	0.3451036	0.4919211	0.1465460	0.0904963	0.4364527	0.5320641	0.1588240	0.1093539	0.4207316	0.5495256	0.1748181	0.0927082
3232988856.7288275	0.1347973	0.1117290	0.3569582	0.4707442	0.3450801	0.4919113	0.1465458	0.0904904	0.4364418	0.5320710	0.1588266	0.1093580	0.4207168	0.5494924	0.1748384	0.0927094
3232988856.7387156	0.1347874	0.1117347	0.3569574	0.4707621	0.3451030	0.4919182	0.1465344	0.0905157	0.4364339	0.5320843	0.1588338	0.1093358	0.4207134	0.5495122	0.1748327	0.0926992
3232988856.7486038	0.1348075	0.1117470	0.3569607	0.4707659	0.3451025	0.4919443	0.1465647	0.0904988	0.4364403	0.5320667	0.1588249	0.1093572	0.4207293	0.5494995	0.1748481	0.0927003
3232988856.7584901	0.1348074	0.1117362	0.3569677	0.4707616	0.3450989	0.4919275	0.1465307	0.0905125	0.4364210	0.5320622	0.1588157	0.1093610	0.4207094	0.5495051	0.1748532	0.0927070
3232988856.7683783	0.1347987	0.1117374	0.3569676	0.4707467	0.3450885	0.4919194	0.1465402	0.0905006	0.4364259	0.5320670	0.1588302	0.1093688	0.4207144	0.5495160	0.1748401	0.0927272
3232988856.7782664	0.1348055	0.1117363	0.3569625	0.4707334	0.3450954	0.4919264	0.1465298	0.0905012	0.4364377	0.5320566	0.1588089	0.1093521	0.4207099	0.5495153	0.1748455	0.0927215
3232988856.7881546	0.1348052	0.1117232	0.3569724	0.4707460	0.3451129	0.4919257	0.1465257	0.0904981	0.4364309	0.5320661	0.1588195	0.1093512	0.4207044	0.5494956	0.1748479	0.0927214
3232988856.7980428	0.1348035	0.1117263	0.3569571	0.4707606	0.3450998	0.4919161	0.1465448	0.0904924	0.4364367	0.5320529	0.1588179	0.1093637	0.4207217	0.5495133	0.1748575	0.0927043
3232988856.8079309	0.1347941	0.1117552	0.3569593	0.4707640	0.3451121	0.4919274	0.1465339	0.0904976	0.4364374	0.5320623	0.1588124	0.1093722	0.4206955	0.5494944	0.1748330	0.0927210
3232988856.8178191	0.1347855	0.1117370	0.3569772	0.4707559	0.3450970	0.4919279	0.1465391	0.0905124	0.4364288	0.5320658	0.1588302	0.1093610	0.4207085	0.5495307	0.1748432	0.0927103
3232988856.8277073	0.1348045	0.1117414	0.3569596	0.4707373	0.3451065	0.4919366	0.1465624	0.0905085	0.4364602	0.5320720	0.1588329	0.1093502	0.4206969	0.5495023	0.1748361	0.0927205
3232988856.8375955	0.1347949	0.1117421	0.3569716	0.4707671	0.3451027	0.4919364	0.1465422	0.0905026	0.4364553	0.5320592	0.1588233	0.1093568	0.4207079	0.5495151	0.1748348	0.0927014
3232988856.8474836	0.1347923	0.1117301	0.3569595	0.4707427	0.3451048	0.4919301	0.1465532	0.0904975	0.4364314	0.5320539	0.1588345	0.1093561	0.4207298	0.5495222	0.1748391	0.0927422
3232988856.8573699	0.1347917	0.1117434	0.3569764	0.4707494	0.3451054	0.4919257	0.1465265	0.0904962	0.4364392	0.5320761	0.1588382	0.1093583	0.4207073	0.5495250	0.1748430	0.0926909
3232988856.8672581	0.1347847	0.1117423	0.3569619	0.4707700	0.3450888	0.4919066	0.1465208	0.0904952	0.4364361	0.5320752	0.1588395	0.1093832	0.4207188	0.5495333	0.1748560	0.0927136
3232988856.8771462	0.1348061	0.1117301	0.3569573	0.4707630	0.3451023	0.4919200	0.1465499	0.0904972	0.4364445	0.5320619	0.1588248	0.1093697	0.4207331	0.5495042	0.1748576	0.0927142
3232988856.8870344	0.1348077	0.1117258	0.3569600	0.4707762	0.3451077	0.4919131	0.1465548	0.0904971	0.4364411	0.5320693	0.1588421	0.1093453	0.4207162	0.5495024	0.1748454	0.0927140
3232988856.8969226	0.1347965	0.1117351	0.3569841	0.4707381	0.3451008	0.4919185	0.1465540	0.0905043	0.4364552	0.5320851	0.1588208	0.1093788	0.4207030	0.5495072	0.1748510	0.0927367
3232988856.9068108	0.1347942	0.1117167	0.3569802	0.4707832	0.3450937	0.4919108	0.1465535	0.0905108	0.4364445	0.5320790	0.1588336	0.1093638	0.4207254	0.5495206	0.1748513	0.0926956
3232988856.9166989	0.1348125	0.1117356	0.3569526	0.4707653	0.3450781	0.4919385	0.1465470	0.0904967	0.4364388	0.5320806	0.1588439	0.1093600	0.4207331	0.5495082	0.1748573	0.0926977
3232988856.9265871	0.1347998	0.1117394	0.3569603	0.4707792	0.3450882	0.4919328	0.1465380	0.0905018	0.4364478	0.5320671	0.1588402	0.1093511	0.4207163	0.5495227	0.1748570	0.0927414
3232988856.9364753	0.1347831	0.1117282	0.3569825	0.4707573	0.3450915	0.4919326	0.1465347	0.0904976	0.4364495	0.5320675	0.1588429	0.1093464	0.4207251	0.5495168	0.1748629	0.0927424
3232988856.9463634	0.1347995	0.1117328	0.3570008	0.4707665	0.3451003	0.4919216	0.1465632	0.0905272	0.4364516	0.5320686	0.1588389	0.1093503	0.4207196	0.5495174	0.1748394	0.0927240
3232988856.9562502	0.1348010	0.1117378	0.3569646	0.4707664	0.3451101	0.4919286	0.1465306	0.0904881	0.4364492	0.5320508	0.1588161	0.1093720	0.4207144	0.5495230	0.1748549	0.0927224
3232988856.9661384	0.1347869	0.1117227	0.3569729	0.4707617	0.3451049	0.4919146	0.1465361	0.0905049	0.4364478	0.5320648	0.1588257	0.1093651	0.4207259	0.5495176	0.1748569	0.0927182
3232988856.9760265	0.1348033	0.1117235	0.3569778	0.4707533	0.3451046	0.4919226	0.1465271	0.0905046	0.4364461	0.5320794	0.1588412	0.1093746	0.4207269	0.5495230	0.1748561	0.0927081
3232988856.9859147	0.1348107	0.1117324	0.3569817	0.4707617	0.3450969	0.4919063	0.1465351	0.0905087	0.4364561	0.5320665	0.1588337	0.1093583	0.4207147	0.5495418	0.1748381	0.0927162
3232988856.9958029	0.1347984	0.1117279	0.3569541	0.4707314	0.3450973	0.4918914	0.1465438	0.0905117	0.4364514	0.5320769	0.1588359	0.1093498	0.4207376	0.5495224	0.1748693	0.0927186
3232988857.0056910	0.1347898	0.1117340	0.3569773	0.4707408	0.3450744	0.4918954	0.1465323	0.0904941	0.4364418	0.5320528	0.1588350	0.1093528	0.4207250	0.5495185	0.1748640	0.0927292
3232988857.0155792	0.1347979	0.1117422	0.3569844	0.4707299	0.3450956	0.4919111	0.1465490	0.0905071	0.4364538	0.5320716	0.1588382	0.1093628	0.4207361	0.5495184	0.1748549	0.0926972
3232988857.0254674	0.1347838	0.1117349	0.3569604	0.4707471	0.3450737	0.4918934	0.1465419	0.0905023	0.4364387	0.5320600	0.1588387	0.1093628	0.4207311	0.5495161	0.1748428	0.0927005
3232988857.0353556	0.1347954	0.1117414	0.3569523	0.4707435	0.3450787	0.4919097	0.1465239	0.0905056	0.4364438	0.5320793	0.1588334	0.1093525	0.4207257	0.5495140	0.1748366	0.0927119
3232988857.0452437	0.1347875	0.1117215	0.3569669	0.4707494	0.3450991	0.4919133	0.1465306	0.0905314	0.4364431	0.5320768	0.1588279	0.1093611	0.4207102	0.5495176	0.1748559	0.0927076
3232988857.0551300	0.1348105	0.1117344	0.3569665	0.4707387	0.3450690	0.4919191	0.1465591	0.0904829	0.4364367	0.5320955	0.1588369	0.1093594	0.4207358	0.5495199	0.1748346	0.0927350
3232988857.0650182	0.1347968	0.1117540	0.3569566	0.4707558	0.3450721	0.4919185	0.1465379	0.0904961	0.4364383	0.5320763	0.1588210	0.1093585	0.4207094	0.5495268	0.1748643	0.0926998
3232988857.0749063	0.1347823	0.1117154	0.3569526	0.4707513	0.3450984	0.4919036	0.1465413	0.0905240	0.4364255	0.5320642	0.1588147	0.1093528	0.4207155	0.5495003	0.1748472	0.0927256
3232988857.0847945	0.1348022	0.1117149	0.3569729	0.4707334	0.3450722	0.4919193	0.1465492	0.0905021	0.4364399	0.5320650	0.1588288	0.1093539	0.4207230	0.5494913	0.1748388	0.0927148
3232988857.0946827	0.1347712	0.1117347	0.3569570	0.4707401	0.3450924	0.4919242	0.1465423	0.0904958	0.4364237	0.5320630	0.1588411	0.1093666	0.4207154	0.5495037	0.1748434	0.0927118
3232988857.1045709	0.1348007	0.1117324	0.3569459	0.4707572	0.3450756	0.4919160	0.1465403	0.0905142	0.4364208	0.5320540	0.1588273	0.1093546	0.4206996	0.5494849	0.1748664	0.0927049
3232988857.1144590	0.1348041	0.1117286	0.3569595	0.4707782	0.3450799	0.4919237	0.1465467	0.0904968	0.4364386	0.5320546	0.1588378	0.1093484	0.4207174	0.5494763	0.1748449	0.0927115
3232988857.1243472	0.1347917	0.1117407	0.3569817	0.4707534	0.3451102	0.4919222	0.1465305	0.0904884	0.4364497	0.5320597	0.1588165	0.1093620	0.4207241	0.5494955	0.1748548	0.0927198
3232988857.1342354	0.1347919	0.1117271	0.3569803	0.4707768	0.3451097	0.4919267	0.1465426	0.0905089	0.4364412	0.5320560	0.1588038	0.1093515	0.4207126	0.5495040	0.1748508	0.0927124
3232988857.1441236	0.1348002	0.1117369	0.3569650	0.4707571	0.3450866	0.4919361	0.1465542	0.0904980	0.4364505	0.5320503	0.1588295	0.1093375	0.4207041	0.5495019	0.1748460	0.0927130
3232988857.1540103	0.1348031	0.1117265	0.3569665	0.4707432	0.3451060	0.4919363	0.1465487	0.0904793	0.4364401	0.5320626	0.1588287	0.1093529	0.4207130	0.5494985	0.1748661	0.0927116
3232988857.1638985	0.1347929	0.1117202	0.3569783	0.4707492	0.3451061	0.4919220	0.1465363	0.0905083	0.4364512	0.5320652	0.1588148	0.1093522	0.4207381	0.5495169	0.1748537	0.0927235
3232988857.1737866	0.1347970	0.1117362	0.3569819	0.4707464	0.3451037	0.4919308	0.1465452	0.0904936	0.4364266	0.5320561	0.1588324	0.1093479	0.4207176	0.5495082	0.1748506	0.0927215
3232988857.1836748	0.1348058	0.1117321	0.3569843	0.4707529	0.3450891	0.4919141	0.1465376	0.0905048	0.4364414	0.5320671	0.1588259	0.1093443	0.4207236	0.5495084	0.1748588	0.0927124
3232988857.1935630	0.1347804	0.1117262	0.3569779	0.4707572	0.3450928	0.4919104	0.1465492	0.0904926	0.4364403	0.5320549	0.1588493	0.1093571	0.4207069	0.5495139	0.1748540	0.0927123
3232988857.2034512	0.1347985	0.1117350	0.3569662	0.4707503	0.3450952	0.4919154	0.1465573	0.0905040	0.4364432	0.5320763	0.1588047	0.1093529	0.4207109	0.5495051	0.1748544	0.0927029
3232988857.2133393	0.1348005	0.1117278	0.3569859	0.4707599	0.3451127	0.4919190	0.1465430	0.0905012	0.4364434	0.5320578	0.1588358	0.1093465	0.4207223	0.5494898	0.1748452	0.0927319
3232988857.2232275	0.1348074	0.1117362	0.3569812	0.4707342	0.3450816	0.4919043	0.1465541	0.0905171	0.4364289	0.5320513	0.1588193	0.1093429	0.4207181	0.5494826	0.1748417	0.0927103
3232988857.2331157	0.1347908	0.1117291	0.3569635	0.4707596	0.3451044	0.4919354	0.1465384	0.0905259	0.4364331	0.5320515	0.1588211	0.1093575	0.4206995	0.5495104	0.1748619	0.0927196
3232988857.2430038	0.1347981	0.1117422	0.3569766	0.4707393	0.3451115	0.4919179	0.1465381	0.0905064	0.4364340	0.5320533	0.1588165	0.1093666	0.4207238	0.5495074	0.1748507	0.0927059
3232988857.2528901	0.1348062	0.1117274	0.3569708	0.4707487	0.3450872	0.4919048	0.1465320	0.0905111	0.4364546	0.5320476	0.1588209	0.1093621	0.4207237	0.5494876	0.1748597	0.0927274
3232988857.2627783	0.1348045	0.1117244	0.3569498	0.4707591	0.3450907	0.4919415	0.1465386	0.0904996	0.4364552	0.5320727	0.1588393	0.1093504	0.4207294	0.5495061	0.1748453	0.0927207
3232988857.2726665	0.1348026	0.1117270	0.3569754	0.4707658	0.3450990	0.4919273	0.1465619	0.0905085	0.4364417	0.5320668	0.1588193	0.1093384	0.4207161	0.5495124	0.1748595	0.0927211
3232988857.2825546	0.1347942	0.1117395	0.3569842	0.4707518	0.3451134	0.4919272	0.1465250	0.0905078	0.4364396	0.5320762	0.1588220	0.1093550	0.4207181	0.5494879	0.1748465	0.0927006
3232988857.2924428	0.1347846	0.1117315	0.3569781	0.4707557	0.3450814	0.4919149	0.1465502	0.0905070	0.4364375	0.5320714	0.1588108	0.1093527	0.4206941	0.5495140	0.1748477	0.0927183
3232988857.3023310	0.1347933	0.1117322	0.3569631	0.4707567	0.3451128	0.4919129	0.1465317	0.0905009	0.4364514	0.5320640	0.1588250	0.1093547	0.4207190	0.5495096	0.1748353	0.0927031
3232988857.3122191	0.1347949	0.1117417	0.3569623	0.4707402	0.3450843	0.4919139	0.1465394	0.0904947	0.4364354	0.5320604	0.1588270	0.1093640	0.4207240	0.5494925	0.1748320	0.0927258
3232988857.3221073	0.1347961	0.1117253	0.3569603	0.4707494	0.3450901	0.4919206	0.1465443	0.0905028	0.4364420	0.5320644	0.1588129	0.1093638	0.4207048	0.5495030	0.1748363	0.0927253
3232988857.3319955	0.1348111	0.1117187	0.3569725	0.4707570	0.3451138	0.4919081	0.1465494	0.0905221	0.4364355	0.5320587	0.1588351	0.1093452	0.4207162	0.5495007	0.1748493	0.0927248
3232988857.3418837	0.1348163	0.1117170	0.3569685	0.4707526	0.3450996	0.4919110	0.1465392	0.0905101	0.4364360	0.5320595	0.1588104	0.1093571	0.4207183	0.5495017	0.1748460	0.0927054
3232988857.3517699	0.1347877	0.1117473	0.3569689	0.4707585	0.3450943	0.4919074	0.1465369	0.0905182	0.4364259	0.5320815	0.1588180	0.1093523	0.4207084	0.5495117	0.1748527	0.0927214
3232988857.3616581	0.1347930	0.1117109	0.3569748	0.4707564	0.3450989	0.4919062	0.1465236	0.0905356	0.4364282	0.5320729	0.1588221	0.1093685	0.4207087	0.5494991	0.1748473	0.0927223
3232988857.3715463	0.1347952	0.1117385	0.3569702	0.4707371	0.3450881	0.4919220	0.1465561	0.0905253	0.4364550	0.5320419	0.1588334	0.1093561	0.4207171	0.5495316	0.1748598	0.0926798
3232988857.3814344	0.1348048	0.1117260	0.3569827	0.4707548	0.3451147	0.4919052	0.1465509	0.0905047	0.4364360	0.5320617	0.1588419	0.1093547	0.4207144	0.5494947	0.1748457	0.0927265
3232988857.3913226	0.1348014	0.1117271	0.3569545	0.4707508	0.3451014	0.4918958	0.1465405	0.0904976	0.4364433	0.5320634	0.1588335	0.1093565	0.4207143	0.5495028	0.1748467	0.0927206
3232988857.4012108	0.1348088	0.1117254	0.3569677	0.4707294	0.3450838	0.4919027	0.1465430	0.0905019	0.4364291	0.5320650	0.1588317	0.1093545	0.4206983	0.5494901	0.1748539	0.0927117
3232988857.4110990	0.1347886	0.1117366	0.3569558	0.4707332	0.3450885	0.4919058	0.1465394	0.0905145	0.4364366	0.5320657	0.1588288	0.1093638	0.4207036	0.5495134	0.1748527	0.0926976
3232988857.4209871	0.1347972	0.1117168	0.3569630	0.4707352	0.3450948	0.4918900	0.1465578	0.0904980	0.4364201	0.5320611	0.1588313	0.1093577	0.4207207	0.5495111	0.1748453	0.0927170
3232988857.4308753	0.1347830	0.1117245	0.3569733	0.4707460	0.3451020	0.4919059	0.1465457	0.0905009	0.4364349	0.5320503	0.1588114	0.1093485	0.4207078	0.5495129	0.1748457	0.0927219
3232988857.4407635	0.1347871	0.1117232	0.3569726	0.4707643	0.3450930	0.4918985	0.1465386	0.0904888	0.4364342	0.5320625	0.1588304	0.1093614	0.4207190	0.5494892	0.1748498	0.0927111
3232988857.4506502	0.1348091	0.1117270	0.3569619	0.4707584	0.3450973	0.4919096	0.1465397	0.0905190	0.4364490	0.5320622	0.1588412	0.1093592	0.4207164	0.5495031	0.1748430	0.0927070
3232988857.4605384	0.1347749	0.1117180	0.3569469	0.4707400	0.3450885	0.4918999	0.1465279	0.0905145	0.4364383	0.5320563	0.1588320	0.1093506	0.4207202	0.5495093	0.1748549	0.0927171
3232988857.4704266	0.1347908	0.1117279	0.3569738	0.4707217	0.3450904	0.4919137	0.1465352	0.0905052	0.4364395	0.5320720	0.1588233	0.1093689	0.4207031	0.5494952	0.1748670	0.0927211
3232988857.4803147	0.1347820	0.1117370	0.3569530	0.4707411	0.3451004	0.4918916	0.1465351	0.0905109	0.4364275	0.5320461	0.1588450	0.1093518	0.4207080	0.5495065	0.1748380	0.0927101
3232988857.4902029	0.1347862	0.1117188	0.3569693	0.4707296	0.3450943	0.4919097	0.1465533	0.0904876	0.4364469	0.5320593	0.1588253	0.1093503	0.4207309	0.5494987	0.1748643	0.0927113
3232988857.5000911	0.1348078	0.1117400	0.3569669	0.4707473	0.3450792	0.4919018	0.1465343	0.0905217	0.4364355	0.5320523	0.1588425	0.1093489	0.4207204	0.5495160	0.1748392	0.0927196
3232988857.5099792	0.1347844	0.1117160	0.3569500	0.4707395	0.3450717	0.4918878	0.1465178	0.0905118	0.4364367	0.5320731	0.1588204	0.1093623	0.4207177	0.5495035	0.1748513	0.0927075
3232988857.5198674	0.1347867	0.1117335	0.3569728	0.4707518	0.3450801	0.4919066	0.1465361	0.0905044	0.4364257	0.5320631	0.1588301	0.1093435	0.4206987	0.5495022	0.1748579	0.0927165
3232988857.5297556	0.1347892	0.1117305	0.3569764	0.4707565	0.3450848	0.4919214	0.1465547	0.0904979	0.4364281	0.5320707	0.1588275	0.1093772	0.4206962	0.5494886	0.1748460	0.0927272
3232988857.5396438	0.1347799	0.1117238	0.3569522	0.4707712	0.3450930	0.4918823	0.1465366	0.0905074	0.4364397	0.5320357	0.1588200	0.1093717	0.4206921	0.5495184	0.1748364	0.0927119
3232988857.5495300	0.1348045	0.1117403	0.3569584	0.4707529	0.3450804	0.4918862	0.1465421	0.0905071	0.4364545	0.5320624	0.1588359	0.1093429	0.4207049	0.5495065	0.1748354	0.0927367
3232988857.5594182	0.1347878	0.1117254	0.3569575	0.4707518	0.3450781	0.4919154	0.1465337	0.0905036	0.4364446	0.5320564	0.1588100	0.1093497	0.4207103	0.5494996	0.1748497	0.0927080
3232988857.5693064	0.1347781	0.1117294	0.3569610	0.4707342	0.3450740	0.4919014	0.1465264	0.0905094	0.4364371	0.5320555	0.1588247	0.1093599	0.4206898	0.5494945	0.1748458	0.0927187
3232988857.5791945	0.1347869	0.1117382	0.3569567	0.4707450	0.3450792	0.4919027	0.1465502	0.0905124	0.4364448	0.5320580	0.1588321	0.1093492	0.4206990	0.5495028	0.1748630	0.0927118
3232988857.5890827	0.1348005	0.1117209	0.3569546	0.4707221	0.3450982	0.4919117	0.1465392	0.0905067	0.4364300	0.5320603	0.1588185	0.1093559	0.4207130	0.5494975	0.1748313	0.0927091
3232988857.5989709	0.1348078	0.1117204	0.3569474	0.4707431	0.3450841	0.4919023	0.1465411	0.0905049	0.4364239	0.5320519	0.1588305	0.1093422	0.4207082	0.5495135	0.1748640	0.0927181
3232988857.6088591	0.1347878	0.1117401	0.3569508	0.4707374	0.3451033	0.4919055	0.1465494	0.0904967	0.4364276	0.5320526	0.1588249	0.1093730	0.4207050	0.5494908	0.1748585	0.0927093
3232988857.6187472	0.1347813	0.1117210	0.3569495	0.4707279	0.3451063	0.4919047	0.1465360	0.0905069	0.4364497	0.5320277	0.1588307	0.1093521	0.4207065	0.5494892	0.1748548	0.0927127
3232988857.6286354	0.1347988	0.1117387	0.3569519	0.4707401	0.3450941	0.4919084	0.1465499	0.0904953	0.4364314	0.5320403	0.1588241	0.1093731	0.4207086	0.5494953	0.1748429	0.0927187
3232988857.6385236	0.1347923	0.1117276	0.3569585	0.4707461	0.3450890	0.4919054	0.1465430	0.0905034	0.4364300	0.5320568	0.1588144	0.1093657	0.4206975	0.5494880	0.1748511	0.0927007
3232988857.6484103	0.1347870	0.1117524	0.3569637	0.4707509	0.3450829	0.4918979	0.1465495	0.0905074	0.4364279	0.5320752	0.1588420	0.1093512	0.4207055	0.5495002	0.1748513	0.0927141
3232988857.6582985	0.1347760	0.1117376	0.3569549	0.4707396	0.3450985	0.4919014	0.1465308	0.0904952	0.4364485	0.5320516	0.1588454	0.1093585	0.4207197	0.5495041	0.1748492	0.0927128
3232988857.6681867	0.1347772	0.1117330	0.3569408	0.4707382	0.3451003	0.4919085	0.1465271	0.0905127	0.4364307	0.5320622	0.1588395	0.1093517	0.4207172	0.5494918	0.1748465	0.0927173
3232988857.6780748	0.1348089	0.1117215	0.3569537	0.4707251	0.3450954	0.4919059	0.1465252	0.0905117	0.4364388	0.5320452	0.1588279	0.1093597	0.4207249	0.5495052	0.1748542	0.0927169
3232988857.6879630	0.1347873	0.1117239	0.3569495	0.4707519	0.3450874	0.4919074	0.1465316	0.0904856	0.4364269	0.5320495	0.1588250	0.1093607	0.4206918	0.5495044	0.1748450	0.0927057
3232988857.6978512	0.1347822	0.1117180	0.3569530	0.4707468	0.3450946	0.4919054	0.1465365	0.0905141	0.4364539	0.5320686	0.1588227	0.1093610	0.4207130	0.5494966	0.1748417	0.0927029
3232988857.7077394	0.1347997	0.1117391	0.3569604	0.4707432	0.3450959	0.4919084	0.1465462	0.0905076	0.4364145	0.5320510	0.1588282	0.1093601	0.4207029	0.5494810	0.1748245	0.0927069
3232988857.7176275	0.1347848	0.1117247	0.3569544	0.4707337	0.3450765	0.4918994	0.1465342	0.0904949	0.4364511	0.5320528	0.1588237	0.1093524	0.4207060	0.5494820	0.1748511	0.0927157
3232988857.7275157	0.1347900	0.1117189	0.3569638	0.4707626	0.3450818	0.4919008	0.1465391	0.0905156	0.4364485	0.5320483	0.1588125	0.1093475	0.4207174	0.5495063	0.1748438	0.0927231
3232988857.7374039	0.1347906	0.1117207	0.3569545	0.4707432	0.3451018	0.4919015	0.1465412	0.0905143	0.4364308	0.5320757	0.1588182	0.1093722	0.4207311	0.5494867	0.1748491	0.0927274
3232988857.7472901	0.1348006	0.1117397	0.3569641	0.4707558	0.3450949	0.4919102	0.1465407	0.0904855	0.4364484	0.5320548	0.1588286	0.1093420	0.4207141	0.5494848	0.1748294	0.0927116
3232988857.7571783	0.1348048	0.1117299	0.3569787	0.4707595	0.3451027	0.4918907	0.1465434	0.0905009	0.4364432	0.5320606	0.1588079	0.1093312	0.4207143	0.5494883	0.1748589	0.0927003
3232988857.7670665	0.1347899	0.1117312	0.3569672	0.4707452	0.3450910	0.4919264	0.1465393	0.0905148	0.4364322	0.5320691	0.1588441	0.1093471	0.4207146	0.5494911	0.1748390	0.0927198
3232988857.7769546	0.1347929	0.1117405	0.3569674	0.4707380	0.3450957	0.4919094	0.1465241	0.0905172	0.4364359	0.5320456	0.1588171	0.1093592	0.4207199	0.5494912	0.1748560	0.0927048
3232988857.7868428	0.1347909	0.1117456	0.3569368	0.4707506	0.3451005	0.4919187	0.1465590	0.0904939	0.4364378	0.5320651	0.1588368	0.1093483	0.4207188	0.5494926	0.1748523	0.0927140
3232988857.7967310	0.1347806	0.1117246	0.3569650	0.4707487	0.3451032	0.4919093	0.1465518	0.0904881	0.4364194	0.5320671	0.1588259	0.1093561	0.4206972	0.5494939	0.1748394	0.0927269
3232988857.8066192	0.1348045	0.1117270	0.3569591	0.4707540	0.3450940	0.4919095	0.1465507	0.0904927	0.4364443	0.5320439	0.1588218	0.1093649	0.4207019	0.5494837	0.1748468	0.0927006
3232988857.8165073	0.1347855	0.1117278	0.3569807	0.4707428	0.3450837	0.4919072	0.1465451	0.0904948	0.4364491	0.5320476	0.1588009	0.1093393	0.4207080	0.5495046	0.1748395	0.0927114
3232988857.8263955	0.1347871	0.1117406	0.3569565	0.4707484	0.3451013	0.4919221	0.1465434	0.0905060	0.4364437	0.5320587	0.1588139	0.1093598	0.4207050	0.5494847	0.1748697	0.0927111
3232988857.8362837	0.1347774	0.1117332	0.3569381	0.4707313	0.3450760	0.4918990	0.1465425	0.0904839	0.4364186	0.5320319	0.1588274	0.1093567	0.4207072	0.5494993	0.1748449	0.0927168
3232988857.8461699	0.1348161	0.1117301	0.3569689	0.4707410	0.3450881	0.4919128	0.1465501	0.0905016	0.4364241	0.5320538	0.1588242	0.1093482	0.4207107	0.5494922	0.1748418	0.0927211
3232988857.8560581	0.1347839	0.1117304	0.3569692	0.4707484	0.3451109	0.4919119	0.1465475	0.0904952	0.4364515	0.5320487	0.1588205	0.1093375	0.4207140	0.5494769	0.1748720	0.0927205
3232988857.8659463	0.1347920	0.1117385	0.3569645	0.4707521	0.3450951	0.4919081	0.1465708	0.0905054	0.4364252	0.5320558	0.1588375	0.1093660	0.4207061	0.5494771	0.1748469	0.0927163
3232988857.8758345	0.1348016	0.1117473	0.3569661	0.4707729	0.3451057	0.4919115	0.1465378	0.0905061	0.4364420	0.5320486	0.1588376	0.1093460	0.4207198	0.5494987	0.1748446	0.0927312
3232988857.8857226	0.1347956	0.1117577	0.3569597	0.4707484	0.3450855	0.4919228	0.1465485	0.0904905	0.4364375	0.5320590	0.1588324	0.1093573	0.4207185	0.5494862	0.1748615	0.0926992
3232988857.8956108	0.1347857	0.1117439	0.3569830	0.4707455	0.3450893	0.4919071	0.1465540	0.0905008	0.4364441	0.5320663	0.1587964	0.1093544	0.4207009	0.5494981	0.1748430	0.0927184
3232988857.9054990	0.1348084	0.1117297	0.3569859	0.4707389	0.3451092	0.4919134	0.1465538	0.0904970	0.4364437	0.5320432	0.1588223	0.1093741	0.4207029	0.5494690	0.1748632	0.0926948
3232988857.9153872	0.1347959	0.1117308	0.3569988	0.4707580	0.3450867	0.4919286	0.1465494	0.0904856	0.4364436	0.5320466	0.1588297	0.1093416	0.4207040	0.5494719	0.1748492	0.0927353
3232988857.9252753	0.1347890	0.1117301	0.3569559	0.4707309	0.3450917	0.4919068	0.1465370	0.0904971	0.4364136	0.5320477	0.1588291	0.1093571	0.4206975	0.5494825	0.1748446	0.0927208
3232988857.9351635	0.1347908	0.1117111	0.3569746	0.4707410	0.3450959	0.4919053	0.1465227	0.0905121	0.4364325	0.5320523	0.1588134	0.1093443	0.4206950	0.5494933	0.1748573	0.0927145
3232988857.9450502	0.1348037	0.1117286	0.3569704	0.4707480	0.3450828	0.4919081	0.1465233	0.0904959	0.4364406	0.5320605	0.1588116	0.1093696	0.4207194	0.5494809	0.1748560	0.0927216
3232988857.9549384	0.1348175	0.1117254	0.3569815	0.4707413	0.3451113	0.4919121	0.1465339	0.0905158	0.4364223	0.5320561	0.1588314	0.1093662	0.4207075	0.5494960	0.1748664	0.0927164
3232988857.9648266	0.1348024	0.1117353	0.3569734	0.4707577	0.3450949	0.4919035	0.1465550	0.0904964	0.4364341	0.5320643	0.1588227	0.1093645	0.4207141	0.5494850	0.1748264	0.0927073
3232988857.9747148	0.1348068	0.1117485	0.3569687	0.4707482	0.3450819	0.4919143	0.1465439	0.0905151	0.4364503	0.5320584	0.1588195	0.1093570	0.4207093	0.5495035	0.1748605	0.0926989
3232988857.9846029	0.1347838	0.1117366	0.3569684	0.4707564	0.3450917	0.4918927	0.1465474	0.0904932	0.4364501	0.5320557	0.1588255	0.1093503	0.4207146	0.5494878	0.1748622	0.0927186
3232988857.9944911	0.1347861	0.1117280	0.3569691	0.4707479	0.3451014	0.4919086	0.1465416	0.0905000	0.4364347	0.5320363	0.1588150	0.1093585	0.4206988	0.5494987	0.1748480	0.0927278
3232988858.0043793	0.1347872	0.1117368	0.3569569	0.4707660	0.3451176	0.4919110	0.1465491	0.0904959	0.4364226	0.5320574	0.1588277	0.1093668	0.4207158	0.5494957	0.1748363	0.0927279
3232988858.0142674	0.1348039	0.1117362	0.3569824	0.4707490	0.3451040	0.4919217	0.1465347	0.0905054	0.4364486	0.5320514	0.1588318	0.1093447	0.4207132	0.5495100	0.1748553	0.0926999
3232988858.0241556	0.1348067	0.1117334	0.3569742	0.4707444	0.3450974	0.4919133	0.1465346	0.0904907	0.4364452	0.5320580	0.1588322	0.1093349	0.4207116	0.5494959	0.1748483	0.0927256
3232988858.0340438	0.1348113	0.1117365	0.3569704	0.4707414	0.3451088	0.4919175	0.1465489	0.0905051	0.4364566	0.5320499	0.1588459	0.1093494	0.4207119	0.5495000	0.1748487	0.0926963
3232988858.0439301	0.1348062	0.1117105	0.3569442	0.4707348	0.3450849	0.4918979	0.1465159	0.0905023	0.4364296	0.5320598	0.1588085	0.1093474	0.4207225	0.5494890	0.1748377	0.0926896
3232988858.0538182	0.1348047	0.1117318	0.3569622	0.4707336	0.3450997	0.4919065	0.1465540	0.0905083	0.4364318	0.5320644	0.1588124	0.1093661	0.4206946	0.5494888	0.1748387	0.0927210
3232988858.0637064	0.1347940	0.1117417	0.3569624	0.4707557	0.3451033	0.4919130	0.1465449	0.0905040	0.4364407	0.5320618	0.1588155	0.1093566	0.4207247	0.5494895	0.1748441	0.0927194
3232988858.0735946	0.1348106	0.1117251	0.3569683	0.4707643	0.3450979	0.4919202	0.1465459	0.0905016	0.4364367	0.5320610	0.1588156	0.1093550	0.4206963	0.5494996	0.1748608	0.0927130
3232988858.0834827	0.1347995	0.1117423	0.3569772	0.4707389	0.3451090	0.4919250	0.1465414	0.0905011	0.4364487	0.5320609	0.1588308	0.1093625	0.4207254	0.5494971	0.1748401	0.0927129
3232988858.0933709	0.1348030	0.1117253	0.3569671	0.4707446	0.3450885	0.4919135	0.1465505	0.0905007	0.4364420	0.5320605	0.1588250	0.1093643	0.4207136	0.5495002	0.1748630	0.0927162
3232988858.1032591	0.1347769	0.1117445	0.3569823	0.4707364	0.3450977	0.4919085	0.1465461	0.0905013	0.4364450	0.5320661	0.1588297	0.1093540	0.4206919	0.5494951	0.1748396	0.0927170
3232988858.1131473	0.1347901	0.1117303	0.3569693	0.4707446	0.3450826	0.4919295	0.1465495	0.0904998	0.4364294	0.5320468	0.1588263	0.1093470	0.4207087	0.5495042	0.1748577	0.0926963
3232988858.1230354	0.1348022	0.1117261	0.3569773	0.4707374	0.3451018	0.4919227	0.1465528	0.0904998	0.4364225	0.5320771	0.1588165	0.1093440	0.4207123	0.5495045	0.1748620	0.0927129
3232988858.1329236	0.1347881	0.1117393	0.3569607	0.4707528	0.3450973	0.4919252	0.1465597	0.0905008	0.4364261	0.5320524	0.1588341	0.1093438	0.4207049	0.5495124	0.1748545	0.0927068
3232988858.1428099	0.1348009	0.1117168	0.3569605	0.4707488	0.3450913	0.4919108	0.1465347	0.0904908	0.4364513	0.5320581	0.1588100	0.1093623	0.4207105	0.5495043	0.1748501	0.0927250
3232988858.1526980	0.1347991	0.1117296	0.3569735	0.4707642	0.3450943	0.4919189	0.1465425	0.0904910	0.4364404	0.5320552	0.1588326	0.1093506	0.4206941	0.5495229	0.1748687	0.0927033
3232988858.1625862	0.1347740	0.1117247	0.3569777	0.4707588	0.3450923	0.4919149	0.1465519	0.0905005	0.4364466	0.5320516	0.1588346	0.1093675	0.4207054	0.5494962	0.1748576	0.0927310
3232988858.1724744	0.1347928	0.1117478	0.3569759	0.4707472	0.3451022	0.4919289	0.1465215	0.0905049	0.4364556	0.5320618	0.1588173	0.1093778	0.4207145	0.5495078	0.1748674	0.0927167
3232988858.1823626	0.1348086	0.1117335	0.3569788	0.4707621	0.3451062	0.4919069	0.1465243	0.0905082	0.4364519	0.5320571	0.1588342	0.1093448	0.4207187	0.5495187	0.1748687	0.0927214
3232988858.1922507	0.1348043	0.1117412	0.3569721	0.4707559	0.3450960	0.4919041	0.1465380	0.0904817	0.4364451	0.5320692	0.1588047	0.1093584	0.4207344	0.5495072	0.1748378	0.0927206
3232988858.2021389	0.1347848	0.1117324	0.3569842	0.4707457	0.3451098	0.4919275	0.1465434	0.0904949	0.4364449	0.5320522	0.1588214	0.1093585	0.4207137	0.5495128	0.1748563	0.0927147
3232988858.2120271	0.1347944	0.1117485	0.3569488	0.4707462	0.3451023	0.4919278	0.1465450	0.0905126	0.4364568	0.5320592	0.1588322	0.1093500	0.4207275	0.5495025	0.1748442	0.0927026
3232988858.2219152	0.1348061	0.1117324	0.3569745	0.4707481	0.3451063	0.4918972	0.1465478	0.0905145	0.4364364	0.5320573	0.1588039	0.1093524	0.4206896	0.5495072	0.1748628	0.0927448
3232988858.2318034	0.1347898	0.1117356	0.3569821	0.4707360	0.3450783	0.4919064	0.1465500	0.0904854	0.4364287	0.5320681	0.1588368	0.1093593	0.4207258	0.5495044	0.1748541	0.0927330
3232988858.2416902	0.1348055	0.1117552	0.3569866	0.4707439	0.3450916	0.4919066	0.1465450	0.0905246	0.4364640	0.5320628	0.1588175	0.1093597	0.4207120	0.5495006	0.1748655	0.0927126
3232988858.2515783	0.1347945	0.1117284	0.3569575	0.4707430	0.3450859	0.4919112	0.1465279	0.0905003	0.4364549	0.5320709	0.1588306	0.1093538	0.4207098	0.5495072	0.1748422	0.0927214
3232988858.2614665	0.1348041	0.1117243	0.3569585	0.4707442	0.3451027	0.4919157	0.1465454	0.0905040	0.4364486	0.5320893	0.1588249	0.1093660	0.4207002	0.5495074	0.1748421	0.0927145
3232988858.2713547	0.1348056	0.1117387	0.3569745	0.4707437	0.3450953	0.4919161	0.1465419	0.0904927	0.4364446	0.5320685	0.1588246	0.1093407	0.4207097	0.5495151	0.1748650	0.0927157
3232988858.2812428	0.1348215	0.1117271	0.3569707	0.4707453	0.3451143	0.4919104	0.1465363	0.0904989	0.4364322	0.5320622	0.1588338	0.1093478	0.4207142	0.5495215	0.1748564	0.0927077
3232988858.2911310	0.1348113	0.1117295	0.3569517	0.4707430	0.3451039	0.4919158	0.1465328	0.0905088	0.4364377	0.5320823	0.1588292	0.1093768	0.4207193	0.5495165	0.1748258	0.0927210
3232988858.3010192	0.1348026	0.1117081	0.3569688	0.4707681	0.3450914	0.4919239	0.1465326	0.0905089	0.4364439	0.5320737	0.1588216	0.1093630	0.4207178	0.5495298	0.1748481	0.0927202
3232988858.3109074	0.1347854	0.1117231	0.3569730	0.4707468	0.3451054	0.4919013	0.1465278	0.0904788	0.4364307	0.5320888	0.1588083	0.1093430	0.4207252	0.5495068	0.1748529	0.0927237
3232988858.3207955	0.1347773	0.1117344	0.3569586	0.4707470	0.3450851	0.4919277	0.1465480	0.0905165	0.4364498	0.5320661	0.1588205	0.1093500	0.4207061	0.5495249	0.1748446	0.0927140
3232988858.3306837	0.1348089	0.1117369	0.3569767	0.4707754	0.3451051	0.4919295	0.1465321	0.0904842	0.4364418	0.5320723	0.1588306	0.1093559	0.4207242	0.5495266	0.1748614	0.0927191
3232988858.3405700	0.1348032	0.1117342	0.3569682	0.4707665	0.3451040	0.4919192	0.1465325	0.0905071	0.4364603	0.5320799	0.1588494	0.1093641	0.4207113	0.5494944	0.1748666	0.0927030
3232988858.3504581	0.1348051	0.1117324	0.3569426	0.4707571	0.3450913	0.4919245	0.1465453	0.0905025	0.4364407	0.5320633	0.1588475	0.1093672	0.4207202	0.5495090	0.1748576	0.0927193
3232988858.3603463	0.1348102	0.1117204	0.3569645	0.4707563	0.3451006	0.4919138	0.1465397	0.0905150	0.4364364	0.5320885	0.1588280	0.1093423	0.4207248	0.5495055	0.1748459	0.0927002
3232988858.3702345	0.1347993	0.1117326	0.3569638	0.4707672	0.3450938	0.4919240	0.1465412	0.0904989	0.4364493	0.5320779	0.1588443	0.1093504	0.4207288	0.5495140	0.1748526	0.0927216
3232988858.3801227	0.1348107	0.1117433	0.3569861	0.4707408	0.3451141	0.4919172	0.1465402	0.0905100	0.4364591	0.5320720	0.1588342	0.1093509	0.4207155	0.5495269	0.1748469	0.0927365
3232988858.3900108	0.1348150	0.1117252	0.3569895	0.4707695	0.3451050	0.4919352	0.1465446	0.0905262	0.4364465	0.5320672	0.1588240	0.1093701	0.4207213	0.5495180	0.1748489	0.0927380
3232988858.3998990	0.1348000	0.1117271	0.3569910	0.4707534	0.3450967	0.4919382	0.1465400	0.0905192	0.4364440	0.5320776	0.1588433	0.1093619	0.4207232	0.5495237	0.1748564	0.0927172
3232988858.4097872	0.1347960	0.1117327	0.3569636	0.4707510	0.3451096	0.4919175	0.1465482	0.0905016	0.4364409	0.5320805	0.1588326	0.1093735	0.4206920	0.5495168	0.1748579	0.0927135
3232988858.4196753	0.1347924	0.1117482	0.3569854	0.4707617	0.3450988	0.4919229	0.1465265	0.0905152	0.4364314	0.5320812	0.1588203	0.1093614	0.4207332	0.5495185	0.1748471	0.0927209
3232988858.4295635	0.1348010	0.1117170	0.3569751	0.4707671	0.3451116	0.4919335	0.1465420	0.0905035	0.4364307	0.5320760	0.1588312	0.1093625	0.4207111	0.5495277	0.1748490	0.0927038
3232988858.4394503	0.1348017	0.1117226	0.3569942	0.4707608	0.3451005	0.4919499	0.1465472	0.0905102	0.4364462	0.5320907	0.1588291	0.1093416	0.4207256	0.5495198	0.1748588	0.0926949
3232988858.4493384	0.1348254	0.1117420	0.3569816	0.4707722	0.3451107	0.4919242	0.1465358	0.0904914	0.4364450	0.5320737	0.1588448	0.1093517	0.4207337	0.5495012	0.1748741	0.0927191
3232988858.4592266	0.1348009	0.1117371	0.3569913	0.4707582	0.3450807	0.4919352	0.1465431	0.0905121	0.4364307	0.5320681	0.1588259	0.1093686	0.4207253	0.5495093	0.1748659	0.0927166
3232988858.4691148	0.1347740	0.1117351	0.3569670	0.4707583	0.3450854	0.4919175	0.1465530	0.0905042	0.4364473	0.5320707	0.1588309	0.1093669	0.4207142	0.5495198	0.1748586	0.0927208
3232988858.4790030	0.1348030	0.1117340	0.3569716	0.4707686	0.3450823	0.4919195	0.1465551	0.0905157	0.4364391	0.5320895	0.1588019	0.1093644	0.4207136	0.5495303	0.1748510	0.0927381
3232988858.4888911	0.1348064	0.1117377	0.3569814	0.4707549	0.3451058	0.4919320	0.1465398	0.0905189	0.4364455	0.5321030	0.1588322	0.1093498	0.4207228	0.5495294	0.1748336	0.0927380
3232988858.4987793	0.1348061	0.1117432	0.3569775	0.4707690	0.3450814	0.4919316	0.1465518	0.0905310	0.4364572	0.5320730	0.1588200	0.1093639	0.4207344	0.5495285	0.1748613	0.0927172
3232988858.5086675	0.1347886	0.1117269	0.3569741	0.4707670	0.3450937	0.4919383	0.1465420	0.0905060	0.4364414	0.5320695	0.1588140	0.1093612	0.4207102	0.5495268	0.1748543	0.0927388
3232988858.5185556	0.1347920	0.1117272	0.3569758	0.4707696	0.3451108	0.4919391	0.1465516	0.0904967	0.4364322	0.5320872	0.1588369	0.1093663	0.4207272	0.5495247	0.1748612	0.0926982
3232988858.5284438	0.1347772	0.1117421	0.3569792	0.4707776	0.3451044	0.4919353	0.1465289	0.0905080	0.4364447	0.5320811	0.1588192	0.1093611	0.4207199	0.5495391	0.1748517	0.0927083
3232988858.5383301	0.1347840	0.1117460	0.3569917	0.4707565	0.3451183	0.4919449	0.1465466	0.0905117	0.4364447	0.5320829	0.1588383	0.1093576	0.4207319	0.5495396	0.1748507	0.0927286
3232988858.5482182	0.1347976	0.1117406	0.3569789	0.4707736	0.3451039	0.4919339	0.1465434	0.0904954	0.4364298	0.5320772	0.1588426	0.1093455	0.4207116	0.5495345	0.1748442	0.0927190
3232988858.5581064	0.1347945	0.1117537	0.3569707	0.4707651	0.3450913	0.4919407	0.1465416	0.0904992	0.4364318	0.5321032	0.1588268	0.1093537	0.4207152	0.5495223	0.1748425	0.0927210
3232988858.5679946	0.1348040	0.1117392	0.3569688	0.4707764	0.3451126	0.4919435	0.1465408	0.0905021	0.4364246	0.5320908	0.1588250	0.1093791	0.4207054	0.5495352	0.1748424	0.0927172
3232988858.5778828	0.1347893	0.1117336	0.3569722	0.4707805	0.3451080	0.4919379	0.1465370	0.0905060	0.4364152	0.5320824	0.1588199	0.1093683	0.4207196	0.5495153	0.1748498	0.0927025
3232988858.5877709	0.1347912	0.1117495	0.3569726	0.4707865	0.3451284	0.4919333	0.1465574	0.0905113	0.4364352	0.5320906	0.1588426	0.1093689	0.4207013	0.5495239	0.1748606	0.0927177
3232988858.5976591	0.1348031	0.1117396	0.3569797	0.4707833	0.3451039	0.4919574	0.1465614	0.0905200	0.4364436	0.5320903	0.1588258	0.1093560	0.4207239	0.5495421	0.1748527	0.0927248
3232988858.6075473	0.1348208	0.1117250	0.3569927	0.4707872	0.3451035	0.4919405	0.1465511	0.0905111	0.4364441	0.5320968	0.1588189	0.1093916	0.4207125	0.5495277	0.1748682	0.0927267
3232988858.6174355	0.1348106	0.1117481	0.3569679	0.4707842	0.3451033	0.4919591	0.1465487	0.0905138	0.4364340	0.5320870	0.1588124	0.1093510	0.4207203	0.5495381	0.1748427	0.0927213
3232988858.6273236	0.1348006	0.1117418	0.3569683	0.4707733	0.3450937	0.4919592	0.1465400	0.0904942	0.4364315	0.5320747	0.1588379	0.1093586	0.4207309	0.5495342	0.1748614	0.0927298
3232988858.6372099	0.1347953	0.1117186	0.3569758	0.4707838	0.3451043	0.4919479	0.1465412	0.0905025	0.4364295	0.5320783	0.1588192	0.1093674	0.4207015	0.5495366	0.1748580	0.0927084
3232988858.6470981	0.1348100	0.1117500	0.3569914	0.4708058	0.3451149	0.4919438	0.1465568	0.0905060	0.4364353	0.5320963	0.1588259	0.1093642	0.4207221	0.5495559	0.1748404	0.0927040
3232988858.6569862	0.1347992	0.1117423	0.3569910	0.4707993	0.3451030	0.4919493	0.1465595	0.0904972	0.4364431	0.5320837	0.1588261	0.1093527	0.4206946	0.5495488	0.1748419	0.0927282
3232988858.6668744	0.1348164	0.1117322	0.3569936	0.4708045	0.3451070	0.4919514	0.1465384	0.0905342	0.4364448	0.5320633	0.1588432	0.1093579	0.4207127	0.5495509	0.1748508	0.0927107
3232988858.6767626	0.1348040	0.1117310	0.3569810	0.4707804	0.3451073	0.4919487	0.1465580	0.0905050	0.4364226	0.5321075	0.1588328	0.1093552	0.4206958	0.5495429	0.1748428	0.0927196
3232988858.6866508	0.1347960	0.1117334	0.3569815	0.4707918	0.3451048	0.4919567	0.1465487	0.0905031	0.4364143	0.5320937	0.1588248	0.1093734	0.4207074	0.5495544	0.1748441	0.0927138
3232988858.6965389	0.1347929	0.1117449	0.3569717	0.4707835	0.3451063	0.4919570	0.1465591	0.0905209	0.4364428	0.5320930	0.1588292	0.1093637	0.4207018	0.5495361	0.1748573	0.0927192
3232988858.7064271	0.1348071	0.1117404	0.3569879	0.4707876	0.3451097	0.4919634	0.1465420	0.0904947	0.4364352	0.5321062	0.1588420	0.1093579	0.4207034	0.5495422	0.1748624	0.0927205
3232988858.7163153	0.1347895	0.1117425	0.3569895	0.4707945	0.3451032	0.4919540	0.1465499	0.0905149	0.4364245	0.5321156	0.1588411	0.1093788	0.4207214	0.5495450	0.1748318	0.0927222
3232988858.7262034	0.1348127	0.1117291	0.3569886	0.4707932	0.3451019	0.4919437	0.1465509	0.0905124	0.4364429	0.5321172	0.1588210	0.1093715	0.4207077	0.5495576	0.1748301	0.0927229
3232988858.7360902	0.1347879	0.1117208	0.3569734	0.4707844	0.3450955	0.4919708	0.1465478	0.0905106	0.4364458	0.5320966	0.1588022	0.1093783	0.4207191	0.5495607	0.1748415	0.0927042
3232988858.7459784	0.1347714	0.1117407	0.3569815	0.4708081	0.3451024	0.4919631	0.1465430	0.0905210	0.4364355	0.5321146	0.1588295	0.1093739	0.4207107	0.5495604	0.1748529	0.0927194
3232988858.7558665	0.1347935	0.1117589	0.3569646	0.4707873	0.3451090	0.4919720	0.1465506	0.0905090	0.4364411	0.5321166	0.1588424	0.1093855	0.4207214	0.5495468	0.1748478	0.0927228
3232988858.7657547	0.1347977	0.1117543	0.3569865	0.4708085	0.3451096	0.4919511	0.1465583	0.0904966	0.4364384	0.5321101	0.1588221	0.1093720	0.4207226	0.5495478	0.1748528	0.0927233
3232988858.7756429	0.1347950	0.1117172	0.3569775	0.4707952	0.3451007	0.4919557	0.1465348	0.0905071	0.4364315	0.5321032	0.1588439	0.1093729	0.4206986	0.5495484	0.1748552	0.0927221
3232988858.7855310	0.1347809	0.1117575	0.3569740	0.4707981	0.3451086	0.4919537	0.1465372	0.0905087	0.4364288	0.5321173	0.1588193	0.1093655	0.4206949	0.5495638	0.1748626	0.0927207
3232988858.7954192	0.1348054	0.1117454	0.3569868	0.4708093	0.3450935	0.4919632	0.1465444	0.0905151	0.4364208	0.5320970	0.1588370	0.1093735	0.4207129	0.5495528	0.1748535	0.0927214
3232988858.8053074	0.1347943	0.1117383	0.3569625	0.4708215	0.3451190	0.4919723	0.1465458	0.0905151	0.4364398	0.5321178	0.1588272	0.1093779	0.4207195	0.5495705	0.1748263	0.0927064
3232988858.8151956	0.1347944	0.1117467	0.3569884	0.4708106	0.3450850	0.4919657	0.1465677	0.0905230	0.4364374	0.5321130	0.1588172	0.1093577	0.4207090	0.5495525	0.1748440	0.0927421
3232988858.8250837	0.1347972	0.1117541	0.3569704	0.4708084	0.3450919	0.4919809	0.1465435	0.0905237	0.4364351	0.5321175	0.1588200	0.1093736	0.4207230	0.5495556	0.1748446	0.0927157
3232988858.8349700	0.1347933	0.1117421	0.3569846	0.4708083	0.3451063	0.4919864	0.1465481	0.0905142	0.4364137	0.5320968	0.1588181	0.1093746	0.4207200	0.5495586	0.1748379	0.0927301
3232988858.8448582	0.1347946	0.1117533	0.3569804	0.4708062	0.3451131	0.4919711	0.1465381	0.0905006	0.4364324	0.5321108	0.1588271	0.1093606	0.4207122	0.5495470	0.1748499	0.0927134
3232988858.8547463	0.1347904	0.1117441	0.3569705	0.4708190	0.3451146	0.4919764	0.1465584	0.0905064	0.4364363	0.5321129	0.1588227	0.1093598	0.4207103	0.5495536	0.1748598	0.0927264
3232988858.8646345	0.1347915	0.1117552	0.3569819	0.4708133	0.3451024	0.4919847	0.1465529	0.0905186	0.4364334	0.5321238	0.1588281	0.1093729	0.4206993	0.5495597	0.1748463	0.0927185
3232988858.8745227	0.1348031	0.1117450	0.3569830	0.4708080	0.3451197	0.4919640	0.1465591	0.0905060	0.4364261	0.5321260	0.1588284	0.1093624	0.4207170	0.5495638	0.1748639	0.0927345
3232988858.8844109	0.1348048	0.1117429	0.3569630	0.4708123	0.3450998	0.4919620	0.1465570	0.0905171	0.4364370	0.5321080	0.1588425	0.1093810	0.4206964	0.5495759	0.1748409	0.0927193
3232988858.8942990	0.1347968	0.1117320	0.3569606	0.4708165	0.3450956	0.4919725	0.1465400	0.0905236	0.4364354	0.5321103	0.1588369	0.1093843	0.4207009	0.5495813	0.1748409	0.0927252
3232988858.9041872	0.1347825	0.1117480	0.3569792	0.4708064	0.3451051	0.4919826	0.1465636	0.0905118	0.4364342	0.5321208	0.1588358	0.1093689	0.4207217	0.5495773	0.1748436	0.0927242
3232988858.9140754	0.1348201	0.1117473	0.3569882	0.4708091	0.3451064	0.4919927	0.1465545	0.0905218	0.4364180	0.5321180	0.1588315	0.1093710	0.4207140	0.5495544	0.1748574	0.0927269
3232988858.9239635	0.1347999	0.1117659	0.3569823	0.4708029	0.3451184	0.4919948	0.1465479	0.0905096	0.4364235	0.5321339	0.1588267	0.1093838	0.4207185	0.5495829	0.1748548	0.0927244
