3232988910.7469702	0.1117467	0.1035800	0.2455410	0.3224895	0.2410554	0.3389002	0.1160870	0.0871017	0.0983650	0.1693766	0.4690113	0.4893061	0.3989417	0.5601861	0.1687614	0.0994340
3232988910.7568583	0.1117253	0.1035997	0.2455257	0.3224798	0.2410700	0.3388895	0.1160998	0.0871160	0.0983658	0.1693523	0.4690091	0.4893121	0.3989498	0.5601737	0.1687839	0.0994391
3232988910.7667465	0.1117403	0.1035887	0.2455435	0.3224800	0.2410737	0.3388951	0.1160944	0.0871102	0.0983711	0.1693679	0.4690207	0.4893010	0.3989556	0.5601734	0.1687708	0.0994369
3232988910.7766347	0.1117289	0.1036056	0.2455480	0.3224949	0.2410894	0.3389210	0.1161020	0.0871138	0.0983600	0.1693710	0.4690143	0.4892913	0.3989387	0.5601852	0.1687625	0.0994421
3232988910.7865229	0.1117543	0.1035761	0.2455485	0.3224836	0.2410781	0.3388958	0.1160768	0.0871084	0.0983556	0.1693748	0.4689855	0.4893105	0.3989448	0.5601699	0.1687717	0.0994379
3232988910.7964110	0.1117230	0.1036079	0.2455534	0.3224709	0.2410816	0.3388816	0.1160881	0.0871136	0.0983719	0.1693971	0.4690056	0.4892961	0.3989339	0.5601620	0.1687625	0.0994241
3232988910.8062992	0.1117409	0.1035707	0.2455433	0.3224815	0.2410919	0.3388951	0.1160738	0.0871057	0.0983479	0.1693581	0.4689796	0.4893031	0.3989337	0.5601511	0.1687896	0.0994217
3232988910.8161874	0.1117275	0.1036017	0.2455507	0.3224787	0.2410713	0.3389026	0.1160679	0.0871211	0.0983679	0.1693467	0.4689866	0.4893008	0.3989466	0.5602006	0.1687634	0.0994117
3232988910.8260756	0.1117428	0.1035845	0.2455304	0.3224747	0.2410846	0.3388832	0.1160800	0.0870988	0.0983647	0.1693642	0.4689934	0.4893146	0.3989250	0.5601757	0.1687666	0.0994341
3232988910.8359637	0.1117457	0.1035845	0.2455505	0.3224824	0.2410776	0.3389175	0.1160778	0.0871182	0.0983722	0.1693701	0.4689758	0.4892837	0.3989517	0.5601729	0.1687675	0.0994306
3232988910.8458500	0.1117482	0.1035768	0.2455381	0.3224774	0.2410966	0.3388928	0.1160863	0.0871081	0.0983468	0.1693707	0.4689927	0.4892804	0.3989261	0.5601626	0.1687785	0.0994369
3232988910.8557382	0.1117290	0.1035914	0.2455422	0.3224575	0.2410822	0.3388929	0.1160751	0.0871132	0.0983672	0.1693549	0.4689856	0.4892994	0.3989315	0.5601755	0.1687573	0.0994215
3232988910.8656263	0.1117261	0.1035943	0.2455433	0.3224907	0.2410763	0.3388953	0.1160969	0.0871128	0.0983542	0.1693707	0.4689924	0.4892877	0.3989180	0.5601702	0.1687504	0.0994319
3232988910.8755145	0.1117407	0.1036095	0.2455649	0.3224740	0.2410685	0.3388911	0.1161046	0.0871234	0.0983734	0.1693589	0.4689772	0.4893142	0.3989311	0.5601465	0.1687498	0.0994107
3232988910.8854027	0.1117395	0.1036027	0.2455484	0.3224709	0.2410862	0.3388969	0.1160926	0.0871111	0.0983666	0.1693775	0.4689891	0.4892775	0.3989171	0.5601661	0.1687634	0.0994347
3232988910.8952908	0.1117314	0.1035934	0.2455499	0.3224807	0.2410918	0.3388914	0.1160723	0.0871063	0.0983493	0.1693608	0.4689875	0.4892816	0.3989188	0.5601744	0.1687466	0.0994154
3232988910.9051790	0.1117342	0.1036131	0.2455505	0.3224792	0.2410742	0.3389010	0.1160831	0.0871228	0.0983520	0.1693542	0.4689666	0.4892813	0.3989179	0.5601692	0.1687466	0.0994270
3232988910.9150672	0.1117237	0.1036069	0.2455397	0.3224852	0.2410686	0.3388977	0.1160777	0.0871021	0.0983548	0.1693507	0.4689759	0.4893037	0.3989209	0.5601764	0.1687707	0.0994210
3232988910.9249554	0.1117423	0.1035922	0.2455426	0.3224927	0.2410761	0.3388877	0.1160982	0.0871249	0.0983394	0.1693655	0.4689757	0.4892859	0.3989179	0.5601576	0.1687470	0.0994220
3232988910.9348435	0.1117441	0.1035948	0.2455440	0.3224793	0.2410949	0.3388917	0.1160946	0.0871266	0.0983610	0.1693804	0.4689709	0.4892872	0.3989207	0.5601624	0.1687611	0.0994483
3232988910.9447303	0.1117373	0.1035836	0.2455461	0.3224970	0.2410900	0.3388898	0.1161025	0.0871316	0.0983472	0.1693521	0.4689656	0.4892754	0.3989182	0.5601612	0.1687519	0.0994367
3232988910.9546185	0.1117358	0.1035939	0.2455404	0.3224667	0.2410870	0.3388949	0.1160791	0.0870945	0.0983599	0.1693669	0.4689656	0.4892934	0.3989358	0.5601486	0.1687399	0.0994304
3232988910.9645066	0.1117281	0.1036023	0.2455310	0.3224749	0.2410723	0.3388885	0.1160958	0.0871024	0.0983521	0.1693585	0.4689655	0.4893050	0.3989162	0.5601699	0.1687608	0.0994269
3232988910.9743948	0.1117354	0.1035763	0.2455591	0.3224771	0.2410929	0.3388850	0.1160919	0.0871150	0.0983597	0.1693716	0.4689642	0.4892853	0.3989230	0.5601451	0.1687572	0.0994324
3232988910.9842830	0.1117389	0.1035987	0.2455498	0.3224812	0.2410924	0.3388930	0.1160831	0.0871203	0.0983741	0.1693606	0.4689828	0.4893056	0.3988927	0.5601717	0.1687496	0.0994345
3232988910.9941711	0.1117390	0.1035866	0.2455428	0.3224933	0.2411019	0.3388837	0.1160813	0.0871154	0.0983484	0.1693595	0.4689686	0.4893013	0.3988988	0.5601606	0.1687411	0.0994452
3232988911.0040593	0.1117308	0.1035957	0.2455427	0.3224805	0.2410807	0.3388886	0.1160914	0.0871199	0.0983393	0.1693466	0.4689711	0.4892978	0.3989179	0.5601538	0.1687720	0.0994284
3232988911.0139475	0.1117352	0.1035789	0.2455467	0.3224519	0.2410757	0.3389090	0.1160814	0.0871113	0.0983450	0.1693764	0.4689606	0.4892693	0.3989123	0.5601551	0.1687415	0.0994428
3232988911.0238357	0.1117505	0.1035919	0.2455334	0.3224675	0.2410752	0.3389037	0.1160828	0.0871133	0.0983425	0.1693551	0.4689547	0.4892819	0.3988859	0.5601512	0.1687608	0.0994388
3232988911.0337238	0.1117430	0.1035821	0.2455485	0.3224743	0.2410743	0.3389026	0.1160888	0.0870998	0.0983434	0.1693656	0.4689579	0.4892905	0.3988986	0.5601668	0.1687672	0.0994414
3232988911.0436101	0.1117283	0.1036018	0.2455395	0.3224750	0.2410921	0.3388910	0.1160921	0.0871244	0.0983459	0.1693724	0.4689629	0.4892870	0.3989104	0.5601475	0.1687575	0.0994294
3232988911.0534983	0.1117401	0.1035904	0.2455497	0.3224786	0.2410941	0.3388971	0.1160875	0.0871057	0.0983462	0.1693670	0.4689557	0.4892872	0.3989067	0.5601589	0.1687424	0.0994254
3232988911.0633864	0.1117391	0.1035810	0.2455376	0.3224912	0.2410807	0.3388936	0.1160854	0.0871139	0.0983549	0.1693418	0.4689582	0.4892745	0.3989007	0.5601421	0.1687692	0.0994356
3232988911.0732746	0.1117336	0.1035915	0.2455544	0.3224872	0.2410612	0.3388932	0.1160939	0.0870928	0.0983628	0.1693474	0.4689638	0.4892804	0.3989061	0.5601342	0.1687573	0.0994374
3232988911.0831628	0.1117218	0.1035894	0.2455396	0.3224719	0.2410923	0.3389095	0.1160887	0.0871180	0.0983437	0.1693688	0.4689741	0.4892949	0.3989204	0.5601662	0.1687629	0.0994245
3232988911.0930510	0.1117440	0.1035919	0.2455429	0.3224781	0.2410879	0.3389027	0.1161004	0.0871194	0.0983599	0.1693566	0.4689684	0.4892772	0.3989126	0.5601623	0.1687493	0.0994432
3232988911.1029391	0.1117355	0.1035753	0.2455542	0.3224614	0.2410928	0.3388966	0.1161135	0.0871035	0.0983638	0.1693709	0.4689620	0.4892754	0.3989218	0.5601605	0.1687628	0.0994373
3232988911.1128273	0.1117522	0.1035936	0.2455507	0.3224764	0.2410830	0.3388794	0.1160946	0.0871188	0.0983477	0.1693637	0.4689748	0.4892793	0.3989036	0.5601513	0.1687590	0.0994313
3232988911.1227155	0.1117448	0.1036010	0.2455388	0.3224757	0.2410707	0.3388971	0.1160810	0.0871162	0.0983529	0.1693460	0.4689619	0.4892694	0.3989294	0.5601539	0.1687557	0.0994288
3232988911.1326036	0.1117240	0.1035903	0.2455403	0.3224679	0.2410774	0.3388849	0.1160843	0.0871053	0.0983607	0.1693563	0.4689676	0.4892683	0.3989120	0.5601447	0.1687562	0.0994246
3232988911.1424899	0.1117349	0.1035794	0.2455437	0.3224676	0.2410740	0.3389057	0.1161030	0.0871220	0.0983414	0.1693499	0.4689634	0.4892772	0.3989071	0.5601574	0.1687479	0.0994274
3232988911.1523781	0.1117328	0.1035953	0.2455562	0.3224444	0.2410877	0.3388966	0.1160887	0.0870984	0.0983725	0.1693736	0.4689798	0.4892778	0.3989204	0.5601654	0.1687789	0.0994375
3232988911.1622663	0.1117415	0.1035886	0.2455445	0.3224702	0.2410833	0.3388788	0.1160975	0.0870945	0.0983495	0.1693593	0.4689769	0.4892491	0.3989208	0.5601388	0.1687612	0.0994400
3232988911.1721544	0.1117269	0.1035889	0.2455483	0.3224747	0.2410686	0.3388912	0.1160864	0.0870988	0.0983601	0.1693453	0.4689716	0.4892730	0.3989017	0.5601296	0.1687625	0.0994135
3232988911.1820426	0.1117372	0.1035980	0.2455504	0.3224699	0.2410775	0.3389016	0.1161003	0.0871053	0.0983621	0.1693424	0.4689778	0.4892651	0.3989219	0.5601443	0.1687555	0.0994543
3232988911.1919308	0.1117267	0.1035891	0.2455323	0.3224734	0.2410733	0.3388866	0.1160860	0.0871002	0.0983746	0.1693715	0.4689968	0.4892623	0.3989471	0.5601343	0.1687840	0.0994287
3232988911.2018189	0.1117400	0.1035768	0.2455531	0.3224610	0.2410937	0.3388966	0.1160960	0.0871191	0.0983475	0.1693590	0.4689744	0.4892924	0.3989127	0.5601459	0.1687777	0.0994122
3232988911.2117071	0.1117500	0.1035973	0.2455265	0.3224879	0.2410746	0.3388867	0.1160936	0.0871196	0.0983493	0.1693656	0.4690003	0.4892860	0.3989291	0.5601518	0.1687683	0.0994226
3232988911.2215953	0.1117271	0.1035823	0.2455389	0.3224619	0.2410790	0.3388768	0.1160917	0.0871042	0.0983573	0.1693681	0.4689920	0.4892663	0.3989508	0.5601179	0.1687725	0.0994403
3232988911.2314835	0.1117351	0.1035951	0.2455403	0.3224619	0.2410684	0.3388757	0.1160800	0.0871365	0.0983670	0.1693495	0.4689884	0.4892695	0.3989179	0.5601519	0.1687779	0.0994376
3232988911.2413702	0.1117371	0.1035865	0.2455547	0.3224841	0.2410899	0.3388779	0.1160821	0.0871156	0.0983624	0.1693606	0.4689763	0.4892782	0.3989287	0.5601501	0.1687531	0.0994194
3232988911.2512584	0.1117345	0.1036014	0.2455463	0.3224617	0.2410727	0.3388869	0.1160939	0.0871166	0.0983580	0.1693649	0.4690009	0.4892662	0.3989241	0.5601465	0.1687427	0.0994496
3232988911.2611465	0.1117195	0.1035878	0.2455693	0.3224779	0.2410876	0.3388941	0.1160942	0.0871114	0.0983628	0.1693459	0.4689745	0.4892666	0.3989099	0.5601418	0.1687585	0.0994217
3232988911.2710347	0.1117346	0.1035941	0.2455472	0.3224651	0.2410903	0.3388870	0.1160742	0.0871011	0.0983536	0.1693688	0.4689796	0.4892728	0.3989342	0.5601280	0.1687567	0.0994219
3232988911.2809229	0.1117269	0.1035810	0.2455500	0.3224764	0.2410916	0.3388805	0.1160753	0.0871155	0.0983579	0.1693611	0.4689908	0.4892623	0.3989140	0.5601396	0.1687652	0.0994163
3232988911.2908111	0.1117293	0.1035940	0.2455483	0.3224585	0.2410643	0.3388747	0.1160874	0.0870961	0.0983622	0.1693451	0.4689777	0.4892820	0.3989209	0.5601170	0.1687699	0.0994308
3232988911.3006992	0.1117289	0.1036019	0.2455285	0.3224604	0.2410975	0.3388863	0.1160800	0.0871358	0.0983589	0.1693311	0.4689880	0.4892614	0.3989258	0.5601207	0.1687719	0.0994585
3232988911.3105874	0.1117282	0.1035903	0.2455405	0.3224642	0.2410896	0.3388926	0.1160911	0.0871062	0.0983649	0.1693431	0.4689798	0.4892680	0.3989094	0.5601550	0.1687765	0.0994255
3232988911.3204756	0.1117399	0.1036113	0.2455497	0.3224637	0.2410823	0.3388757	0.1160993	0.0871144	0.0983532	0.1693386	0.4689935	0.4892626	0.3989241	0.5601266	0.1687619	0.0994405
3232988911.3303637	0.1117322	0.1035891	0.2455394	0.3224616	0.2410882	0.3388811	0.1160945	0.0871074	0.0983466	0.1693740	0.4689719	0.4892741	0.3989124	0.5601390	0.1687689	0.0994351
3232988911.3402500	0.1117258	0.1035613	0.2455297	0.3224612	0.2410639	0.3388953	0.1160699	0.0871190	0.0983643	0.1693506	0.4689816	0.4892775	0.3989160	0.5601503	0.1687610	0.0994269
3232988911.3501382	0.1117412	0.1035837	0.2455426	0.3224679	0.2410805	0.3388970	0.1160842	0.0871120	0.0983664	0.1693507	0.4689930	0.4892773	0.3989291	0.5601332	0.1687616	0.0994253
3232988911.3600264	0.1117264	0.1035993	0.2455526	0.3224748	0.2410740	0.3389062	0.1160848	0.0871141	0.0983715	0.1693332	0.4690026	0.4892669	0.3989338	0.5601401	0.1687584	0.0994437
3232988911.3699145	0.1117376	0.1035949	0.2455267	0.3224633	0.2410933	0.3388780	0.1160898	0.0871162	0.0983404	0.1693426	0.4689897	0.4892737	0.3989117	0.5601377	0.1687656	0.0994353
3232988911.3798027	0.1117363	0.1035882	0.2455506	0.3224633	0.2410951	0.3388993	0.1160962	0.0871277	0.0983480	0.1693519	0.4689904	0.4892880	0.3989177	0.5601349	0.1687674	0.0994309
3232988911.3896909	0.1117303	0.1035812	0.2455483	0.3224634	0.2410768	0.3388807	0.1160896	0.0870922	0.0983456	0.1693712	0.4689832	0.4892869	0.3989281	0.5601299	0.1687614	0.0994300
3232988911.3995790	0.1117461	0.1035848	0.2455375	0.3224642	0.2410793	0.3388869	0.1160835	0.0871230	0.0983376	0.1693492	0.4690123	0.4892940	0.3989390	0.5601468	0.1687509	0.0994333
3232988911.4094672	0.1117466	0.1035850	0.2455530	0.3224865	0.2410820	0.3388980	0.1160969	0.0871094	0.0983556	0.1693679	0.4690001	0.4892840	0.3989475	0.5601340	0.1687794	0.0994461
3232988911.4193554	0.1117407	0.1036022	0.2455601	0.3224804	0.2410851	0.3388990	0.1160804	0.0870951	0.0983548	0.1693690	0.4690052	0.4892869	0.3989337	0.5601713	0.1687570	0.0994348
3232988911.4292436	0.1117434	0.1035967	0.2455453	0.3224774	0.2410988	0.3388803	0.1160663	0.0871014	0.0983636	0.1693760	0.4690027	0.4892910	0.3989422	0.5601550	0.1687629	0.0994312
3232988911.4391303	0.1117445	0.1036085	0.2455462	0.3224687	0.2410745	0.3388863	0.1160866	0.0871186	0.0983478	0.1693577	0.4690174	0.4892935	0.3989310	0.5601452	0.1687764	0.0994247
3232988911.4490185	0.1117258	0.1035907	0.2455410	0.3224650	0.2410970	0.3388945	0.1160927	0.0871129	0.0983640	0.1693619	0.4690256	0.4892841	0.3989519	0.5601572	0.1687669	0.0994280
3232988911.4589066	0.1117205	0.1036016	0.2455450	0.3224810	0.2410893	0.3388960	0.1160813	0.0870986	0.0983653	0.1693627	0.4690276	0.4893021	0.3989398	0.5601901	0.1687724	0.0994409
3232988911.4687948	0.1117314	0.1035966	0.2455490	0.3224640	0.2410750	0.3389010	0.1160888	0.0871101	0.0983524	0.1693573	0.4690088	0.4892979	0.3989623	0.5601859	0.1687612	0.0994526
3232988911.4786830	0.1117415	0.1035834	0.2455355	0.3224613	0.2410654	0.3388871	0.1160910	0.0871186	0.0983636	0.1693646	0.4690261	0.4892951	0.3989373	0.5601674	0.1687918	0.0994330
3232988911.4885712	0.1117326	0.1035885	0.2455503	0.3224593	0.2410823	0.3388970	0.1160850	0.0871051	0.0983713	0.1693754	0.4690219	0.4893168	0.3989445	0.5601912	0.1687790	0.0994294
3232988911.4984593	0.1117274	0.1035634	0.2455144	0.3224947	0.2410701	0.3389108	0.1160856	0.0871048	0.0983647	0.1693656	0.4690113	0.4893191	0.3989335	0.5601879	0.1687770	0.0994325
3232988911.5083475	0.1117497	0.1035936	0.2455444	0.3224806	0.2410928	0.3388892	0.1160862	0.0871065	0.0983720	0.1693832	0.4690026	0.4893193	0.3989487	0.5601808	0.1687828	0.0994440
3232988911.5182357	0.1117292	0.1035894	0.2455401	0.3224759	0.2410880	0.3388958	0.1160837	0.0871241	0.0983584	0.1693576	0.4689965	0.4893020	0.3989536	0.5601779	0.1687717	0.0994484
3232988911.5281239	0.1117384	0.1035831	0.2455539	0.3224810	0.2410884	0.3388876	0.1160733	0.0871286	0.0983514	0.1693672	0.4690129	0.4893156	0.3989443	0.5601731	0.1687699	0.0994417
3232988911.5380101	0.1117437	0.1035801	0.2455407	0.3224812	0.2410828	0.3388957	0.1160983	0.0871172	0.0983590	0.1693645	0.4690240	0.4893094	0.3989321	0.5601769	0.1687732	0.0994478
3232988911.5478983	0.1117359	0.1035769	0.2455387	0.3224900	0.2410705	0.3388814	0.1160870	0.0871167	0.0983775	0.1693634	0.4690103	0.4893202	0.3989295	0.5601844	0.1687799	0.0994378
3232988911.5577865	0.1117390	0.1035893	0.2455412	0.3224841	0.2410803	0.3389091	0.1160892	0.0871012	0.0983703	0.1693741	0.4690180	0.4893155	0.3989496	0.5601814	0.1687575	0.0994484
3232988911.5676746	0.1117439	0.1035996	0.2455433	0.3224955	0.2410846	0.3389000	0.1160806	0.0870871	0.0983783	0.1693712	0.4690215	0.4893139	0.3989582	0.5601952	0.1687735	0.0994472
3232988911.5775628	0.1117301	0.1035918	0.2455322	0.3224823	0.2410837	0.3389032	0.1161061	0.0871225	0.0983571	0.1693726	0.4690223	0.4893214	0.3989560	0.5601880	0.1687687	0.0994365
3232988911.5874510	0.1117359	0.1035931	0.2455221	0.3224819	0.2410816	0.3388959	0.1160904	0.0871192	0.0983652	0.1693712	0.4690202	0.4893242	0.3989249	0.5601913	0.1687814	0.0994214
3232988911.5973392	0.1117247	0.1035940	0.2455173	0.3224755	0.2410733	0.3389019	0.1160704	0.0871410	0.0983649	0.1693622	0.4690120	0.4893322	0.3989369	0.5602013	0.1687619	0.0994357
3232988911.6072273	0.1117481	0.1036047	0.2455415	0.3224955	0.2410673	0.3388937	0.1160814	0.0871165	0.0983574	0.1693812	0.4690189	0.4892977	0.3989574	0.5601930	0.1687648	0.0994494
3232988911.6171155	0.1117193	0.1036113	0.2455353	0.3224899	0.2410825	0.3389139	0.1160855	0.0871314	0.0983716	0.1693649	0.4690237	0.4893173	0.3989421	0.5601853	0.1687726	0.0994210
3232988911.6270037	0.1117338	0.1035911	0.2455437	0.3224907	0.2410861	0.3389003	0.1160896	0.0871151	0.0983633	0.1693811	0.4689980	0.4893182	0.3989566	0.5601988	0.1687786	0.0994547
3232988911.6368899	0.1117332	0.1036039	0.2455383	0.3224891	0.2410785	0.3389110	0.1160907	0.0871173	0.0983648	0.1693824	0.4689984	0.4893299	0.3989609	0.5602097	0.1687768	0.0994262
3232988911.6467781	0.1117292	0.1036020	0.2455394	0.3224930	0.2410715	0.3388942	0.1160857	0.0870937	0.0983682	0.1693629	0.4690213	0.4893054	0.3989561	0.5601790	0.1687655	0.0994476
3232988911.6566663	0.1117293	0.1036228	0.2455449	0.3225079	0.2410809	0.3389081	0.1160936	0.0871237	0.0983518	0.1693654	0.4690211	0.4893078	0.3989524	0.5601873	0.1687618	0.0994416
3232988911.6665544	0.1117296	0.1035808	0.2455402	0.3224877	0.2410573	0.3388971	0.1160714	0.0871212	0.0983550	0.1693693	0.4690188	0.4893172	0.3989543	0.5601955	0.1687571	0.0994408
3232988911.6764426	0.1117418	0.1035966	0.2455463	0.3224902	0.2410758	0.3389128	0.1161090	0.0871381	0.0983585	0.1693773	0.4690055	0.4893345	0.3989334	0.5601955	0.1687712	0.0994269
3232988911.6863308	0.1117437	0.1035949	0.2455499	0.3224950	0.2410724	0.3389142	0.1161113	0.0871015	0.0983613	0.1693815	0.4690248	0.4893146	0.3989462	0.5601945	0.1687643	0.0994672
3232988911.6962190	0.1117470	0.1035915	0.2455444	0.3224882	0.2410756	0.3389082	0.1160917	0.0871122	0.0983513	0.1693726	0.4690041	0.4893192	0.3989569	0.5601969	0.1687516	0.0994500
3232988911.7061071	0.1117289	0.1036056	0.2455424	0.3224904	0.2410836	0.3389068	0.1160904	0.0871152	0.0983611	0.1693513	0.4690119	0.4892939	0.3989423	0.5602021	0.1687777	0.0994445
3232988911.7159953	0.1117342	0.1035898	0.2455485	0.3224968	0.2410785	0.3389109	0.1160795	0.0871254	0.0983423	0.1693674	0.4689887	0.4893330	0.3989287	0.5601940	0.1687623	0.0994253
3232988911.7258835	0.1117404	0.1036064	0.2455349	0.3225079	0.2410778	0.3389101	0.1160980	0.0871179	0.0983524	0.1693754	0.4690084	0.4893233	0.3989253	0.5601770	0.1687573	0.0994492
3232988911.7357702	0.1117214	0.1036160	0.2455496	0.3224907	0.2410727	0.3389311	0.1160847	0.0871187	0.0983587	0.1693617	0.4690045	0.4893248	0.3989367	0.5602107	0.1687566	0.0994374
3232988911.7456584	0.1117385	0.1036103	0.2455447	0.3224951	0.2410668	0.3389082	0.1160879	0.0871282	0.0983630	0.1693836	0.4689988	0.4893096	0.3989574	0.5601995	0.1687730	0.0994319
3232988911.7555466	0.1117555	0.1035839	0.2455440	0.3225009	0.2410812	0.3389404	0.1160898	0.0871171	0.0983568	0.1693786	0.4689848	0.4893037	0.3989439	0.5602010	0.1687765	0.0994246
3232988911.7654347	0.1117317	0.1035986	0.2455200	0.3224910	0.2410781	0.3389133	0.1160857	0.0871329	0.0983468	0.1693651	0.4690038	0.4893238	0.3989169	0.5602047	0.1687624	0.0994244
3232988911.7753229	0.1117371	0.1036093	0.2455511	0.3224918	0.2410796	0.3389235	0.1160901	0.0871235	0.0983535	0.1693575	0.4689937	0.4893339	0.3989278	0.5601999	0.1687583	0.0994496
3232988911.7852111	0.1117340	0.1035844	0.2455540	0.3225117	0.2410826	0.3389167	0.1160823	0.0871245	0.0983554	0.1693829	0.4689946	0.4893355	0.3989338	0.5601880	0.1687436	0.0994405
3232988911.7950993	0.1117359	0.1035910	0.2455531	0.3224846	0.2410750	0.3389270	0.1160884	0.0871163	0.0983379	0.1693626	0.4690064	0.4893079	0.3989202	0.5601910	0.1687413	0.0994297
3232988911.8049874	0.1117371	0.1035985	0.2455480	0.3225103	0.2410871	0.3389078	0.1160787	0.0871072	0.0983453	0.1693673	0.4689984	0.4893382	0.3989246	0.5601935	0.1687665	0.0994443
3232988911.8148756	0.1117374	0.1036038	0.2455468	0.3224984	0.2410715	0.3389255	0.1160867	0.0871264	0.0983542	0.1693661	0.4689752	0.4893166	0.3989133	0.5601949	0.1687562	0.0994098
3232988911.8247638	0.1117507	0.1036149	0.2455461	0.3225105	0.2410899	0.3389116	0.1160975	0.0871213	0.0983480	0.1693686	0.4690036	0.4893356	0.3989345	0.5602071	0.1687590	0.0994370
3232988911.8346500	0.1117487	0.1036166	0.2455523	0.3224980	0.2410750	0.3389229	0.1161005	0.0871243	0.0983658	0.1693727	0.4689875	0.4893300	0.3989151	0.5602072	0.1687749	0.0994329
3232988911.8445382	0.1117602	0.1036093	0.2455441	0.3225075	0.2411091	0.3389196	0.1160762	0.0871223	0.0983492	0.1693867	0.4689837	0.4893229	0.3988928	0.5601979	0.1687673	0.0994579
3232988911.8544264	0.1117225	0.1036051	0.2455464	0.3225015	0.2410770	0.3389323	0.1160647	0.0871269	0.0983449	0.1693673	0.4689914	0.4893393	0.3989125	0.5602070	0.1687737	0.0994357
3232988911.8643146	0.1117451	0.1035985	0.2455478	0.3225122	0.2410734	0.3389197	0.1160828	0.0871347	0.0983669	0.1693604	0.4689874	0.4893425	0.3989198	0.5601933	0.1687618	0.0994437
3232988911.8742027	0.1117284	0.1035892	0.2455402	0.3225179	0.2410901	0.3389376	0.1160829	0.0871131	0.0983446	0.1693723	0.4689686	0.4893234	0.3989079	0.5602054	0.1687502	0.0994497
3232988911.8840909	0.1117382	0.1036016	0.2455354	0.3225093	0.2410757	0.3389296	0.1160727	0.0871225	0.0983470	0.1693599	0.4689966	0.4893323	0.3989084	0.5601987	0.1687621	0.0994597
3232988911.8939791	0.1117411	0.1035949	0.2455656	0.3224921	0.2410738	0.3389304	0.1160932	0.0871179	0.0983587	0.1693658	0.4689797	0.4893290	0.3989132	0.5602016	0.1687680	0.0994350
3232988911.9038672	0.1117361	0.1035884	0.2455493	0.3225040	0.2410894	0.3389204	0.1161093	0.0871242	0.0983465	0.1693769	0.4689893	0.4893223	0.3989261	0.5602122	0.1687514	0.0994496
3232988911.9137554	0.1117170	0.1036187	0.2455443	0.3225051	0.2410766	0.3389151	0.1160927	0.0871236	0.0983413	0.1693774	0.4689703	0.4893509	0.3989299	0.5601884	0.1687354	0.0994434
3232988911.9236436	0.1117304	0.1036022	0.2455391	0.3225142	0.2410782	0.3389258	0.1160841	0.0871148	0.0983556	0.1693526	0.4689704	0.4893423	0.3989168	0.5602182	0.1687503	0.0994351
3232988911.9335303	0.1117395	0.1035793	0.2455379	0.3225073	0.2410702	0.3389105	0.1160957	0.0871112	0.0983462	0.1693765	0.4689758	0.4893284	0.3989072	0.5601928	0.1687616	0.0994548
3232988911.9434185	0.1117444	0.1036229	0.2455438	0.3225101	0.2410732	0.3389227	0.1161157	0.0871310	0.0983533	0.1693711	0.4689806	0.4893382	0.3989195	0.5602067	0.1687601	0.0994298
3232988911.9533067	0.1117403	0.1036067	0.2455519	0.3224978	0.2410862	0.3389173	0.1160836	0.0871425	0.0983727	0.1693736	0.4689758	0.4893272	0.3989242	0.5602103	0.1687766	0.0994475
3232988911.9631948	0.1117347	0.1035950	0.2455543	0.3225122	0.2410807	0.3389018	0.1160857	0.0871295	0.0983503	0.1693643	0.4689876	0.4893414	0.3989145	0.5602146	0.1687773	0.0994445
3232988911.9730830	0.1117257	0.1035857	0.2455487	0.3225079	0.2410560	0.3389199	0.1160832	0.0871124	0.0983567	0.1693807	0.4689915	0.4893486	0.3989130	0.5601997	0.1687733	0.0994243
3232988911.9829712	0.1117405	0.1036041	0.2455572	0.3225062	0.2410900	0.3389058	0.1160818	0.0871000	0.0983640	0.1693598	0.4689984	0.4893229	0.3989354	0.5602216	0.1687849	0.0994360
3232988911.9928594	0.1117189	0.1036117	0.2455440	0.3225096	0.2410803	0.3389146	0.1160919	0.0871170	0.0983561	0.1693768	0.4690013	0.4893182	0.3989246	0.5601987	0.1687750	0.0994404
3232988912.0027475	0.1117377	0.1035868	0.2455450	0.3224976	0.2411013	0.3389370	0.1160784	0.0871379	0.0983436	0.1693866	0.4689956	0.4893322	0.3989120	0.5601931	0.1687582	0.0994414
3232988912.0126357	0.1117476	0.1036026	0.2455501	0.3224921	0.2410744	0.3389338	0.1160860	0.0871112	0.0983414	0.1693856	0.4689837	0.4893512	0.3989281	0.5602087	0.1687586	0.0994394
3232988912.0225239	0.1117353	0.1036040	0.2455444	0.3224888	0.2410989	0.3389150	0.1161156	0.0871172	0.0983612	0.1693576	0.4689801	0.4893296	0.3989102	0.5601951	0.1687684	0.0994226
3232988912.0324101	0.1117368	0.1035959	0.2455308	0.3225014	0.2410945	0.3389374	0.1161042	0.0871226	0.0983540	0.1693672	0.4690018	0.4893341	0.3989223	0.5601817	0.1687687	0.0994294
3232988912.0422983	0.1117311	0.1035942	0.2455431	0.3225004	0.2410843	0.3389433	0.1160782	0.0871196	0.0983599	0.1693788	0.4689880	0.4893330	0.3989337	0.5602139	0.1687737	0.0994302
3232988912.0521865	0.1117409	0.1036005	0.2455547	0.3225038	0.2410775	0.3389202	0.1160819	0.0871302	0.0983636	0.1693783	0.4690046	0.4893238	0.3989289	0.5602137	0.1687811	0.0994577
3232988912.0620747	0.1117628	0.1036068	0.2455623	0.3224976	0.2410847	0.3389337	0.1160963	0.0871392	0.0983563	0.1693651	0.4689929	0.4893324	0.3989230	0.5601933	0.1687637	0.0994439
3232988912.0719628	0.1117308	0.1036008	0.2455451	0.3224879	0.2410920	0.3389107	0.1160911	0.0871172	0.0983510	0.1693678	0.4690049	0.4893169	0.3989137	0.5601862	0.1687816	0.0994313
3232988912.0818510	0.1117295	0.1036016	0.2455439	0.3224743	0.2410930	0.3389042	0.1160794	0.0871063	0.0983627	0.1693825	0.4689986	0.4893262	0.3989225	0.5602095	0.1687624	0.0994340
3232988912.0917392	0.1117418	0.1036136	0.2455471	0.3224950	0.2410914	0.3389197	0.1160997	0.0871279	0.0983521	0.1693583	0.4689954	0.4893117	0.3989412	0.5601932	0.1687751	0.0994364
3232988912.1016273	0.1117495	0.1036045	0.2455421	0.3224915	0.2410882	0.3389120	0.1160984	0.0871129	0.0983611	0.1693824	0.4690043	0.4893499	0.3989374	0.5601984	0.1687794	0.0994480
3232988912.1115155	0.1117404	0.1036103	0.2455737	0.3224929	0.2410898	0.3389214	0.1160811	0.0871314	0.0983677	0.1693657	0.4690055	0.4893176	0.3989229	0.5602019	0.1687760	0.0994518
3232988912.1214037	0.1117526	0.1035890	0.2455474	0.3224816	0.2410846	0.3389061	0.1160968	0.0871083	0.0983535	0.1693821	0.4689962	0.4893095	0.3989209	0.5601831	0.1687869	0.0994370
3232988912.1312900	0.1117368	0.1036086	0.2455503	0.3224974	0.2410795	0.3388947	0.1160832	0.0871042	0.0983480	0.1693751	0.4689907	0.4893169	0.3989292	0.5602086	0.1687702	0.0994395
3232988912.1411781	0.1117551	0.1035964	0.2455422	0.3224707	0.2410747	0.3389164	0.1160984	0.0871041	0.0983540	0.1693913	0.4690070	0.4893032	0.3989432	0.5601936	0.1687667	0.0994409
3232988912.1510663	0.1117361	0.1036063	0.2455627	0.3224757	0.2410811	0.3388912	0.1161009	0.0871286	0.0983817	0.1693739	0.4690044	0.4893225	0.3989322	0.5601992	0.1687756	0.0994436
3232988912.1609545	0.1117437	0.1035945	0.2455497	0.3224801	0.2411040	0.3389079	0.1160982	0.0871129	0.0983604	0.1693896	0.4689996	0.4893067	0.3989338	0.5601871	0.1687874	0.0994513
3232988912.1708426	0.1117347	0.1035980	0.2455615	0.3224870	0.2410850	0.3389020	0.1160837	0.0871126	0.0983748	0.1693522	0.4690048	0.4893088	0.3989472	0.5601961	0.1687790	0.0994505
3232988912.1807308	0.1117274	0.1036009	0.2455387	0.3224970	0.2410924	0.3388972	0.1160878	0.0871027	0.0983454	0.1693741	0.4689946	0.4892931	0.3989343	0.5601875	0.1687746	0.0994437
3232988912.1906190	0.1117283	0.1035840	0.2455511	0.3224689	0.2410729	0.3389019	0.1160785	0.0871214	0.0983554	0.1693753	0.4690141	0.4892878	0.3989405	0.5601733	0.1687725	0.0994269
3232988912.2005072	0.1117301	0.1035986	0.2455586	0.3224787	0.2411065	0.3388955	0.1160993	0.0871269	0.0983482	0.1693598	0.4690054	0.4892988	0.3989382	0.5601627	0.1687869	0.0994483
3232988912.2103953	0.1117519	0.1035950	0.2455693	0.3224777	0.2410943	0.3388807	0.1160950	0.0871321	0.0983690	0.1693829	0.4690175	0.4893002	0.3989224	0.5601709	0.1687616	0.0994224
3232988912.2202835	0.1117469	0.1035862	0.2455524	0.3225021	0.2410719	0.3388900	0.1160973	0.0871053	0.0983617	0.1693557	0.4690048	0.4893022	0.3989241	0.5601690	0.1687725	0.0994250
3232988912.2301702	0.1117326	0.1035943	0.2455619	0.3224784	0.2410961	0.3388974	0.1160933	0.0871210	0.0983640	0.1693525	0.4690063	0.4892838	0.3989499	0.5601677	0.1687769	0.0994301
3232988912.2400584	0.1117458	0.1035733	0.2455554	0.3224749	0.2410710	0.3388746	0.1160966	0.0871246	0.0983612	0.1693647	0.4690029	0.4892831	0.3989432	0.5601498	0.1687831	0.0994385
3232988912.2499466	0.1117359	0.1036166	0.2455649	0.3224637	0.2410784	0.3388878	0.1160825	0.0871090	0.0983475	0.1693589	0.4689928	0.4892806	0.3989442	0.5601409	0.1687804	0.0994329
3232988912.2598348	0.1117229	0.1035844	0.2455441	0.3224872	0.2411020	0.3389084	0.1161030	0.0871046	0.0983589	0.1693588	0.4689995	0.4893000	0.3989398	0.5601434	0.1687744	0.0994505
3232988912.2697229	0.1117460	0.1035843	0.2455592	0.3224634	0.2411001	0.3388984	0.1160938	0.0871079	0.0983387	0.1693733	0.4689926	0.4892671	0.3989293	0.5601415	0.1687714	0.0994389
3232988912.2796111	0.1117325	0.1035898	0.2455502	0.3224686	0.2410976	0.3388921	0.1160741	0.0870999	0.0983663	0.1693562	0.4689950	0.4892643	0.3989288	0.5601251	0.1687611	0.0994337
3232988912.2894993	0.1117389	0.1035956	0.2455646	0.3224708	0.2410794	0.3388860	0.1160812	0.0871115	0.0983546	0.1693680	0.4689936	0.4892629	0.3989239	0.5601342	0.1687621	0.0994200
3232988912.2993875	0.1117311	0.1035759	0.2455570	0.3224680	0.2410739	0.3388820	0.1161096	0.0871189	0.0983525	0.1693467	0.4689929	0.4892488	0.3989415	0.5601302	0.1687835	0.0994331
3232988912.3092756	0.1117488	0.1035818	0.2455499	0.3224578	0.2410943	0.3389017	0.1160943	0.0871185	0.0983488	0.1693440	0.4689842	0.4892489	0.3989484	0.5601492	0.1687572	0.0994387
3232988912.3191638	0.1117396	0.1035930	0.2455659	0.3224734	0.2410947	0.3388804	0.1160824	0.0871220	0.0983500	0.1693519	0.4690099	0.4892529	0.3989386	0.5601283	0.1687684	0.0994315
3232988912.3290501	0.1117325	0.1035844	0.2455446	0.3224459	0.2410957	0.3388778	0.1160827	0.0871184	0.0983600	0.1693454	0.4689954	0.4892621	0.3989206	0.5601135	0.1687902	0.0994294
3232988912.3389382	0.1117214	0.1035888	0.2455367	0.3224735	0.2410922	0.3388642	0.1160893	0.0871088	0.0983533	0.1693516	0.4689895	0.4892496	0.3989440	0.5601127	0.1687582	0.0994291
3232988912.3488264	0.1117418	0.1035954	0.2455571	0.3224684	0.2410859	0.3388687	0.1160795	0.0870922	0.0983669	0.1693402	0.4689970	0.4892740	0.3989161	0.5601382	0.1687632	0.0994299
3232988912.3587146	0.1117314	0.1035821	0.2455453	0.3224605	0.2410917	0.3388843	0.1161047	0.0871186	0.0983872	0.1693632	0.4690110	0.4892627	0.3989242	0.5601222	0.1687667	0.0994244
3232988912.3686028	0.1117334	0.1036043	0.2455777	0.3224424	0.2410785	0.3388914	0.1161043	0.0870981	0.0983639	0.1693721	0.4689934	0.4892526	0.3989268	0.5601182	0.1687787	0.0994181
3232988912.3784909	0.1117331	0.1035988	0.2455534	0.3224505	0.2410757	0.3388645	0.1160849	0.0870943	0.0983747	0.1693539	0.4690070	0.4892734	0.3989318	0.5601101	0.1687670	0.0994203
3232988912.3883791	0.1117510	0.1035906	0.2455245	0.3224546	0.2410890	0.3388655	0.1160934	0.0871038	0.0983515	0.1693474	0.4689852	0.4892724	0.3989182	0.5601373	0.1687602	0.0994247
3232988912.3982673	0.1117347	0.1035696	0.2455252	0.3224397	0.2410916	0.3388764	0.1160793	0.0871140	0.0983712	0.1693578	0.4689943	0.4892614	0.3989297	0.5601281	0.1687740	0.0994257
3232988912.4081554	0.1117338	0.1035923	0.2455521	0.3224559	0.2410907	0.3388936	0.1160957	0.0871096	0.0983692	0.1693546	0.4689997	0.4892586	0.3989374	0.5601388	0.1687605	0.0993981
3232988912.4180436	0.1117329	0.1035830	0.2455598	0.3224468	0.2410952	0.3388648	0.1160725	0.0870982	0.0983421	0.1693493	0.4690129	0.4892693	0.3989232	0.5601246	0.1687670	0.0994256
3232988912.4279299	0.1117548	0.1035916	0.2455507	0.3224476	0.2410805	0.3388790	0.1160880	0.0871112	0.0983692	0.1693566	0.4689854	0.4892507	0.3989279	0.5601235	0.1687758	0.0994450
3232988912.4378180	0.1117312	0.1035839	0.2455407	0.3224524	0.2410955	0.3388631	0.1160924	0.0871179	0.0983760	0.1693485	0.4690041	0.4892513	0.3989336	0.5601316	0.1687714	0.0994335
3232988912.4477062	0.1117136	0.1035973	0.2455592	0.3224606	0.2410903	0.3388714	0.1160856	0.0870988	0.0983671	0.1693583	0.4690125	0.4892845	0.3989563	0.5601306	0.1687640	0.0994316
3232988912.4575944	0.1117325	0.1035777	0.2455559	0.3224558	0.2410771	0.3388644	0.1160797	0.0871108	0.0983677	0.1693413	0.4690255	0.4892645	0.3989359	0.5601443	0.1687770	0.0994540
3232988912.4674826	0.1117407	0.1035883	0.2455447	0.3224467	0.2410909	0.3388693	0.1161054	0.0870841	0.0983502	0.1693374	0.4690074	0.4892588	0.3989377	0.5601382	0.1687722	0.0994202
3232988912.4773707	0.1117535	0.1036004	0.2455397	0.3224617	0.2410804	0.3388503	0.1161017	0.0870996	0.0983622	0.1693395	0.4690132	0.4892518	0.3989295	0.5601066	0.1687749	0.0994266
3232988912.4872589	0.1117371	0.1035726	0.2455549	0.3224354	0.2410815	0.3388614	0.1160939	0.0871148	0.0983521	0.1693606	0.4689994	0.4892717	0.3989473	0.5601138	0.1687805	0.0994240
3232988912.4971471	0.1117283	0.1035771	0.2455417	0.3224435	0.2410865	0.3388711	0.1160943	0.0871220	0.0983523	0.1693436	0.4690152	0.4892611	0.3989438	0.5601407	0.1687663	0.0994094
3232988912.5070353	0.1117434	0.1036055	0.2455477	0.3224329	0.2410731	0.3388496	0.1160929	0.0871087	0.0983738	0.1693497	0.4690222	0.4892653	0.3989425	0.5601320	0.1688019	0.0994348
3232988912.5169234	0.1117475	0.1035842	0.2455464	0.3224503	0.2410999	0.3388629	0.1161134	0.0870878	0.0983611	0.1693518	0.4690128	0.4892495	0.3989490	0.5601307	0.1687723	0.0994329
3232988912.5268102	0.1117415	0.1035789	0.2455546	0.3224272	0.2411024	0.3388724	0.1161087	0.0871146	0.0983689	0.1693594	0.4690239	0.4892569	0.3989630	0.5601328	0.1687916	0.0994430
3232988912.5366983	0.1117432	0.1035880	0.2455394	0.3224474	0.2410801	0.3388678	0.1160910	0.0871009	0.0983545	0.1693430	0.4690174	0.4892728	0.3989492	0.5601252	0.1687871	0.0994264
3232988912.5465865	0.1117372	0.1035866	0.2455553	0.3224492	0.2410772	0.3388678	0.1161009	0.0871128	0.0983639	0.1693561	0.4690200	0.4892515	0.3989413	0.5601222	0.1687732	0.0994366
3232988912.5564747	0.1117371	0.1035804	0.2455425	0.3224412	0.2410751	0.3388647	0.1160851	0.0871084	0.0983641	0.1693490	0.4690255	0.4892638	0.3989535	0.5601415	0.1687948	0.0994241
3232988912.5663629	0.1117287	0.1035841	0.2455450	0.3224483	0.2410961	0.3388425	0.1160829	0.0871076	0.0983733	0.1693552	0.4690234	0.4892570	0.3989582	0.5601271	0.1687717	0.0994194
3232988912.5762510	0.1117465	0.1035908	0.2455389	0.3224332	0.2410938	0.3388613	0.1161053	0.0871129	0.0983735	0.1693419	0.4690021	0.4892633	0.3989510	0.5601344	0.1687750	0.0994300
3232988912.5861392	0.1117586	0.1035783	0.2455566	0.3224408	0.2410843	0.3388641	0.1160769	0.0871073	0.0983716	0.1693457	0.4690297	0.4892444	0.3989564	0.5601162	0.1687948	0.0994446
3232988912.5960274	0.1117372	0.1035757	0.2455518	0.3224361	0.2410890	0.3388480	0.1160797	0.0871017	0.0983598	0.1693679	0.4690130	0.4892505	0.3989517	0.5601254	0.1687828	0.0994116
3232988912.6059155	0.1117488	0.1035770	0.2455450	0.3224455	0.2410852	0.3388488	0.1160803	0.0871204	0.0983498	0.1693535	0.4690212	0.4892779	0.3989523	0.5601246	0.1687625	0.0994523
3232988912.6158037	0.1117569	0.1035752	0.2455458	0.3224383	0.2410830	0.3388619	0.1160840	0.0871127	0.0983607	0.1693515	0.4690328	0.4892641	0.3989740	0.5601372	0.1687842	0.0994379
3232988912.6256900	0.1117334	0.1035674	0.2455378	0.3224343	0.2411027	0.3388580	0.1161013	0.0871205	0.0983761	0.1693652	0.4690201	0.4892402	0.3989652	0.5601185	0.1687773	0.0994308
3232988912.6355782	0.1117423	0.1035990	0.2455523	0.3224350	0.2410890	0.3388622	0.1161198	0.0871269	0.0983680	0.1693571	0.4690291	0.4892532	0.3989405	0.5601311	0.1688048	0.0994177
3232988912.6454663	0.1117257	0.1035695	0.2455445	0.3224308	0.2410848	0.3388629	0.1160994	0.0871000	0.0983601	0.1693508	0.4690390	0.4892593	0.3989632	0.5601153	0.1687853	0.0994448
3232988912.6553545	0.1117383	0.1035855	0.2455583	0.3224413	0.2410852	0.3388744	0.1160825	0.0871164	0.0983560	0.1693365	0.4690361	0.4892590	0.3989621	0.5601149	0.1687703	0.0994200
3232988912.6652427	0.1117460	0.1035776	0.2455568	0.3224410	0.2410942	0.3388547	0.1160917	0.0870999	0.0983731	0.1693365	0.4690390	0.4892501	0.3989652	0.5601139	0.1687665	0.0994200
3232988912.6751308	0.1117257	0.1035773	0.2455654	0.3224612	0.2410892	0.3388494	0.1160833	0.0871103	0.0983562	0.1693516	0.4690245	0.4892596	0.3989631	0.5601233	0.1687728	0.0994197
3232988912.6850190	0.1117322	0.1035908	0.2455503	0.3224521	0.2410878	0.3388524	0.1160888	0.0871011	0.0983686	0.1693443	0.4690233	0.4892566	0.3989620	0.5601107	0.1687629	0.0994200
3232988912.6949072	0.1117419	0.1035806	0.2455360	0.3224485	0.2410808	0.3388554	0.1161059	0.0871123	0.0983592	0.1693619	0.4690306	0.4892549	0.3989560	0.5601307	0.1687746	0.0994436
3232988912.7047954	0.1117226	0.1035610	0.2455337	0.3224433	0.2411011	0.3388719	0.1160975	0.0870938	0.0983732	0.1693578	0.4690250	0.4892580	0.3989443	0.5601139	0.1687728	0.0994203
3232988912.7146835	0.1117410	0.1035798	0.2455547	0.3224189	0.2410775	0.3388631	0.1160905	0.0871142	0.0983673	0.1693340	0.4690140	0.4892670	0.3989396	0.5601197	0.1687775	0.0994216
3232988912.7245703	0.1117302	0.1035979	0.2455637	0.3224278	0.2410843	0.3388508	0.1160714	0.0871076	0.0983612	0.1693449	0.4690119	0.4892541	0.3989419	0.5601086	0.1687751	0.0994176
3232988912.7344584	0.1117318	0.1035877	0.2455380	0.3224508	0.2410896	0.3388654	0.1161046	0.0870838	0.0983759	0.1693610	0.4689969	0.4892466	0.3989465	0.5601144	0.1687808	0.0994414
3232988912.7443466	0.1117413	0.1035810	0.2455528	0.3224478	0.2410818	0.3388823	0.1160955	0.0871051	0.0983723	0.1693362	0.4690344	0.4892600	0.3989495	0.5601222	0.1687752	0.0994330
3232988912.7542348	0.1117449	0.1035907	0.2455611	0.3224546	0.2410819	0.3388708	0.1161039	0.0871023	0.0983703	0.1693502	0.4690090	0.4892826	0.3989581	0.5601211	0.1687789	0.0994322
3232988912.7641230	0.1117257	0.1035925	0.2455434	0.3224562	0.2410930	0.3388663	0.1161029	0.0871028	0.0983763	0.1693590	0.4690344	0.4892632	0.3989365	0.5601398	0.1687877	0.0994459
3232988912.7740111	0.1117414	0.1035912	0.2455590	0.3224481	0.2410986	0.3388625	0.1160900	0.0871093	0.0983772	0.1693665	0.4690290	0.4892608	0.3989624	0.5601157	0.1687809	0.0994211
3232988912.7838993	0.1117446	0.1035850	0.2455508	0.3224467	0.2410807	0.3388695	0.1160820	0.0871137	0.0983626	0.1693498	0.4690246	0.4892636	0.3989581	0.5601326	0.1687780	0.0994429
3232988912.7937875	0.1117477	0.1035717	0.2455547	0.3224566	0.2410749	0.3388753	0.1160925	0.0871067	0.0983750	0.1693428	0.4690346	0.4892644	0.3989580	0.5601299	0.1687909	0.0994277
3232988912.8036756	0.1117359	0.1035844	0.2455538	0.3224520	0.2410901	0.3388777	0.1160923	0.0871139	0.0983483	0.1693623	0.4690258	0.4892590	0.3989507	0.5601431	0.1687878	0.0994177
3232988912.8135638	0.1117439	0.1035842	0.2455656	0.3224426	0.2410942	0.3388712	0.1160851	0.0871042	0.0983655	0.1693508	0.4690058	0.4892719	0.3989646	0.5601312	0.1687760	0.0994298
3232988912.8234501	0.1117426	0.1035908	0.2455446	0.3224405	0.2410760	0.3388652	0.1160902	0.0871051	0.0983563	0.1693450	0.4690400	0.4892615	0.3989660	0.5601211	0.1687809	0.0994136
3232988912.8333383	0.1117346	0.1035783	0.2455649	0.3224674	0.2410780	0.3388769	0.1161029	0.0871043	0.0983714	0.1693442	0.4690093	0.4892954	0.3989530	0.5601304	0.1687874	0.0994436
3232988912.8432264	0.1117288	0.1036046	0.2455686	0.3224462	0.2410781	0.3388622	0.1160721	0.0871187	0.0983685	0.1693713	0.4690154	0.4892773	0.3989841	0.5601675	0.1687717	0.0994408
3232988912.8531146	0.1117472	0.1035966	0.2455506	0.3224468	0.2411046	0.3388699	0.1161035	0.0871009	0.0983773	0.1693604	0.4690252	0.4892763	0.3989751	0.5601627	0.1687733	0.0994369
3232988912.8630028	0.1117436	0.1036031	0.2455459	0.3224554	0.2410776	0.3388892	0.1160893	0.0871181	0.0983708	0.1693742	0.4690202	0.4892661	0.3989582	0.5601677	0.1687677	0.0994491
3232988912.8728909	0.1117308	0.1035763	0.2455423	0.3224469	0.2410904	0.3388813	0.1160998	0.0871148	0.0983804	0.1693561	0.4690350	0.4892647	0.3989475	0.5601508	0.1687768	0.0994150
3232988912.8827791	0.1117505	0.1035904	0.2455401	0.3224741	0.2410811	0.3388822	0.1160829	0.0870890	0.0983694	0.1693801	0.4690181	0.4892584	0.3989565	0.5601416	0.1687797	0.0994344
3232988912.8926673	0.1117388	0.1036013	0.2455564	0.3224629	0.2410831	0.3388791	0.1160985	0.0871206	0.0983767	0.1693480	0.4690096	0.4892761	0.3989707	0.5601473	0.1687897	0.0994424
3232988912.9025555	0.1117359	0.1035871	0.2455523	0.3224745	0.2410877	0.3388660	0.1161078	0.0871297	0.0983718	0.1693808	0.4690072	0.4892640	0.3989677	0.5601423	0.1687701	0.0994452
3232988912.9124436	0.1117414	0.1035819	0.2455564	0.3224574	0.2410920	0.3388908	0.1161061	0.0871214	0.0983608	0.1693647	0.4690076	0.4892593	0.3989516	0.5601624	0.1687844	0.0994360
3232988912.9223299	0.1117419	0.1035932	0.2455532	0.3224795	0.2410789	0.3388711	0.1161083	0.0871106	0.0983751	0.1693469	0.4689985	0.4892836	0.3989505	0.5601353	0.1687811	0.0994291
3232988912.9322181	0.1117269	0.1035908	0.2455265	0.3224481	0.2410932	0.3388791	0.1160812	0.0871125	0.0983822	0.1693555	0.4690108	0.4892898	0.3989511	0.5601371	0.1687870	0.0994101
3232988912.9421062	0.1117340	0.1035922	0.2455446	0.3224729	0.2411013	0.3388866	0.1160997	0.0871067	0.0983792	0.1693587	0.4690309	0.4892892	0.3989354	0.5601520	0.1687810	0.0994404
3232988912.9519944	0.1117428	0.1035872	0.2455505	0.3224637	0.2410827	0.3389041	0.1160886	0.0871149	0.0983808	0.1693882	0.4690257	0.4892695	0.3989530	0.5601447	0.1687878	0.0994335
3232988912.9618826	0.1117496	0.1035791	0.2455491	0.3224666	0.2410965	0.3388714	0.1161155	0.0871083	0.0983628	0.1693640	0.4690220	0.4892657	0.3989520	0.5601485	0.1687731	0.0994378
3232988912.9717708	0.1117578	0.1035795	0.2455523	0.3224680	0.2410732	0.3388833	0.1160974	0.0871054	0.0983697	0.1693632	0.4690077	0.4892981	0.3989525	0.5601317	0.1687813	0.0994361
3232988912.9816589	0.1117193	0.1035900	0.2455351	0.3224563	0.2410592	0.3388968	0.1160766	0.0871110	0.0983624	0.1693529	0.4690144	0.4892910	0.3989381	0.5601669	0.1687757	0.0994330
3232988912.9915471	0.1117387	0.1035671	0.2455653	0.3224710	0.2410847	0.3388977	0.1160871	0.0871053	0.0983639	0.1693822	0.4689895	0.4892986	0.3989350	0.5601524	0.1687965	0.0994487
3232988913.0014353	0.1117211	0.1036003	0.2455425	0.3224841	0.2411044	0.3388710	0.1160995	0.0871181	0.0983784	0.1693658	0.4690144	0.4892914	0.3989411	0.5601662	0.1687976	0.0994339
3232988913.0113234	0.1117471	0.1035751	0.2455301	0.3224745	0.2410774	0.3389050	0.1160890	0.0871105	0.0983777	0.1693821	0.4690052	0.4893081	0.3989410	0.5601712	0.1687784	0.0994505
3232988913.0212102	0.1117407	0.1035862	0.2455450	0.3224619	0.2410822	0.3388902	0.1161074	0.0871056	0.0983758	0.1693819	0.4690168	0.4893026	0.3989499	0.5601811	0.1687857	0.0994354
3232988913.0310984	0.1117445	0.1035915	0.2455599	0.3224687	0.2410841	0.3389207	0.1160840	0.0871088	0.0983515	0.1693824	0.4690245	0.4893264	0.3989552	0.5602040	0.1687891	0.0994364
3232988913.0409865	0.1117316	0.1035904	0.2455514	0.3224763	0.2410779	0.3388955	0.1160917	0.0871057	0.0983734	0.1693948	0.4690113	0.4893143	0.3989489	0.5601887	0.1688053	0.0994629
3232988913.0508747	0.1117303	0.1035871	0.2455554	0.3224678	0.2410984	0.3389237	0.1161149	0.0871217	0.0983867	0.1693937	0.4690082	0.4893012	0.3989350	0.5601749	0.1687891	0.0994394
3232988913.0607629	0.1117424	0.1036049	0.2455426	0.3224775	0.2410914	0.3389097	0.1160867	0.0871268	0.0983718	0.1693898	0.4690236	0.4893059	0.3989462	0.5601717	0.1687701	0.0994482
3232988913.0706511	0.1117549	0.1036075	0.2455483	0.3224755	0.2410779	0.3388975	0.1160941	0.0871254	0.0983817	0.1693810	0.4690280	0.4893318	0.3989327	0.5601959	0.1687873	0.0994350
3232988913.0805392	0.1117306	0.1035886	0.2455550	0.3224880	0.2410712	0.3389007	0.1160876	0.0871194	0.0983760	0.1693940	0.4690001	0.4893215	0.3989302	0.5602014	0.1687899	0.0994488
3232988913.0904274	0.1117401	0.1036004	0.2455328	0.3224884	0.2410850	0.3389068	0.1160787	0.0871204	0.0983762	0.1693868	0.4690126	0.4893237	0.3989629	0.5601987	0.1687740	0.0994279
3232988913.1003156	0.1117509	0.1036010	0.2455425	0.3224936	0.2410945	0.3389105	0.1160989	0.0870995	0.0983820	0.1693732	0.4690042	0.4893383	0.3989247	0.5602095	0.1687685	0.0994436
3232988913.1102037	0.1117710	0.1035955	0.2455497	0.3225006	0.2410945	0.3389231	0.1161088	0.0871166	0.0983783	0.1693634	0.4689809	0.4893330	0.3989235	0.5601898	0.1687766	0.0994634
3232988913.1200900	0.1117282	0.1036024	0.2455453	0.3224846	0.2411015	0.3389007	0.1161014	0.0871034	0.0983557	0.1694010	0.4689818	0.4893165	0.3989436	0.5602162	0.1687640	0.0994518
3232988913.1299782	0.1117298	0.1035976	0.2455658	0.3224923	0.2410757	0.3389092	0.1160996	0.0871085	0.0983624	0.1693679	0.4690005	0.4893376	0.3989366	0.5602101	0.1687802	0.0994263
3232988913.1398664	0.1117349	0.1035904	0.2455391	0.3224998	0.2410834	0.3389283	0.1161005	0.0871177	0.0983715	0.1694065	0.4690210	0.4893075	0.3989546	0.5602021	0.1687849	0.0994386
3232988913.1497545	0.1117441	0.1035831	0.2455329	0.3224983	0.2410894	0.3389201	0.1161008	0.0871171	0.0983653	0.1694011	0.4690236	0.4893217	0.3989432	0.5602160	0.1687714	0.0994498
3232988913.1596427	0.1117425	0.1035976	0.2455726	0.3225107	0.2410955	0.3389192	0.1160958	0.0871066	0.0983610	0.1693920	0.4690097	0.4893213	0.3989519	0.5602149	0.1687769	0.0994542
3232988913.1695309	0.1117514	0.1036068	0.2455515	0.3225076	0.2410946	0.3389279	0.1160856	0.0871147	0.0983788	0.1693872	0.4690204	0.4893439	0.3989598	0.5602153	0.1687815	0.0994451
3232988913.1794190	0.1117359	0.1036140	0.2455437	0.3225068	0.2410873	0.3389245	0.1161102	0.0871276	0.0983738	0.1693714	0.4690222	0.4893296	0.3989588	0.5602059	0.1687778	0.0994496
3232988913.1893072	0.1117362	0.1035883	0.2455440	0.3225112	0.2410811	0.3389187	0.1161058	0.0871334	0.0983714	0.1693747	0.4690285	0.4893295	0.3989603	0.5602416	0.1687785	0.0994362
3232988913.1991954	0.1117320	0.1036034	0.2455582	0.3224988	0.2410862	0.3389182	0.1161076	0.0871434	0.0983722	0.1693843	0.4690331	0.4893251	0.3989688	0.5602182	0.1687866	0.0994602
3232988913.2090836	0.1117226	0.1035946	0.2455671	0.3225088	0.2410990	0.3389269	0.1161019	0.0871312	0.0983795	0.1693912	0.4690390	0.4893515	0.3989592	0.5602275	0.1687740	0.0994518
3232988913.2189703	0.1117453	0.1036202	0.2455662	0.3225300	0.2410926	0.3389464	0.1160983	0.0871198	0.0983687	0.1693891	0.4690061	0.4893354	0.3989691	0.5602390	0.1687763	0.0994602
3232988913.2288585	0.1117525	0.1036021	0.2455459	0.3225056	0.2410890	0.3389472	0.1161160	0.0871154	0.0983778	0.1693852	0.4690011	0.4893476	0.3989490	0.5602276	0.1687947	0.0994323
3232988913.2387466	0.1117298	0.1036111	0.2455760	0.3225141	0.2410989	0.3389276	0.1161013	0.0871196	0.0983680	0.1693853	0.4689927	0.4893420	0.3989331	0.5602280	0.1687637	0.0994591
3232988913.2486348	0.1117327	0.1035903	0.2455419	0.3225121	0.2410600	0.3389213	0.1160967	0.0871413	0.0983768	0.1693903	0.4689976	0.4893456	0.3989220	0.5602075	0.1687831	0.0994431
3232988913.2585230	0.1117456	0.1036063	0.2455496	0.3225233	0.2410780	0.3389457	0.1161015	0.0871264	0.0983685	0.1693661	0.4689899	0.4893559	0.3989279	0.5602370	0.1687551	0.0994720
3232988913.2684112	0.1117457	0.1035894	0.2455524	0.3225106	0.2411058	0.3389427	0.1160903	0.0871113	0.0983730	0.1693827	0.4689953	0.4893487	0.3989200	0.5602341	0.1687598	0.0994412
3232988913.2782993	0.1117471	0.1036159	0.2455660	0.3225149	0.2410965	0.3389360	0.1161003	0.0871228	0.0983652	0.1693794	0.4690141	0.4893588	0.3989212	0.5602532	0.1687774	0.0994488
3232988913.2881875	0.1117228	0.1036209	0.2455573	0.3225327	0.2410927	0.3389385	0.1160963	0.0871215	0.0983559	0.1694070	0.4689768	0.4893518	0.3989300	0.5602280	0.1687807	0.0994537
3232988913.2980757	0.1117324	0.1035983	0.2455426	0.3225405	0.2410918	0.3389369	0.1160972	0.0871232	0.0983666	0.1693902	0.4689885	0.4893767	0.3988995	0.5602418	0.1687781	0.0994441
3232988913.3079638	0.1117312	0.1036219	0.2455399	0.3225381	0.2410913	0.3389277	0.1161000	0.0871203	0.0983612	0.1693901	0.4689850	0.4893716	0.3989114	0.5602457	0.1687500	0.0994470
3232988913.3178501	0.1117461	0.1036443	0.2455465	0.3225313	0.2410970	0.3389638	0.1161031	0.0871345	0.0983734	0.1693957	0.4689949	0.4893866	0.3989126	0.5602674	0.1687753	0.0994537
3232988913.3277383	0.1117441	0.1036101	0.2455400	0.3225181	0.2410843	0.3389577	0.1161149	0.0871137	0.0983591	0.1693857	0.4690054	0.4893955	0.3989378	0.5602669	0.1687660	0.0994590
3232988913.3376265	0.1117391	0.1035987	0.2455561	0.3225262	0.2410762	0.3389614	0.1160892	0.0871323	0.0983539	0.1693910	0.4690060	0.4894125	0.3989357	0.5602662	0.1687570	0.0994627
3232988913.3475146	0.1117338	0.1035908	0.2455504	0.3225359	0.2410868	0.3389538	0.1160743	0.0871166	0.0983591	0.1694334	0.4689956	0.4893882	0.3989271	0.5602719	0.1687761	0.0994485
3232988913.3574028	0.1117433	0.1036092	0.2455558	0.3225137	0.2410710	0.3389673	0.1161007	0.0871351	0.0983651	0.1694054	0.4689860	0.4893960	0.3989206	0.5602680	0.1687796	0.0994624
3232988913.3672910	0.1117436	0.1035945	0.2455511	0.3225555	0.2411069	0.3389480	0.1160844	0.0871228	0.0983653	0.1694080	0.4689913	0.4893976	0.3989229	0.5602881	0.1687673	0.0994718
3232988913.3771791	0.1117643	0.1036075	0.2455524	0.3225385	0.2410781	0.3389618	0.1161222	0.0871294	0.0983411	0.1694088	0.4689851	0.4893968	0.3989124	0.5602939	0.1687834	0.0994521
3232988913.3870673	0.1117204	0.1036310	0.2455459	0.3225406	0.2410753	0.3389593	0.1160889	0.0871515	0.0983702	0.1693975	0.4690006	0.4893842	0.3989196	0.5602780	0.1687848	0.0994573
3232988913.3969555	0.1117532	0.1036097	0.2455648	0.3225318	0.2410937	0.3389670	0.1161081	0.0871404	0.0983672	0.1694082	0.4689843	0.4893827	0.3989180	0.5602730	0.1687585	0.0994601
3232988913.4068437	0.1117426	0.1036333	0.2455468	0.3225276	0.2410907	0.3389680	0.1160905	0.0871345	0.0983635	0.1694016	0.4689957	0.4893841	0.3989117	0.5602785	0.1687569	0.0994454
3232988913.4167299	0.1117306	0.1036254	0.2455474	0.3225229	0.2410796	0.3389454	0.1161071	0.0871255	0.0983531	0.1694048	0.4689830	0.4893890	0.3989227	0.5602735	0.1687792	0.0994563
3232988913.4266181	0.1117718	0.1036148	0.2455553	0.3225273	0.2411022	0.3389529	0.1160987	0.0871414	0.0983678	0.1694124	0.4689831	0.4893962	0.3989275	0.5602714	0.1687649	0.0994610
3232988913.4365063	0.1117489	0.1036235	0.2455586	0.3225484	0.2410687	0.3389655	0.1161029	0.0871329	0.0983580	0.1694174	0.4690028	0.4893876	0.3989326	0.5602794	0.1687688	0.0994666
3232988913.4463944	0.1117417	0.1036134	0.2455184	0.3225461	0.2410789	0.3389619	0.1160851	0.0871307	0.0983618	0.1694181	0.4689968	0.4893778	0.3989275	0.5602711	0.1687692	0.0994580
3232988913.4562826	0.1117363	0.1036002	0.2455498	0.3225300	0.2410990	0.3389570	0.1160928	0.0871118	0.0983665	0.1694089	0.4690039	0.4893865	0.3989349	0.5602753	0.1687678	0.0994596
3232988913.4661708	0.1117155	0.1035951	0.2455405	0.3225526	0.2411023	0.3389483	0.1160965	0.0871268	0.0983419	0.1694031	0.4690060	0.4893811	0.3989236	0.5602702	0.1687733	0.0994506
3232988913.4760590	0.1117376	0.1036021	0.2455633	0.3225277	0.2410912	0.3389574	0.1161075	0.0871405	0.0983755	0.1694163	0.4689969	0.4893865	0.3989387	0.5602655	0.1687764	0.0994586
3232988913.4859471	0.1117251	0.1036120	0.2455517	0.3225477	0.2410877	0.3389583	0.1161026	0.0871412	0.0983756	0.1694257	0.4689976	0.4893775	0.3989499	0.5602651	0.1687802	0.0994509
3232988913.4958353	0.1117534	0.1036108	0.2455714	0.3225315	0.2410909	0.3389862	0.1160960	0.0871177	0.0983605	0.1694077	0.4689999	0.4893745	0.3989369	0.5602635	0.1687805	0.0994439
3232988913.5057235	0.1117494	0.1036012	0.2455500	0.3225343	0.2410885	0.3389386	0.1160747	0.0871454	0.0983660	0.1693887	0.4689900	0.4893766	0.3989433	0.5602783	0.1687737	0.0994692
3232988913.5156102	0.1117483	0.1036174	0.2455565	0.3225323	0.2410804	0.3389713	0.1161049	0.0871232	0.0983665	0.1694028	0.4689967	0.4893753	0.3989160	0.5602460	0.1687591	0.0994655
3232988913.5254984	0.1117421	0.1036288	0.2455448	0.3225400	0.2410790	0.3389594	0.1160886	0.0871334	0.0983674	0.1694135	0.4689790	0.4893610	0.3989379	0.5602700	0.1687914	0.0994651
3232988913.5353866	0.1117402	0.1036153	0.2455606	0.3225231	0.2410884	0.3389529	0.1160943	0.0871298	0.0983774	0.1693898	0.4689996	0.4893691	0.3989359	0.5602477	0.1687625	0.0994585
3232988913.5452747	0.1117493	0.1036193	0.2455294	0.3225169	0.2410859	0.3389600	0.1161082	0.0871404	0.0983594	0.1693971	0.4689846	0.4893920	0.3989090	0.5602381	0.1687714	0.0994514
3232988913.5551629	0.1117417	0.1035999	0.2455532	0.3225290	0.2410861	0.3389406	0.1160959	0.0871250	0.0983544	0.1693883	0.4689750	0.4893808	0.3989043	0.5602555	0.1687671	0.0994524
3232988913.5650511	0.1117239	0.1036175	0.2455438	0.3225291	0.2410770	0.3389601	0.1160926	0.0871145	0.0983606	0.1693839	0.4689740	0.4893610	0.3989133	0.5602564	0.1687609	0.0994601
3232988913.5749392	0.1117313	0.1036105	0.2455477	0.3225160	0.2410974	0.3389518	0.1160817	0.0871069	0.0983692	0.1693923	0.4689909	0.4893852	0.3989195	0.5602531	0.1687759	0.0994595
3232988913.5848274	0.1117517	0.1036046	0.2455531	0.3225308	0.2411070	0.3389467	0.1161073	0.0871295	0.0983725	0.1693729	0.4689938	0.4893804	0.3989169	0.5602679	0.1687718	0.0994489
3232988913.5947156	0.1117404	0.1036129	0.2455469	0.3225175	0.2410974	0.3389544	0.1160911	0.0871389	0.0983637	0.1693888	0.4689780	0.4893811	0.3989303	0.5602586	0.1687777	0.0994531
3232988913.6046038	0.1117502	0.1036006	0.2455617	0.3225341	0.2410930	0.3389750	0.1160942	0.0871206	0.0983519	0.1693904	0.4690137	0.4893686	0.3989428	0.5602556	0.1687603	0.0994530
3232988913.6144900	0.1117558	0.1036218	0.2455505	0.3225267	0.2410781	0.3389446	0.1160985	0.0871263	0.0983555	0.1694062	0.4689901	0.4893914	0.3989329	0.5602554	0.1687488	0.0994592
3232988913.6243782	0.1117435	0.1036222	0.2455597	0.3225119	0.2410703	0.3389475	0.1160854	0.0871297	0.0983503	0.1694005	0.4690024	0.4893765	0.3989242	0.5602567	0.1687818	0.0994557
3232988913.6342664	0.1117587	0.1035921	0.2455470	0.3225352	0.2410943	0.3389748	0.1160991	0.0871324	0.0983504	0.1694092	0.4690113	0.4893670	0.3989408	0.5602511	0.1687796	0.0994544
3232988913.6441545	0.1117377	0.1036275	0.2455558	0.3225292	0.2411018	0.3389377	0.1161031	0.0871435	0.0983732	0.1693984	0.4690101	0.4893838	0.3989493	0.5602623	0.1687888	0.0994605
3232988913.6540427	0.1117468	0.1036204	0.2455699	0.3225472	0.2411109	0.3389454	0.1160911	0.0871391	0.0983667	0.1694119	0.4690149	0.4893965	0.3989466	0.5602633	0.1687696	0.0994581
3232988913.6639309	0.1117295	0.1036076	0.2455543	0.3225353	0.2410879	0.3389573	0.1160805	0.0871436	0.0983592	0.1693964	0.4690120	0.4893551	0.3989516	0.5602550	0.1687676	0.0994518
3232988913.6738191	0.1117324	0.1036170	0.2455691	0.3225289	0.2410980	0.3389431	0.1160910	0.0871024	0.0983730	0.1693958	0.4690166	0.4893749	0.3989497	0.5602506	0.1687860	0.0994538
3232988913.6837072	0.1117323	0.1036073	0.2455691	0.3225414	0.2410993	0.3389416	0.1160979	0.0871183	0.0983647	0.1693938	0.4690115	0.4893775	0.3989621	0.5602650	0.1687814	0.0994513
3232988913.6935954	0.1117365	0.1036050	0.2455622	0.3225215	0.2411234	0.3389522	0.1160736	0.0871451	0.0983638	0.1694087	0.4690247	0.4893761	0.3989494	0.5602643	0.1687962	0.0994461
3232988913.7034836	0.1117386	0.1036080	0.2455671	0.3225290	0.2411181	0.3389557	0.1161098	0.0871259	0.0983607	0.1693886	0.4690465	0.4893851	0.3989459	0.5602809	0.1687917	0.0994440
3232988913.7133703	0.1117555	0.1035925	0.2455417	0.3225160	0.2410991	0.3389342	0.1161105	0.0871280	0.0983799	0.1693923	0.4690233	0.4893863	0.3989727	0.5602548	0.1687883	0.0994410
3232988913.7232585	0.1117390	0.1036218	0.2455601	0.3225181	0.2411005	0.3389522	0.1161049	0.0871197	0.0983687	0.1694051	0.4690346	0.4893864	0.3989751	0.5602681	0.1687785	0.0994613
3232988913.7331467	0.1117571	0.1036193	0.2455597	0.3225208	0.2410947	0.3389514	0.1160934	0.0871151	0.0983605	0.1694065	0.4690074	0.4893715	0.3989565	0.5602670	0.1687897	0.0994684
3232988913.7430348	0.1117516	0.1036032	0.2455570	0.3225215	0.2411030	0.3389514	0.1161012	0.0871348	0.0983765	0.1694106	0.4690364	0.4893656	0.3989557	0.5602427	0.1687859	0.0994481
3232988913.7529230	0.1117531	0.1036086	0.2455537	0.3225314	0.2411075	0.3389392	0.1161064	0.0871363	0.0983569	0.1693911	0.4690173	0.4893902	0.3989534	0.5602588	0.1687851	0.0994493
3232988913.7628112	0.1117493	0.1036236	0.2455536	0.3225129	0.2410807	0.3389407	0.1160982	0.0871336	0.0983624	0.1694004	0.4690241	0.4893745	0.3989684	0.5602521	0.1687731	0.0994579
3232988913.7726994	0.1117550	0.1035888	0.2455564	0.3224981	0.2410841	0.3389376	0.1160856	0.0871380	0.0983707	0.1693881	0.4690167	0.4893718	0.3989558	0.5602488	0.1687780	0.0994454
3232988913.7825875	0.1117319	0.1036168	0.2455398	0.3225274	0.2411050	0.3389472	0.1160931	0.0871236	0.0983580	0.1693769	0.4690122	0.4893688	0.3989490	0.5602635	0.1687750	0.0994380
3232988913.7924757	0.1117440	0.1036105	0.2455603	0.3224904	0.2410980	0.3389524	0.1161058	0.0871194	0.0983536	0.1693865	0.4690366	0.4893727	0.3989650	0.5602582	0.1687981	0.0994208
3232988913.8023639	0.1117439	0.1035985	0.2455498	0.3225098	0.2410975	0.3389298	0.1160936	0.0871255	0.0983694	0.1693792	0.4690331	0.4893589	0.3989572	0.5602460	0.1687968	0.0994556
3232988913.8122501	0.1117425	0.1035973	0.2455483	0.3224924	0.2411013	0.3389379	0.1161063	0.0871112	0.0983762	0.1693890	0.4690277	0.4893788	0.3989543	0.5602520	0.1687741	0.0994508
3232988913.8221383	0.1117483	0.1036075	0.2455613	0.3225073	0.2411077	0.3389382	0.1160853	0.0871183	0.0983595	0.1694078	0.4690300	0.4893493	0.3989587	0.5602372	0.1687804	0.0994432
3232988913.8320265	0.1117537	0.1036056	0.2455402	0.3225163	0.2410757	0.3389399	0.1160878	0.0870980	0.0983684	0.1693929	0.4690190	0.4893644	0.3989669	0.5602486	0.1687681	0.0994652
3232988913.8419147	0.1117549	0.1036058	0.2455651	0.3224976	0.2410948	0.3389183	0.1160803	0.0871272	0.0983743	0.1693852	0.4690424	0.4893587	0.3989729	0.5602481	0.1687957	0.0994351
3232988913.8518028	0.1117529	0.1036006	0.2455451	0.3225090	0.2410879	0.3389235	0.1160974	0.0871155	0.0983624	0.1693809	0.4690303	0.4893599	0.3989668	0.5602405	0.1687851	0.0994619
3232988913.8616910	0.1117431	0.1036195	0.2455416	0.3225125	0.2410806	0.3389350	0.1160876	0.0871376	0.0983743	0.1693799	0.4690416	0.4893535	0.3989748	0.5602469	0.1687939	0.0994588
3232988913.8715792	0.1117571	0.1035982	0.2455461	0.3225146	0.2410916	0.3389299	0.1160963	0.0871203	0.0983688	0.1693988	0.4690404	0.4893615	0.3989599	0.5602200	0.1687894	0.0994521
3232988913.8814673	0.1117311	0.1036017	0.2455591	0.3224913	0.2410861	0.3389001	0.1160953	0.0871204	0.0983588	0.1693847	0.4690392	0.4893414	0.3989610	0.5602346	0.1687749	0.0994447
3232988913.8913555	0.1117322	0.1035922	0.2455468	0.3225079	0.2411030	0.3389307	0.1160894	0.0871195	0.0983606	0.1693922	0.4690290	0.4893526	0.3989661	0.5602361	0.1687772	0.0994554
3232988913.9012437	0.1117501	0.1036058	0.2455677	0.3225148	0.2410822	0.3389231	0.1161124	0.0871176	0.0983698	0.1693728	0.4690413	0.4893277	0.3989684	0.5602196	0.1687953	0.0994615
3232988913.9111299	0.1117569	0.1036029	0.2455526	0.3224906	0.2410955	0.3389387	0.1161087	0.0871136	0.0983641	0.1693856	0.4690393	0.4893276	0.3989679	0.5602028	0.1687771	0.0994488
3232988913.9210181	0.1117331	0.1035946	0.2455618	0.3225082	0.2410933	0.3389215	0.1160968	0.0870976	0.0983615	0.1693678	0.4690213	0.4893284	0.3989389	0.5602281	0.1687751	0.0994241
3232988913.9309063	0.1117595	0.1036274	0.2455384	0.3224903	0.2411000	0.3389189	0.1161004	0.0871028	0.0983705	0.1693747	0.4690319	0.4893588	0.3989692	0.5602067	0.1687724	0.0994471
3232988913.9407945	0.1117346	0.1035941	0.2455655	0.3224898	0.2410934	0.3389128	0.1160886	0.0871323	0.0983785	0.1693723	0.4690467	0.4893569	0.3989620	0.5602234	0.1687936	0.0994453
3232988913.9506826	0.1117600	0.1035990	0.2455497	0.3225058	0.2410918	0.3389213	0.1161037	0.0870955	0.0983755	0.1693717	0.4690412	0.4893513	0.3989724	0.5602030	0.1687895	0.0994292
3232988913.9605708	0.1117470	0.1036109	0.2455575	0.3224728	0.2411003	0.3389240	0.1161171	0.0871251	0.0983573	0.1693612	0.4690423	0.4893609	0.3989753	0.5602221	0.1687835	0.0994438
3232988913.9704590	0.1117514	0.1036012	0.2455672	0.3225133	0.2411128	0.3389269	0.1160938	0.0871100	0.0983586	0.1693753	0.4690349	0.4893531	0.3989762	0.5602420	0.1687861	0.0994558
3232988913.9803472	0.1117649	0.1036041	0.2455625	0.3224891	0.2411015	0.3389214	0.1160822	0.0871111	0.0983616	0.1693803	0.4690447	0.4893392	0.3989765	0.5602123	0.1687742	0.0994403
3232988913.9902353	0.1117439	0.1035900	0.2455425	0.3224948	0.2411062	0.3389109	0.1160831	0.0871102	0.0983621	0.1693732	0.4690442	0.4893531	0.3989841	0.5602097	0.1687974	0.0994585
3232988914.0001235	0.1117424	0.1036051	0.2455674	0.3224931	0.2410870	0.3389140	0.1160974	0.0871128	0.0983653	0.1693769	0.4690471	0.4893523	0.3989578	0.5602347	0.1687881	0.0994485
3232988914.0100102	0.1117257	0.1036048	0.2455661	0.3225024	0.2410913	0.3389167	0.1161049	0.0871213	0.0983482	0.1693565	0.4690383	0.4893248	0.3989581	0.5602109	0.1687806	0.0994584
3232988914.0198984	0.1117371	0.1035948	0.2455614	0.3224777	0.2410987	0.3389076	0.1160973	0.0871321	0.0983575	0.1693919	0.4690260	0.4893536	0.3989640	0.5602171	0.1687792	0.0994320
3232988914.0297866	0.1117398	0.1035966	0.2455734	0.3225159	0.2410954	0.3389167	0.1160944	0.0871200	0.0983661	0.1693732	0.4690254	0.4893364	0.3989505	0.5601999	0.1687765	0.0994392
3232988914.0396748	0.1117439	0.1035962	0.2455550	0.3224799	0.2410932	0.3388968	0.1160872	0.0871222	0.0983756	0.1693529	0.4690102	0.4893279	0.3989368	0.5601879	0.1687949	0.0994538
3232988914.0495629	0.1117454	0.1036125	0.2455448	0.3224900	0.2410949	0.3388852	0.1160810	0.0871174	0.0983604	0.1693645	0.4690132	0.4893335	0.3989353	0.5602014	0.1687878	0.0994400
3232988914.0594511	0.1117346	0.1036018	0.2455674	0.3224777	0.2410846	0.3389372	0.1160935	0.0871058	0.0983610	0.1693882	0.4690148	0.4893404	0.3989588	0.5602145	0.1687793	0.0994370
3232988914.0693393	0.1117559	0.1036156	0.2455607	0.3225079	0.2410910	0.3389224	0.1160833	0.0871322	0.0983569	0.1693538	0.4690247	0.4893162	0.3989450	0.5602143	0.1687760	0.0994438
3232988914.0792274	0.1117459	0.1035992	0.2455347	0.3224764	0.2410886	0.3389012	0.1160841	0.0871118	0.0983508	0.1693765	0.4690263	0.4893334	0.3989724	0.5601803	0.1687811	0.0994561
3232988914.0891156	0.1117397	0.1035981	0.2455521	0.3225029	0.2410819	0.3389239	0.1160927	0.0871134	0.0983507	0.1693840	0.4690248	0.4893115	0.3989549	0.5602204	0.1687746	0.0994584
3232988914.0990038	0.1117343	0.1035870	0.2455414	0.3225012	0.2410974	0.3389091	0.1160869	0.0871158	0.0983730	0.1693805	0.4690396	0.4893371	0.3989615	0.5601970	0.1687767	0.0994521
3232988914.1088901	0.1117457	0.1035969	0.2455415	0.3225055	0.2410971	0.3389236	0.1160819	0.0871152	0.0983634	0.1693758	0.4690264	0.4893208	0.3989722	0.5602033	0.1687822	0.0994381
3232988914.1187782	0.1117460	0.1036135	0.2455467	0.3224854	0.2410928	0.3389180	0.1161208	0.0871072	0.0983724	0.1693769	0.4690307	0.4893512	0.3989540	0.5602197	0.1687953	0.0994474
3232988914.1286664	0.1117349	0.1036051	0.2455548	0.3224964	0.2410981	0.3389244	0.1160963	0.0871260	0.0983590	0.1693749	0.4690415	0.4893471	0.3989641	0.5602184	0.1687691	0.0994377
3232988914.1385546	0.1117355	0.1036021	0.2455381	0.3224728	0.2410867	0.3389183	0.1161069	0.0871153	0.0983760	0.1693689	0.4690279	0.4893482	0.3989751	0.5602275	0.1687789	0.0994393
3232988914.1484427	0.1117366	0.1035847	0.2455466	0.3224935	0.2410925	0.3389069	0.1160788	0.0871293	0.0983723	0.1693809	0.4690404	0.4893346	0.3989635	0.5602062	0.1687782	0.0994407
3232988914.1583309	0.1117510	0.1035900	0.2455419	0.3224864	0.2410803	0.3389099	0.1160895	0.0871228	0.0983802	0.1693728	0.4690292	0.4893481	0.3989652	0.5602198	0.1687845	0.0994388
3232988914.1682191	0.1117495	0.1035969	0.2455381	0.3224982	0.2410885	0.3389329	0.1160908	0.0870933	0.0983653	0.1693979	0.4690301	0.4893377	0.3989546	0.5602128	0.1687721	0.0994422
3232988914.1781073	0.1117300	0.1035903	0.2455659	0.3224976	0.2411083	0.3389162	0.1160972	0.0871141	0.0983640	0.1693761	0.4690396	0.4893565	0.3989571	0.5602049	0.1687782	0.0994448
3232988914.1879954	0.1117485	0.1036101	0.2455569	0.3225138	0.2411042	0.3389168	0.1160953	0.0871197	0.0983588	0.1693833	0.4690374	0.4893526	0.3989675	0.5602116	0.1687909	0.0994392
3232988914.1978836	0.1117406	0.1036051	0.2455427	0.3225065	0.2410833	0.3389191	0.1161012	0.0871129	0.0983760	0.1693773	0.4690354	0.4893563	0.3989638	0.5601988	0.1687813	0.0994402
3232988914.2077699	0.1117416	0.1035933	0.2455562	0.3225042	0.2410916	0.3389118	0.1160782	0.0871099	0.0983527	0.1693771	0.4690486	0.4893626	0.3989761	0.5602281	0.1687767	0.0994441
3232988914.2176580	0.1117590	0.1035930	0.2455691	0.3225064	0.2411077	0.3389136	0.1160947	0.0871205	0.0983664	0.1693941	0.4690407	0.4893470	0.3989761	0.5602317	0.1687811	0.0994552
3232988914.2275462	0.1117336	0.1036083	0.2455564	0.3225076	0.2410940	0.3389248	0.1160887	0.0871436	0.0983765	0.1693707	0.4690318	0.4893436	0.3989511	0.5602244	0.1687706	0.0994475
3232988914.2374344	0.1117368	0.1036003	0.2455361	0.3224987	0.2410881	0.3389109	0.1160928	0.0871184	0.0983490	0.1693739	0.4690437	0.4893448	0.3989596	0.5602138	0.1687966	0.0994614
3232988914.2473226	0.1117357	0.1036055	0.2455442	0.3224988	0.2410873	0.3389150	0.1160961	0.0871259	0.0983677	0.1693990	0.4690301	0.4893414	0.3989612	0.5602220	0.1687925	0.0994314
3232988914.2572107	0.1117405	0.1036066	0.2455562	0.3225109	0.2410826	0.3389229	0.1160984	0.0871296	0.0983647	0.1693983	0.4690155	0.4893542	0.3989650	0.5602121	0.1687604	0.0994362
3232988914.2670989	0.1117510	0.1035982	0.2455499	0.3224866	0.2410789	0.3389094	0.1160775	0.0871341	0.0983788	0.1693801	0.4690316	0.4893554	0.3989509	0.5602328	0.1687926	0.0994357
3232988914.2769871	0.1117480	0.1035891	0.2455569	0.3225205	0.2411008	0.3389112	0.1160868	0.0871156	0.0983658	0.1693849	0.4690331	0.4893414	0.3989724	0.5602240	0.1687991	0.0994628
3232988914.2868752	0.1117430	0.1036108	0.2455579	0.3225002	0.2411003	0.3389223	0.1160956	0.0871337	0.0983807	0.1693806	0.4690346	0.4893469	0.3989645	0.5602215	0.1687861	0.0994285
3232988914.2967634	0.1117604	0.1036062	0.2455510	0.3225040	0.2410959	0.3389255	0.1161003	0.0871290	0.0983732	0.1693660	0.4690290	0.4893509	0.3989730	0.5602113	0.1687833	0.0994511
3232988914.3066502	0.1117448	0.1036076	0.2455570	0.3224874	0.2410917	0.3389199	0.1160903	0.0871116	0.0983825	0.1693828	0.4690384	0.4893462	0.3989800	0.5602175	0.1687895	0.0994359
3232988914.3165383	0.1117385	0.1036115	0.2455653	0.3225247	0.2410847	0.3388981	0.1160765	0.0871179	0.0983603	0.1693683	0.4690348	0.4893359	0.3989653	0.5602430	0.1687858	0.0994371
3232988914.3264265	0.1117317	0.1036071	0.2455650	0.3225087	0.2410885	0.3389179	0.1160867	0.0871233	0.0983625	0.1693710	0.4690446	0.4893747	0.3989697	0.5602236	0.1687773	0.0994458
3232988914.3363147	0.1117303	0.1036048	0.2455427	0.3225117	0.2411025	0.3389219	0.1161143	0.0871330	0.0983596	0.1693779	0.4690387	0.4893386	0.3989543	0.5602245	0.1687768	0.0994335
3232988914.3462028	0.1117470	0.1036101	0.2455668	0.3225170	0.2410885	0.3389351	0.1160959	0.0871045	0.0983590	0.1693946	0.4690432	0.4893595	0.3989474	0.5602216	0.1687758	0.0994415
3232988914.3560910	0.1117473	0.1036105	0.2455473	0.3225274	0.2410870	0.3389252	0.1160840	0.0871371	0.0983639	0.1693710	0.4690294	0.4893544	0.3989527	0.5602293	0.1687789	0.0994326
3232988914.3659792	0.1117351	0.1036129	0.2455582	0.3225285	0.2410937	0.3389376	0.1161121	0.0871185	0.0983593	0.1693796	0.4690339	0.4893528	0.3989493	0.5602163	0.1687800	0.0994552
3232988914.3758674	0.1117506	0.1036075	0.2455548	0.3225011	0.2410906	0.3389310	0.1160923	0.0871217	0.0983636	0.1693843	0.4690508	0.4893385	0.3989554	0.5602444	0.1687912	0.0994600
3232988914.3857555	0.1117522	0.1035963	0.2455562	0.3225044	0.2411029	0.3389172	0.1160882	0.0871254	0.0983799	0.1693797	0.4690357	0.4893706	0.3989624	0.5602329	0.1687756	0.0994458
3232988914.3956437	0.1117666	0.1036206	0.2455562	0.3224912	0.2410950	0.3389392	0.1161038	0.0871281	0.0983856	0.1693879	0.4690413	0.4893721	0.3989517	0.5602471	0.1687973	0.0994463
3232988914.4055300	0.1117337	0.1036036	0.2455649	0.3225107	0.2410855	0.3389213	0.1161012	0.0871005	0.0983797	0.1693697	0.4690399	0.4893565	0.3989696	0.5602480	0.1687845	0.0994403
3232988914.4154181	0.1117503	0.1036049	0.2455669	0.3225094	0.2411035	0.3389315	0.1160970	0.0871113	0.0983523	0.1693848	0.4690406	0.4893543	0.3989669	0.5602246	0.1687816	0.0994546
3232988914.4253063	0.1117417	0.1035995	0.2455729	0.3225118	0.2411132	0.3389304	0.1160751	0.0871037	0.0983519	0.1693859	0.4690562	0.4893568	0.3989668	0.5602278	0.1687821	0.0994616
3232988914.4351945	0.1117407	0.1035970	0.2455618	0.3225066	0.2410936	0.3389345	0.1161112	0.0871149	0.0983789	0.1693770	0.4690517	0.4893716	0.3989702	0.5602312	0.1687787	0.0994492
3232988914.4450827	0.1117279	0.1036144	0.2455649	0.3225157	0.2411186	0.3389364	0.1161213	0.0871277	0.0983739	0.1693964	0.4690552	0.4893507	0.3989595	0.5602230	0.1687945	0.0994586
3232988914.4549708	0.1117441	0.1036049	0.2455766	0.3224981	0.2410902	0.3389461	0.1160876	0.0871099	0.0983700	0.1693784	0.4690354	0.4893567	0.3989780	0.5602371	0.1687957	0.0994374
3232988914.4648590	0.1117435	0.1036044	0.2455577	0.3225140	0.2410854	0.3389320	0.1160972	0.0871176	0.0983703	0.1693761	0.4690462	0.4893581	0.3989572	0.5602237	0.1687769	0.0994425
3232988914.4747472	0.1117457	0.1035899	0.2455589	0.3225010	0.2410815	0.3389274	0.1160756	0.0871290	0.0983725	0.1693932	0.4690448	0.4893543	0.3989750	0.5602078	0.1687885	0.0994551
3232988914.4846354	0.1117503	0.1036023	0.2455583	0.3225073	0.2410920	0.3389215	0.1161000	0.0871236	0.0983577	0.1693908	0.4690454	0.4893441	0.3989602	0.5602395	0.1687745	0.0994429
3232988914.4945235	0.1117453	0.1036097	0.2455618	0.3225209	0.2410921	0.3389275	0.1160916	0.0871363	0.0983632	0.1693674	0.4690221	0.4893422	0.3989749	0.5602310	0.1687731	0.0994452
3232988914.5044103	0.1117366	0.1036026	0.2455732	0.3225193	0.2411157	0.3389295	0.1161144	0.0871145	0.0983543	0.1693828	0.4690659	0.4893530	0.3989574	0.5602255	0.1687822	0.0994689
3232988914.5142984	0.1117483	0.1036039	0.2455639	0.3225066	0.2410840	0.3389327	0.1160854	0.0871242	0.0983611	0.1693790	0.4690507	0.4893633	0.3989731	0.5602254	0.1687620	0.0994387
3232988914.5241866	0.1117361	0.1036096	0.2455504	0.3224935	0.2411105	0.3389260	0.1160734	0.0871278	0.0983742	0.1693830	0.4690242	0.4893610	0.3989841	0.5602376	0.1687849	0.0994555
3232988914.5340748	0.1117474	0.1036049	0.2455694	0.3225136	0.2411089	0.3389414	0.1160892	0.0870966	0.0983447	0.1693883	0.4690463	0.4893445	0.3989799	0.5602160	0.1687954	0.0994329
3232988914.5439630	0.1117315	0.1036169	0.2455654	0.3225092	0.2411050	0.3389355	0.1161054	0.0871290	0.0983819	0.1693950	0.4690585	0.4893548	0.3989647	0.5602515	0.1687882	0.0994263
3232988914.5538511	0.1117530	0.1036151	0.2455707	0.3224995	0.2410973	0.3389280	0.1160971	0.0871330	0.0983761	0.1693712	0.4690513	0.4893475	0.3989798	0.5602332	0.1687970	0.0994607
3232988914.5637393	0.1117297	0.1035882	0.2455486	0.3224983	0.2410903	0.3389173	0.1160959	0.0871412	0.0983706	0.1693808	0.4690525	0.4893433	0.3989677	0.5602470	0.1687790	0.0994311
3232988914.5736275	0.1117487	0.1036012	0.2455738	0.3224934	0.2410775	0.3389264	0.1160786	0.0871296	0.0983666	0.1693813	0.4690459	0.4893558	0.3989686	0.5602190	0.1687900	0.0994723
3232988914.5835156	0.1117360	0.1036107	0.2455669	0.3225173	0.2410971	0.3389137	0.1160935	0.0871185	0.0983562	0.1693566	0.4690442	0.4893531	0.3989804	0.5602334	0.1688147	0.0994542
3232988914.5934038	0.1117517	0.1036093	0.2455721	0.3225106	0.2411138	0.3389292	0.1161069	0.0871114	0.0983690	0.1693816	0.4690385	0.4893586	0.3989739	0.5602302	0.1687528	0.0994381
3232988914.6032901	0.1117515	0.1036079	0.2455700	0.3224823	0.2411103	0.3389238	0.1161082	0.0871281	0.0983760	0.1693692	0.4690435	0.4893431	0.3989787	0.5602456	0.1688015	0.0994530
3232988914.6131783	0.1117575	0.1036071	0.2455620	0.3224988	0.2411037	0.3389388	0.1160948	0.0871265	0.0983521	0.1693821	0.4690395	0.4893594	0.3989524	0.5602366	0.1687994	0.0994254
3232988914.6230664	0.1117386	0.1036052	0.2455607	0.3224952	0.2410949	0.3389252	0.1160805	0.0871348	0.0983834	0.1694018	0.4690471	0.4893536	0.3989699	0.5602264	0.1687946	0.0994537
3232988914.6329546	0.1117502	0.1035942	0.2455464	0.3225191	0.2410963	0.3389165	0.1160867	0.0871081	0.0983630	0.1693931	0.4690452	0.4893645	0.3989608	0.5602345	0.1687764	0.0994494
3232988914.6428428	0.1117520	0.1036064	0.2455769	0.3224980	0.2411052	0.3389269	0.1160987	0.0871317	0.0983806	0.1693835	0.4690494	0.4893514	0.3989729	0.5602581	0.1687909	0.0994444
3232988914.6527309	0.1117297	0.1036143	0.2455579	0.3225051	0.2411021	0.3389258	0.1161127	0.0871231	0.0983718	0.1693962	0.4690383	0.4893673	0.3989785	0.5602268	0.1687896	0.0994481
3232988914.6626191	0.1117430	0.1035865	0.2455593	0.3224980	0.2410862	0.3389230	0.1161033	0.0871172	0.0983660	0.1693737	0.4690612	0.4893582	0.3989753	0.5602338	0.1687998	0.0994558
3232988914.6725073	0.1117388	0.1036138	0.2455624	0.3224893	0.2411044	0.3389349	0.1160924	0.0871079	0.0983652	0.1693803	0.4690477	0.4893608	0.3989779	0.5602155	0.1687829	0.0994443
3232988914.6823955	0.1117213	0.1035954	0.2455659	0.3225121	0.2411061	0.3389384	0.1161051	0.0871159	0.0983682	0.1693731	0.4690383	0.4893484	0.3989657	0.5602341	0.1687816	0.0994494
3232988914.6922836	0.1117550	0.1036121	0.2455676	0.3225090	0.2410892	0.3389249	0.1160868	0.0871371	0.0983638	0.1694020	0.4690338	0.4893416	0.3989556	0.5602354	0.1688050	0.0994466
3232988914.7021699	0.1117423	0.1035914	0.2455808	0.3225156	0.2411008	0.3389324	0.1161144	0.0871285	0.0983707	0.1693691	0.4690526	0.4893564	0.3989721	0.5602302	0.1687735	0.0994625
3232988914.7120581	0.1117697	0.1036212	0.2455568	0.3225014	0.2410983	0.3389251	0.1161154	0.0871261	0.0983690	0.1694043	0.4690266	0.4893526	0.3989507	0.5602232	0.1687992	0.0994572
3232988914.7219462	0.1117497	0.1035986	0.2455622	0.3225112	0.2411224	0.3389221	0.1160992	0.0871301	0.0983507	0.1693912	0.4690379	0.4893587	0.3989743	0.5602329	0.1687711	0.0994589
3232988914.7318344	0.1117311	0.1036082	0.2455698	0.3225204	0.2410814	0.3389228	0.1160868	0.0871271	0.0983517	0.1693614	0.4690453	0.4893477	0.3989618	0.5602407	0.1687933	0.0994469
3232988914.7417226	0.1117598	0.1036035	0.2455741	0.3225213	0.2410892	0.3389306	0.1160736	0.0871225	0.0983678	0.1693899	0.4690463	0.4893315	0.3989590	0.5602126	0.1687860	0.0994415
3232988914.7516108	0.1117585	0.1035971	0.2455561	0.3224972	0.2411000	0.3389247	0.1160982	0.0871342	0.0983637	0.1693932	0.4690430	0.4893320	0.3989614	0.5602132	0.1687897	0.0994461
3232988914.7614989	0.1117555	0.1036099	0.2455743	0.3225121	0.2411018	0.3389380	0.1161035	0.0871346	0.0983702	0.1693872	0.4690418	0.4893475	0.3989776	0.5602381	0.1687783	0.0994497
3232988914.7713871	0.1117512	0.1035780	0.2455590	0.3225023	0.2411018	0.3389284	0.1160995	0.0871176	0.0983916	0.1693796	0.4690373	0.4893616	0.3989613	0.5602229	0.1687918	0.0994439
3232988914.7812753	0.1117364	0.1036107	0.2455517	0.3224920	0.2411011	0.3389362	0.1160961	0.0871388	0.0983842	0.1693832	0.4690359	0.4893566	0.3989605	0.5602397	0.1687838	0.0994415
3232988914.7911634	0.1117363	0.1035911	0.2455587	0.3225052	0.2410981	0.3389218	0.1160898	0.0871282	0.0983724	0.1693881	0.4690573	0.4893441	0.3989713	0.5602440	0.1687784	0.0994408
3232988914.8010502	0.1117441	0.1035818	0.2455536	0.3225123	0.2411120	0.3389339	0.1161018	0.0871307	0.0983679	0.1693854	0.4690787	0.4893706	0.3989779	0.5602459	0.1687798	0.0994422
3232988914.8109384	0.1117251	0.1036101	0.2455819	0.3225137	0.2411015	0.3389422	0.1160978	0.0871367	0.0983825	0.1693878	0.4690502	0.4893599	0.3989894	0.5602310	0.1687932	0.0994440
3232988914.8208265	0.1117569	0.1036091	0.2455672	0.3224995	0.2410924	0.3389436	0.1161009	0.0871383	0.0983833	0.1693900	0.4690399	0.4893660	0.3989693	0.5602192	0.1687817	0.0994400
3232988914.8307147	0.1117562	0.1036051	0.2455486	0.3225143	0.2411046	0.3389243	0.1160885	0.0871068	0.0983656	0.1693912	0.4690518	0.4893291	0.3989721	0.5602383	0.1687888	0.0994464
3232988914.8406029	0.1117417	0.1036035	0.2455605	0.3225210	0.2410964	0.3389265	0.1160897	0.0871243	0.0983741	0.1693690	0.4690381	0.4893420	0.3989789	0.5602470	0.1687892	0.0994559
3232988914.8504910	0.1117433	0.1036213	0.2455550	0.3225101	0.2410828	0.3389394	0.1161059	0.0871310	0.0983702	0.1694081	0.4690485	0.4893575	0.3989740	0.5602535	0.1687753	0.0994502
3232988914.8603792	0.1117619	0.1035950	0.2455608	0.3225014	0.2411160	0.3389369	0.1161052	0.0871108	0.0983490	0.1693954	0.4690518	0.4893570	0.3989777	0.5602433	0.1687881	0.0994389
3232988914.8702674	0.1117668	0.1036000	0.2455598	0.3225020	0.2410925	0.3389281	0.1160951	0.0871327	0.0983643	0.1693723	0.4690538	0.4893518	0.3989645	0.5602279	0.1687881	0.0994649
3232988914.8801556	0.1117494	0.1036174	0.2455572	0.3225088	0.2410987	0.3389277	0.1161097	0.0871191	0.0983747	0.1693884	0.4690345	0.4893603	0.3989714	0.5602356	0.1687875	0.0994560
3232988914.8900437	0.1117514	0.1036079	0.2455567	0.3225165	0.2411013	0.3389363	0.1160937	0.0871182	0.0983491	0.1693780	0.4690543	0.4893532	0.3989617	0.5602330	0.1687844	0.0994511
3232988914.8999300	0.1117512	0.1035893	0.2455666	0.3225142	0.2410924	0.3389165	0.1160973	0.0871293	0.0983673	0.1693973	0.4690426	0.4893624	0.3989765	0.5602370	0.1687931	0.0994598
3232988914.9098182	0.1117417	0.1036078	0.2455788	0.3225156	0.2411077	0.3389256	0.1161160	0.0871155	0.0983672	0.1693769	0.4690742	0.4893503	0.3989860	0.5602432	0.1687790	0.0994495
3232988914.9197063	0.1117426	0.1036006	0.2455695	0.3225173	0.2410938	0.3389326	0.1161036	0.0871276	0.0983648	0.1693830	0.4690460	0.4893622	0.3989713	0.5602364	0.1687896	0.0994493
3232988914.9295945	0.1117461	0.1036172	0.2455865	0.3224959	0.2410989	0.3389396	0.1161044	0.0871098	0.0983590	0.1693762	0.4690647	0.4893491	0.3989756	0.5602277	0.1687894	0.0994419
3232988914.9394827	0.1117579	0.1035931	0.2455855	0.3224991	0.2410852	0.3389195	0.1161074	0.0871206	0.0983818	0.1693873	0.4690577	0.4893522	0.3989823	0.5602292	0.1687933	0.0994438
3232988914.9493709	0.1117443	0.1036091	0.2455617	0.3224968	0.2410984	0.3389354	0.1161032	0.0871280	0.0983880	0.1693865	0.4690584	0.4893543	0.3989812	0.5602427	0.1687910	0.0994622
3232988914.9592590	0.1117373	0.1036038	0.2455710	0.3225125	0.2410826	0.3389362	0.1161002	0.0871123	0.0983669	0.1693772	0.4690579	0.4893588	0.3989936	0.5602266	0.1688026	0.0994417
3232988914.9691472	0.1117430	0.1036123	0.2455668	0.3225047	0.2411070	0.3389360	0.1160905	0.0871382	0.0983711	0.1693884	0.4690503	0.4893493	0.3989986	0.5602448	0.1687931	0.0994527
3232988914.9790354	0.1117578	0.1035845	0.2455524	0.3224904	0.2411059	0.3389358	0.1161036	0.0871323	0.0983729	0.1693967	0.4690714	0.4893554	0.3989848	0.5602309	0.1687719	0.0994265
3232988914.9889235	0.1117170	0.1035935	0.2455686	0.3225120	0.2410975	0.3389380	0.1160859	0.0871170	0.0983687	0.1693803	0.4690481	0.4893400	0.3989869	0.5602332	0.1687822	0.0994558
3232988914.9988103	0.1117553	0.1035926	0.2455777	0.3224979	0.2410919	0.3389205	0.1161127	0.0871212	0.0983592	0.1693791	0.4690382	0.4893592	0.3989802	0.5602260	0.1687983	0.0994431
3232988915.0086985	0.1117336	0.1036092	0.2455562	0.3225094	0.2410954	0.3389204	0.1161128	0.0871219	0.0983605	0.1693891	0.4690696	0.4893395	0.3990063	0.5602246	0.1687912	0.0994344
3232988915.0185866	0.1117484	0.1036044	0.2455804	0.3224864	0.2410832	0.3389283	0.1161132	0.0871099	0.0983718	0.1693718	0.4690445	0.4893530	0.3989876	0.5602173	0.1687856	0.0994391
3232988915.0284748	0.1117404	0.1036061	0.2455776	0.3225074	0.2411017	0.3389158	0.1161107	0.0871336	0.0983908	0.1693705	0.4690548	0.4893402	0.3989919	0.5602101	0.1688058	0.0994496
3232988915.0383630	0.1117392	0.1036073	0.2455592	0.3225201	0.2411082	0.3389131	0.1161072	0.0871360	0.0983648	0.1693836	0.4690576	0.4893418	0.3989777	0.5602097	0.1687801	0.0994410
3232988915.0482512	0.1117588	0.1036169	0.2455756	0.3224934	0.2411188	0.3389312	0.1160937	0.0871203	0.0983657	0.1693700	0.4690752	0.4893523	0.3989850	0.5602163	0.1687869	0.0994258
3232988915.0581393	0.1117550	0.1035936	0.2455570	0.3224938	0.2411112	0.3389223	0.1161081	0.0871262	0.0983773	0.1693820	0.4690486	0.4893486	0.3989938	0.5601976	0.1687920	0.0994624
3232988915.0680275	0.1117482	0.1035933	0.2455855	0.3225072	0.2411044	0.3389289	0.1160939	0.0871563	0.0983734	0.1693846	0.4690564	0.4893479	0.3990053	0.5602385	0.1687864	0.0994511
3232988915.0779157	0.1117572	0.1035952	0.2455659	0.3224828	0.2410880	0.3389350	0.1161224	0.0871098	0.0983832	0.1693839	0.4690613	0.4893399	0.3989897	0.5602214	0.1687818	0.0994516
3232988915.0878038	0.1117358	0.1036085	0.2455873	0.3224922	0.2411098	0.3389323	0.1160968	0.0871099	0.0983680	0.1693600	0.4690665	0.4893439	0.3989787	0.5602196	0.1687921	0.0994331
3232988915.0976901	0.1117515	0.1035889	0.2455743	0.3225034	0.2411093	0.3389113	0.1161003	0.0871018	0.0983713	0.1693842	0.4690556	0.4893446	0.3989986	0.5602144	0.1687835	0.0994382
3232988915.1075783	0.1117385	0.1035932	0.2455762	0.3224965	0.2411026	0.3389208	0.1161074	0.0871269	0.0983562	0.1693879	0.4690680	0.4893382	0.3989829	0.5602139	0.1687983	0.0994391
3232988915.1174664	0.1117601	0.1035920	0.2455609	0.3224997	0.2411035	0.3389275	0.1160983	0.0871271	0.0983761	0.1693780	0.4690713	0.4893354	0.3989772	0.5602266	0.1687830	0.0994385
3232988915.1273546	0.1117484	0.1036146	0.2455655	0.3225012	0.2411054	0.3389280	0.1161025	0.0871117	0.0983711	0.1693711	0.4690577	0.4893511	0.3989918	0.5602280	0.1688078	0.0994392
3232988915.1372428	0.1117518	0.1036014	0.2455760	0.3225056	0.2411101	0.3389172	0.1160993	0.0871138	0.0983624	0.1693937	0.4690653	0.4893383	0.3990031	0.5602129	0.1687792	0.0994477
3232988915.1471310	0.1117496	0.1036013	0.2455735	0.3224948	0.2410971	0.3389123	0.1160985	0.0871076	0.0983665	0.1693665	0.4690492	0.4893314	0.3989728	0.5602223	0.1687889	0.0994397
3232988915.1570191	0.1117389	0.1035981	0.2455765	0.3224762	0.2410977	0.3389185	0.1160969	0.0871213	0.0983605	0.1693682	0.4690787	0.4893565	0.3989751	0.5602161	0.1688028	0.0994395
3232988915.1669073	0.1117467	0.1036122	0.2455780	0.3225014	0.2411040	0.3389246	0.1161127	0.0871243	0.0983661	0.1693732	0.4690519	0.4893509	0.3989899	0.5602121	0.1687892	0.0994562
3232988915.1767955	0.1117521	0.1035959	0.2455743	0.3225134	0.2411051	0.3389235	0.1161088	0.0871061	0.0983677	0.1693783	0.4690661	0.4893364	0.3989948	0.5602066	0.1687867	0.0994596
3232988915.1866837	0.1117478	0.1036085	0.2455654	0.3224955	0.2411171	0.3389211	0.1161051	0.0871340	0.0983892	0.1693822	0.4690532	0.4893301	0.3989874	0.5602273	0.1687924	0.0994248
3232988915.1965699	0.1117530	0.1036013	0.2455629	0.3224983	0.2411140	0.3389199	0.1160991	0.0871218	0.0983709	0.1693728	0.4690540	0.4893326	0.3989917	0.5602203	0.1687934	0.0994311
3232988915.2064581	0.1117589	0.1036006	0.2455801	0.3224825	0.2410975	0.3389180	0.1161100	0.0871111	0.0983678	0.1693788	0.4690762	0.4893319	0.3989812	0.5602127	0.1687856	0.0994432
3232988915.2163463	0.1117348	0.1036053	0.2455582	0.3225113	0.2411068	0.3389174	0.1160829	0.0871186	0.0983679	0.1693681	0.4690712	0.4893224	0.3989823	0.5602193	0.1687999	0.0994462
3232988915.2262344	0.1117664	0.1036161	0.2455774	0.3225001	0.2411085	0.3389334	0.1160931	0.0871248	0.0983714	0.1693884	0.4690730	0.4893384	0.3990051	0.5602214	0.1687781	0.0994321
3232988915.2361226	0.1117670	0.1036065	0.2455727	0.3224887	0.2411061	0.3389065	0.1160916	0.0871191	0.0983603	0.1693819	0.4690725	0.4893200	0.3989945	0.5602192	0.1687841	0.0994459
3232988915.2460108	0.1117711	0.1036197	0.2455659	0.3224891	0.2411061	0.3389408	0.1160902	0.0871282	0.0983650	0.1693671	0.4690594	0.4893214	0.3989853	0.5601988	0.1687779	0.0994242
3232988915.2558990	0.1117489	0.1036103	0.2455699	0.3224929	0.2411060	0.3389058	0.1161092	0.0871261	0.0983583	0.1693697	0.4690681	0.4893170	0.3989898	0.5601812	0.1687882	0.0994495
3232988915.2657871	0.1117466	0.1036090	0.2455564	0.3224945	0.2411063	0.3389321	0.1160962	0.0871237	0.0983758	0.1693636	0.4690676	0.4893434	0.3990004	0.5602077	0.1687879	0.0994448
3232988915.2756753	0.1117524	0.1035938	0.2455787	0.3225093	0.2411047	0.3389220	0.1161137	0.0871235	0.0983828	0.1693668	0.4690599	0.4893416	0.3989698	0.5602103	0.1687950	0.0994278
3232988915.2855635	0.1117422	0.1035966	0.2455666	0.3224780	0.2411178	0.3389105	0.1161130	0.0871251	0.0983631	0.1693726	0.4690739	0.4893348	0.3989962	0.5602139	0.1687892	0.0994199
3232988915.2954502	0.1117592	0.1035878	0.2455617	0.3224825	0.2411019	0.3389049	0.1160985	0.0871117	0.0983642	0.1693703	0.4690572	0.4893135	0.3989843	0.5602078	0.1687833	0.0994331
3232988915.3053384	0.1117613	0.1035725	0.2455636	0.3225038	0.2411140	0.3389071	0.1161072	0.0871050	0.0983834	0.1693551	0.4690545	0.4893174	0.3989810	0.5601980	0.1687814	0.0994424
3232988915.3152266	0.1117416	0.1036006	0.2455757	0.3224892	0.2411023	0.3389088	0.1160966	0.0871140	0.0983781	0.1693786	0.4690699	0.4893234	0.3989835	0.5601976	0.1688013	0.0994392
3232988915.3251147	0.1117617	0.1035921	0.2455607	0.3224811	0.2411134	0.3389152	0.1160812	0.0871274	0.0983753	0.1693683	0.4690626	0.4893256	0.3989726	0.5602033	0.1687920	0.0994401
3232988915.3350029	0.1117436	0.1036012	0.2455594	0.3224944	0.2411311	0.3389142	0.1161005	0.0871229	0.0983989	0.1693527	0.4690619	0.4893334	0.3989997	0.5601948	0.1687707	0.0994568
3232988915.3448911	0.1117560	0.1036021	0.2455675	0.3224951	0.2410939	0.3389134	0.1160988	0.0871257	0.0983796	0.1693825	0.4690652	0.4893335	0.3989925	0.5602028	0.1687805	0.0994359
3232988915.3547792	0.1117680	0.1036094	0.2455616	0.3224761	0.2411137	0.3388922	0.1161147	0.0871130	0.0983658	0.1694027	0.4690681	0.4893247	0.3989818	0.5601925	0.1687862	0.0994381
3232988915.3646674	0.1117522	0.1035827	0.2455560	0.3224822	0.2411032	0.3389113	0.1161053	0.0871189	0.0983546	0.1693744	0.4690467	0.4893336	0.3989742	0.5601830	0.1687914	0.0994366
3232988915.3745556	0.1117602	0.1036132	0.2455618	0.3224991	0.2411122	0.3389046	0.1160989	0.0871241	0.0983906	0.1693672	0.4690519	0.4893249	0.3989848	0.5602039	0.1687950	0.0994484
3232988915.3844438	0.1117632	0.1036076	0.2455681	0.3224838	0.2411163	0.3389069	0.1161013	0.0871044	0.0983838	0.1693766	0.4690563	0.4893149	0.3990061	0.5602015	0.1687813	0.0994231
3232988915.3943300	0.1117532	0.1036143	0.2455537	0.3225028	0.2411062	0.3388957	0.1160927	0.0871271	0.0983674	0.1693751	0.4690547	0.4893235	0.3990032	0.5602003	0.1687875	0.0994684
3232988915.4042182	0.1117526	0.1035973	0.2455734	0.3224949	0.2411031	0.3388972	0.1161040	0.0871274	0.0983827	0.1693957	0.4690647	0.4893219	0.3989857	0.5601906	0.1687950	0.0994507
3232988915.4141064	0.1117681	0.1036022	0.2455486	0.3224752	0.2411104	0.3389060	0.1160945	0.0871331	0.0983815	0.1693683	0.4690609	0.4893354	0.3989834	0.5602020	0.1687899	0.0994343
3232988915.4239945	0.1117487	0.1036116	0.2455625	0.3224801	0.2410952	0.3389079	0.1161061	0.0871074	0.0983762	0.1693797	0.4690516	0.4893224	0.3989829	0.5602017	0.1687812	0.0994426
3232988915.4338827	0.1117424	0.1035844	0.2455651	0.3224876	0.2411112	0.3389139	0.1160965	0.0871067	0.0983892	0.1693719	0.4690525	0.4893206	0.3989818	0.5601894	0.1687763	0.0994463
3232988915.4437709	0.1117489	0.1035976	0.2455805	0.3224893	0.2411287	0.3389206	0.1161087	0.0871237	0.0983651	0.1693742	0.4690483	0.4893181	0.3989574	0.5602047	0.1687871	0.0994427
3232988915.4536591	0.1117548	0.1036001	0.2455650	0.3224968	0.2411029	0.3389116	0.1161072	0.0871404	0.0983611	0.1693678	0.4690656	0.4893254	0.3989929	0.5602034	0.1687867	0.0994452
3232988915.4635472	0.1117418	0.1035890	0.2455585	0.3224812	0.2410997	0.3389207	0.1161090	0.0871083	0.0983684	0.1693705	0.4690798	0.4893227	0.3989843	0.5601908	0.1687974	0.0994357
3232988915.4734354	0.1117410	0.1036059	0.2455826	0.3224911	0.2410840	0.3389174	0.1161114	0.0871113	0.0983696	0.1693673	0.4690664	0.4893167	0.3989727	0.5602186	0.1687919	0.0994330
3232988915.4833236	0.1117697	0.1035902	0.2455669	0.3224786	0.2411034	0.3389256	0.1161227	0.0871100	0.0983735	0.1693632	0.4690432	0.4893045	0.3989891	0.5602059	0.1687908	0.0994497
3232988915.4932103	0.1117452	0.1036002	0.2455664	0.3225042	0.2411302	0.3389044	0.1160994	0.0871184	0.0983696	0.1693794	0.4690653	0.4893207	0.3989794	0.5602080	0.1687857	0.0994349
3232988915.5030985	0.1117434	0.1035832	0.2455746	0.3224880	0.2411219	0.3389039	0.1161126	0.0871194	0.0983734	0.1693718	0.4690604	0.4893025	0.3989914	0.5602182	0.1687799	0.0994372
3232988915.5129867	0.1117538	0.1035992	0.2455772	0.3224774	0.2411306	0.3389015	0.1161044	0.0871124	0.0983769	0.1693651	0.4690573	0.4893330	0.3989879	0.5601850	0.1687932	0.0994390
3232988915.5228748	0.1117298	0.1035954	0.2455630	0.3224993	0.2410951	0.3389207	0.1161293	0.0870993	0.0983753	0.1693666	0.4690683	0.4893344	0.3989763	0.5601879	0.1687894	0.0994415
3232988915.5327630	0.1117243	0.1036025	0.2455789	0.3224996	0.2411115	0.3389162	0.1161083	0.0871258	0.0983694	0.1693630	0.4690574	0.4893268	0.3989750	0.5602045	0.1688099	0.0994397
3232988915.5426512	0.1117610	0.1036072	0.2455747	0.3224780	0.2411059	0.3389325	0.1161038	0.0871094	0.0983692	0.1693617	0.4690508	0.4893403	0.3989924	0.5602070	0.1687812	0.0994438
3232988915.5525393	0.1117624	0.1036113	0.2455802	0.3224983	0.2411093	0.3389161	0.1160966	0.0871244	0.0983973	0.1693563	0.4690474	0.4893374	0.3990117	0.5601963	0.1687739	0.0994348
3232988915.5624275	0.1117536	0.1036003	0.2455781	0.3225068	0.2411110	0.3389184	0.1161057	0.0871089	0.0983765	0.1693668	0.4690665	0.4893321	0.3989954	0.5601907	0.1687866	0.0994470
3232988915.5723157	0.1117500	0.1036162	0.2455654	0.3224810	0.2411089	0.3389116	0.1161084	0.0871221	0.0983928	0.1693734	0.4690593	0.4893230	0.3989811	0.5602075	0.1687890	0.0994411
3232988915.5822039	0.1117425	0.1035924	0.2455604	0.3224885	0.2410874	0.3389164	0.1161022	0.0871019	0.0983686	0.1693725	0.4690639	0.4893121	0.3989893	0.5601973	0.1687861	0.0994407
3232988915.5920901	0.1117603	0.1035930	0.2455683	0.3224997	0.2411077	0.3389225	0.1160985	0.0871153	0.0983774	0.1693756	0.4690563	0.4893282	0.3989736	0.5602240	0.1688011	0.0994368
3232988915.6019783	0.1117586	0.1036120	0.2455662	0.3225004	0.2410959	0.3389047	0.1161177	0.0871017	0.0983658	0.1693619	0.4690623	0.4893386	0.3989977	0.5601965	0.1687877	0.0994403
3232988915.6118665	0.1117277	0.1036329	0.2455872	0.3224857	0.2411187	0.3389115	0.1161219	0.0871244	0.0983673	0.1693889	0.4690523	0.4893333	0.3989805	0.5602090	0.1687881	0.0994245
3232988915.6217546	0.1117433	0.1036074	0.2455748	0.3224847	0.2411036	0.3389083	0.1161114	0.0871203	0.0983843	0.1693863	0.4690552	0.4893400	0.3990102	0.5601989	0.1688075	0.0994421
3232988915.6316428	0.1117380	0.1036018	0.2455580	0.3224757	0.2411109	0.3389063	0.1161109	0.0871368	0.0983833	0.1693640	0.4690515	0.4893243	0.3989767	0.5601959	0.1687790	0.0994396
3232988915.6415310	0.1117445	0.1035957	0.2455731	0.3224966	0.2410916	0.3389139	0.1160959	0.0871251	0.0983705	0.1693861	0.4690540	0.4893284	0.3989869	0.5602142	0.1687785	0.0994529
3232988915.6514192	0.1117389	0.1036013	0.2455828	0.3224740	0.2411146	0.3389137	0.1161163	0.0871195	0.0983764	0.1693788	0.4690573	0.4893300	0.3989864	0.5602206	0.1687918	0.0994369
3232988915.6613073	0.1117638	0.1036005	0.2455651	0.3224785	0.2411158	0.3389480	0.1161013	0.0871244	0.0983717	0.1693822	0.4690389	0.4893521	0.3989898	0.5601969	0.1687581	0.0994544
3232988915.6711955	0.1117542	0.1035915	0.2455709	0.3225040	0.2411315	0.3389259	0.1161047	0.0871185	0.0983670	0.1693757	0.4690612	0.4893173	0.3989770	0.5602011	0.1687883	0.0994229
3232988915.6810837	0.1117400	0.1035993	0.2455822	0.3224985	0.2411033	0.3389039	0.1160973	0.0871092	0.0983786	0.1693888	0.4690729	0.4893305	0.3989877	0.5602043	0.1687955	0.0994537
3232988915.6909699	0.1117592	0.1036123	0.2455512	0.3224915	0.2410877	0.3389099	0.1160935	0.0871208	0.0983825	0.1693661	0.4690561	0.4893538	0.3989940	0.5602019	0.1687942	0.0994279
3232988915.7008581	0.1117363	0.1035788	0.2455694	0.3224870	0.2411084	0.3389194	0.1161068	0.0871178	0.0983870	0.1693804	0.4690558	0.4893262	0.3989893	0.5602132	0.1687930	0.0994531
3232988915.7107463	0.1117485	0.1036067	0.2455646	0.3224871	0.2411075	0.3389121	0.1161173	0.0871193	0.0983567	0.1693815	0.4690637	0.4893361	0.3989808	0.5602221	0.1687908	0.0994420
3232988915.7206345	0.1117472	0.1036014	0.2455567	0.3224783	0.2411103	0.3389174	0.1160946	0.0871176	0.0983544	0.1693768	0.4690499	0.4893374	0.3989879	0.5602260	0.1687993	0.0994451
3232988915.7305226	0.1117308	0.1036048	0.2455582	0.3224970	0.2411099	0.3389184	0.1160916	0.0871174	0.0983782	0.1693790	0.4690599	0.4893437	0.3989806	0.5602141	0.1687954	0.0994271
3232988915.7404108	0.1117358	0.1035910	0.2455590	0.3224932	0.2411073	0.3388925	0.1160949	0.0871219	0.0983874	0.1693943	0.4690492	0.4893452	0.3989734	0.5602121	0.1687944	0.0994363
3232988915.7502990	0.1117462	0.1035944	0.2455726	0.3224989	0.2411019	0.3389069	0.1160971	0.0871268	0.0983833	0.1693754	0.4690619	0.4893427	0.3989782	0.5602321	0.1688010	0.0994327
3232988915.7601871	0.1117458	0.1035800	0.2455609	0.3225068	0.2411012	0.3389013	0.1161053	0.0871137	0.0983755	0.1693733	0.4690702	0.4893475	0.3989939	0.5602183	0.1687997	0.0994458
3232988915.7700753	0.1117407	0.1036107	0.2455729	0.3224771	0.2411154	0.3389157	0.1160983	0.0871297	0.0983698	0.1693771	0.4690630	0.4893388	0.3989690	0.5602140	0.1688038	0.0994588
3232988915.7799635	0.1117488	0.1036079	0.2455661	0.3224784	0.2411015	0.3389098	0.1160940	0.0871154	0.0983681	0.1693761	0.4690666	0.4893392	0.3989865	0.5602201	0.1687794	0.0994361
3232988915.7898502	0.1117248	0.1036045	0.2455633	0.3224917	0.2411082	0.3389228	0.1161030	0.0871184	0.0983662	0.1693828	0.4690497	0.4893348	0.3989884	0.5602255	0.1688019	0.0994361
3232988915.7997384	0.1117399	0.1036175	0.2455832	0.3225080	0.2410905	0.3389008	0.1161012	0.0871305	0.0983817	0.1693729	0.4690433	0.4893529	0.3989937	0.5602218	0.1687808	0.0994291
3232988915.8096266	0.1117486	0.1036207	0.2455682	0.3225017	0.2410958	0.3389161	0.1161093	0.0871223	0.0983814	0.1693831	0.4690635	0.4893286	0.3989906	0.5602180	0.1687969	0.0994397
3232988915.8195147	0.1117412	0.1035912	0.2455745	0.3224926	0.2411280	0.3389125	0.1161060	0.0871437	0.0983767	0.1693886	0.4690584	0.4893384	0.3989925	0.5602343	0.1687960	0.0994493
3232988915.8294029	0.1117389	0.1035976	0.2455731	0.3224987	0.2411001	0.3389282	0.1161139	0.0871051	0.0983715	0.1693852	0.4690456	0.4893327	0.3989997	0.5602499	0.1687906	0.0994473
3232988915.8392911	0.1117465	0.1036012	0.2455657	0.3224741	0.2411141	0.3389126	0.1160966	0.0870956	0.0983652	0.1693965	0.4690512	0.4893458	0.3989931	0.5601988	0.1687911	0.0994470
3232988915.8491793	0.1117483	0.1036003	0.2455721	0.3224940	0.2410958	0.3389091	0.1160934	0.0871156	0.0983597	0.1693775	0.4690418	0.4893290	0.3989911	0.5602082	0.1687967	0.0994444
3232988915.8590674	0.1117455	0.1035867	0.2455624	0.3224897	0.2411145	0.3389124	0.1160898	0.0871202	0.0983547	0.1693809	0.4690574	0.4893194	0.3989712	0.5602183	0.1687876	0.0994603
3232988915.8689556	0.1117415	0.1036115	0.2455646	0.3224835	0.2411138	0.3389118	0.1160896	0.0871157	0.0983631	0.1693761	0.4690523	0.4893472	0.3989841	0.5602294	0.1687977	0.0994506
3232988915.8788438	0.1117568	0.1036047	0.2455680	0.3224987	0.2411086	0.3389132	0.1160881	0.0871381	0.0983706	0.1693601	0.4690558	0.4893392	0.3990101	0.5602169	0.1687939	0.0994544
