3232987616.8032899	0.1642348	0.1782388	0.2305155	0.3355409	0.1766060	0.2930145	0.2180436	0.2207347	0.2493611	0.3433409	0.2936286	0.2878949	0.2327019	0.3556696	0.3105420	0.2763587
3232987616.8131781	0.1642203	0.1782499	0.2305221	0.3355404	0.1765989	0.2930178	0.2180282	0.2207406	0.2493572	0.3433426	0.2936099	0.2878766	0.2326810	0.3556926	0.3105620	0.2763542
3232987616.8230662	0.1642284	0.1782403	0.2305054	0.3355420	0.1766115	0.2930006	0.2180486	0.2207361	0.2493701	0.3433394	0.2936267	0.2878856	0.2327030	0.3556981	0.3105684	0.2763627
3232987616.8329544	0.1642144	0.1782557	0.2305340	0.3355391	0.1766143	0.2930058	0.2180500	0.2207441	0.2493362	0.3433260	0.2936169	0.2878800	0.2326821	0.3557100	0.3105629	0.2763617
3232987616.8428426	0.1642383	0.1782426	0.2305161	0.3355457	0.1766170	0.2930074	0.2180491	0.2207430	0.2493558	0.3433409	0.2936159	0.2878675	0.2326965	0.3556884	0.3105707	0.2763542
3232987616.8527307	0.1642234	0.1782531	0.2305278	0.3355192	0.1766131	0.2930144	0.2180587	0.2207307	0.2493596	0.3433402	0.2936256	0.2878647	0.2326846	0.3557174	0.3105551	0.2763559
3232987616.8626189	0.1642125	0.1782490	0.2305295	0.3355328	0.1766085	0.2930210	0.2180373	0.2207242	0.2493421	0.3433181	0.2936082	0.2878788	0.2327097	0.3557089	0.3105794	0.2763545
3232987616.8725071	0.1642313	0.1782420	0.2305101	0.3355172	0.1766070	0.2930083	0.2180292	0.2207260	0.2493421	0.3433410	0.2936076	0.2878702	0.2326828	0.3557150	0.3105710	0.2763783
3232987616.8823953	0.1642352	0.1782724	0.2305296	0.3355238	0.1766169	0.2930134	0.2180412	0.2207410	0.2493431	0.3433413	0.2936244	0.2879032	0.2326971	0.3557002	0.3105498	0.2763467
3232987616.8922834	0.1642293	0.1782416	0.2305278	0.3355333	0.1766278	0.2930120	0.2180536	0.2207581	0.2493634	0.3433377	0.2936318	0.2878949	0.2326811	0.3557137	0.3105617	0.2763472
3232987616.9021702	0.1642379	0.1782522	0.2305355	0.3355232	0.1766157	0.2930094	0.2180490	0.2207447	0.2493411	0.3433442	0.2936100	0.2878721	0.2326857	0.3556990	0.3105685	0.2763650
3232987616.9120584	0.1642135	0.1782467	0.2305231	0.3355398	0.1766092	0.2930112	0.2180479	0.2207428	0.2493597	0.3433305	0.2936133	0.2878766	0.2326836	0.3556816	0.3105481	0.2763802
3232987616.9219465	0.1642223	0.1782579	0.2305190	0.3355283	0.1766251	0.2930167	0.2180650	0.2207325	0.2493530	0.3433351	0.2936075	0.2878725	0.2326793	0.3556811	0.3105582	0.2763625
3232987616.9318347	0.1642327	0.1782715	0.2305234	0.3355402	0.1766014	0.2930043	0.2180564	0.2207551	0.2493617	0.3433365	0.2936257	0.2878745	0.2326921	0.3556893	0.3105645	0.2763553
3232987616.9417229	0.1642173	0.1782338	0.2305319	0.3355336	0.1766082	0.2930128	0.2180470	0.2207272	0.2493611	0.3433525	0.2936107	0.2878756	0.2327079	0.3557022	0.3105655	0.2763710
3232987616.9516110	0.1642293	0.1782595	0.2305351	0.3355388	0.1766157	0.2930141	0.2180319	0.2207321	0.2493514	0.3433461	0.2936157	0.2878647	0.2326843	0.3556953	0.3105587	0.2763602
3232987616.9614992	0.1642297	0.1782546	0.2305166	0.3355064	0.1766010	0.2930026	0.2180346	0.2207484	0.2493450	0.3433434	0.2936116	0.2878837	0.2326949	0.3557035	0.3105421	0.2763530
3232987616.9713874	0.1642350	0.1782585	0.2305174	0.3355133	0.1766013	0.2930184	0.2180360	0.2207372	0.2493519	0.3433592	0.2936229	0.2878635	0.2326831	0.3556994	0.3105536	0.2763677
3232987616.9812756	0.1642229	0.1782518	0.2305309	0.3355384	0.1766142	0.2930060	0.2180282	0.2207170	0.2493386	0.3433407	0.2936208	0.2878789	0.2327007	0.3556942	0.3105666	0.2763594
3232987616.9911637	0.1642411	0.1782426	0.2305395	0.3355226	0.1766196	0.2930163	0.2180499	0.2207138	0.2493500	0.3433442	0.2936219	0.2878698	0.2326897	0.3556801	0.3105635	0.2763701
3232987617.0010500	0.1642142	0.1782475	0.2305177	0.3355298	0.1766069	0.2930109	0.2180534	0.2207275	0.2493664	0.3433400	0.2936144	0.2878820	0.2326842	0.3556889	0.3105529	0.2763604
3232987617.0109382	0.1642404	0.1782344	0.2305163	0.3355259	0.1766146	0.2929986	0.2180501	0.2207422	0.2493466	0.3433323	0.2936089	0.2878663	0.2326808	0.3556989	0.3105429	0.2763588
3232987617.0208263	0.1642370	0.1782507	0.2305200	0.3355395	0.1766038	0.2930170	0.2180309	0.2207344	0.2493383	0.3433388	0.2936039	0.2878825	0.2326997	0.3556933	0.3105497	0.2763722
3232987617.0307145	0.1642130	0.1782656	0.2305095	0.3355493	0.1765962	0.2929877	0.2180398	0.2207510	0.2493615	0.3433259	0.2936191	0.2878744	0.2326823	0.3557020	0.3105730	0.2763658
3232987617.0406027	0.1642238	0.1782512	0.2305247	0.3355179	0.1766257	0.2930191	0.2180410	0.2207483	0.2493528	0.3433430	0.2936092	0.2878816	0.2326823	0.3556915	0.3105568	0.2763640
3232987617.0504909	0.1642241	0.1782506	0.2305143	0.3355275	0.1766067	0.2930087	0.2180574	0.2207280	0.2493494	0.3433546	0.2936057	0.2878742	0.2326817	0.3556913	0.3105711	0.2763632
3232987617.0603790	0.1642400	0.1782533	0.2305156	0.3355076	0.1766133	0.2930258	0.2180593	0.2207392	0.2493525	0.3433454	0.2936095	0.2878695	0.2327074	0.3557000	0.3105650	0.2763638
3232987617.0702672	0.1642296	0.1782475	0.2305199	0.3355319	0.1766058	0.2930074	0.2180293	0.2207366	0.2493641	0.3433376	0.2936309	0.2878900	0.2326867	0.3557110	0.3105577	0.2763665
3232987617.0801554	0.1642203	0.1782399	0.2305218	0.3355328	0.1766159	0.2929956	0.2180308	0.2207346	0.2493527	0.3433407	0.2936145	0.2878641	0.2326875	0.3556948	0.3105748	0.2763582
3232987617.0900435	0.1642292	0.1782397	0.2305323	0.3354992	0.1766075	0.2930135	0.2180483	0.2207207	0.2493381	0.3433459	0.2936182	0.2878863	0.2326871	0.3556799	0.3105561	0.2763639
3232987617.0999303	0.1642218	0.1782393	0.2305236	0.3355302	0.1766190	0.2930111	0.2180575	0.2207123	0.2493574	0.3433400	0.2936063	0.2878901	0.2326941	0.3556997	0.3105594	0.2763632
3232987617.1098185	0.1642210	0.1782506	0.2305299	0.3355185	0.1766212	0.2930136	0.2180546	0.2207420	0.2493688	0.3433372	0.2936373	0.2878703	0.2326917	0.3556719	0.3105902	0.2763719
3232987617.1197066	0.1642293	0.1782613	0.2305026	0.3355195	0.1766272	0.2930063	0.2180443	0.2207272	0.2493698	0.3433574	0.2936250	0.2878939	0.2326977	0.3556988	0.3105537	0.2763649
3232987617.1295948	0.1642287	0.1782478	0.2305242	0.3355429	0.1766085	0.2930136	0.2180286	0.2207178	0.2493443	0.3433329	0.2936104	0.2878721	0.2326986	0.3556965	0.3105657	0.2763567
3232987617.1394830	0.1642226	0.1782672	0.2305055	0.3355194	0.1766067	0.2930285	0.2180345	0.2207219	0.2493373	0.3433353	0.2936198	0.2878670	0.2326880	0.3556821	0.3105437	0.2763342
3232987617.1493711	0.1642344	0.1782540	0.2305337	0.3355184	0.1766184	0.2930116	0.2180341	0.2207344	0.2493490	0.3433365	0.2936096	0.2878701	0.2326644	0.3556939	0.3105532	0.2763699
3232987617.1592593	0.1642150	0.1782558	0.2305125	0.3355283	0.1766207	0.2930311	0.2180232	0.2207461	0.2493599	0.3433337	0.2936166	0.2878818	0.2327010	0.3557088	0.3105509	0.2763738
3232987617.1691475	0.1642250	0.1782554	0.2305106	0.3355273	0.1766270	0.2930171	0.2180503	0.2207205	0.2493433	0.3433488	0.2936237	0.2878836	0.2326750	0.3556823	0.3105484	0.2763676
3232987617.1790357	0.1642199	0.1782571	0.2305128	0.3355143	0.1765979	0.2930101	0.2180375	0.2207444	0.2493456	0.3433290	0.2936199	0.2878718	0.2326842	0.3556889	0.3105528	0.2763611
3232987617.1889238	0.1642098	0.1782383	0.2304975	0.3355178	0.1765922	0.2929970	0.2180345	0.2207120	0.2493434	0.3433375	0.2936125	0.2878730	0.2326957	0.3557115	0.3105514	0.2763567
3232987617.1988101	0.1642130	0.1782633	0.2305121	0.3355195	0.1766038	0.2930215	0.2180388	0.2207317	0.2493471	0.3433422	0.2936119	0.2878704	0.2326719	0.3556848	0.3105549	0.2763373
3232987617.2086983	0.1642511	0.1782569	0.2305202	0.3355191	0.1766235	0.2929848	0.2180163	0.2207359	0.2493359	0.3433658	0.2936045	0.2878847	0.2326760	0.3556780	0.3105469	0.2763483
3232987617.2185864	0.1642120	0.1782580	0.2305302	0.3355327	0.1766141	0.2930203	0.2180438	0.2207297	0.2493453	0.3433295	0.2936158	0.2878732	0.2326965	0.3556898	0.3105416	0.2763624
3232987617.2284746	0.1642390	0.1782607	0.2305223	0.3355065	0.1765986	0.2929830	0.2180550	0.2207347	0.2493555	0.3433439	0.2935979	0.2878730	0.2326898	0.3556892	0.3105444	0.2763382
3232987617.2383628	0.1642218	0.1782571	0.2305103	0.3355266	0.1766022	0.2930217	0.2180274	0.2207281	0.2493239	0.3433324	0.2936207	0.2878921	0.2326893	0.3557093	0.3105468	0.2763417
3232987617.2482510	0.1642222	0.1782475	0.2305331	0.3355196	0.1766008	0.2930022	0.2180221	0.2207253	0.2493377	0.3433315	0.2936281	0.2878616	0.2326776	0.3556934	0.3105600	0.2763423
3232987617.2581391	0.1642263	0.1782526	0.2305240	0.3355466	0.1766100	0.2930011	0.2180411	0.2207197	0.2493619	0.3433382	0.2936108	0.2878737	0.2326780	0.3556905	0.3105621	0.2763413
3232987617.2680273	0.1642310	0.1782718	0.2305368	0.3355156	0.1766072	0.2930080	0.2180615	0.2207277	0.2493602	0.3433392	0.2936147	0.2878854	0.2326888	0.3556953	0.3105586	0.2763531
3232987617.2779155	0.1642018	0.1782240	0.2305340	0.3355174	0.1766148	0.2929938	0.2180420	0.2207235	0.2493592	0.3433227	0.2936237	0.2878599	0.2326824	0.3557030	0.3105517	0.2763526
3232987617.2878036	0.1642259	0.1782433	0.2305188	0.3355193	0.1765969	0.2930243	0.2180475	0.2207220	0.2493674	0.3433353	0.2936162	0.2878973	0.2326750	0.3556717	0.3105252	0.2763661
3232987617.2976899	0.1641964	0.1782527	0.2305177	0.3354934	0.1766095	0.2929878	0.2180340	0.2207196	0.2493448	0.3433354	0.2936143	0.2878777	0.2326612	0.3556939	0.3105732	0.2763678
3232987617.3075781	0.1642198	0.1782458	0.2305166	0.3355238	0.1766015	0.2930086	0.2180487	0.2207401	0.2493512	0.3433223	0.2936284	0.2878821	0.2326997	0.3556832	0.3105474	0.2763632
3232987617.3174663	0.1642238	0.1782570	0.2305345	0.3355245	0.1766142	0.2929968	0.2180446	0.2207245	0.2493504	0.3433292	0.2935893	0.2878765	0.2326710	0.3556819	0.3105456	0.2763714
3232987617.3273544	0.1642189	0.1782376	0.2305001	0.3355189	0.1766107	0.2930213	0.2180266	0.2207221	0.2493457	0.3433540	0.2936073	0.2878718	0.2326800	0.3556923	0.3105546	0.2763387
3232987617.3372426	0.1642221	0.1782525	0.2304978	0.3355202	0.1766111	0.2929954	0.2180261	0.2207281	0.2493481	0.3433265	0.2936227	0.2878591	0.2326745	0.3556882	0.3105531	0.2763584
3232987617.3471308	0.1641942	0.1782440	0.2305080	0.3355180	0.1766098	0.2930042	0.2180340	0.2207399	0.2493481	0.3433334	0.2936140	0.2878880	0.2326998	0.3556887	0.3105492	0.2763705
3232987617.3570189	0.1642082	0.1782434	0.2305091	0.3355456	0.1765943	0.2930028	0.2180210	0.2207232	0.2493539	0.3433449	0.2936063	0.2878716	0.2326816	0.3556837	0.3105491	0.2763560
3232987617.3669071	0.1642222	0.1782472	0.2305066	0.3355194	0.1765954	0.2930161	0.2180263	0.2207353	0.2493606	0.3433198	0.2936091	0.2878838	0.2326958	0.3556782	0.3105562	0.2763502
3232987617.3767953	0.1642245	0.1782499	0.2305121	0.3355019	0.1765987	0.2929943	0.2180441	0.2207359	0.2493394	0.3433344	0.2936167	0.2878849	0.2326866	0.3556795	0.3105441	0.2763565
3232987617.3866835	0.1642142	0.1782594	0.2304980	0.3355262	0.1766095	0.2929985	0.2180506	0.2207258	0.2493514	0.3433287	0.2936113	0.2878521	0.2327008	0.3556741	0.3105634	0.2763497
3232987617.3965702	0.1642280	0.1782441	0.2305089	0.3355366	0.1765918	0.2930031	0.2180330	0.2207256	0.2493330	0.3433397	0.2936106	0.2878782	0.2326565	0.3556916	0.3105463	0.2763554
3232987617.4064584	0.1642158	0.1782490	0.2305047	0.3355213	0.1766047	0.2930103	0.2180310	0.2207330	0.2493636	0.3433347	0.2935977	0.2878845	0.2326858	0.3556859	0.3105588	0.2763531
3232987617.4163465	0.1642255	0.1782460	0.2305323	0.3355307	0.1766179	0.2930120	0.2180327	0.2207259	0.2493453	0.3433523	0.2936348	0.2878576	0.2326833	0.3556793	0.3105332	0.2763543
3232987617.4262347	0.1642400	0.1782404	0.2305146	0.3355090	0.1766172	0.2929974	0.2180377	0.2207298	0.2493581	0.3433427	0.2936151	0.2878772	0.2326759	0.3556862	0.3105536	0.2763313
3232987617.4361229	0.1642187	0.1782741	0.2305077	0.3355197	0.1766179	0.2930055	0.2180304	0.2207156	0.2493475	0.3433339	0.2936257	0.2878765	0.2326915	0.3556798	0.3105567	0.2763480
3232987617.4460111	0.1642088	0.1782504	0.2305104	0.3355065	0.1766029	0.2930067	0.2180291	0.2207229	0.2493424	0.3433278	0.2936107	0.2878463	0.2326695	0.3556939	0.3105702	0.2763627
3232987617.4558992	0.1642355	0.1782504	0.2305019	0.3355156	0.1766051	0.2929913	0.2180292	0.2207437	0.2493563	0.3433174	0.2936034	0.2878651	0.2326846	0.3556795	0.3105682	0.2763595
3232987617.4657874	0.1642279	0.1782587	0.2305015	0.3355145	0.1766154	0.2930149	0.2180443	0.2207418	0.2493414	0.3433240	0.2936220	0.2878733	0.2326852	0.3556795	0.3105506	0.2763342
3232987617.4756756	0.1642271	0.1782682	0.2305271	0.3355018	0.1766219	0.2930010	0.2180415	0.2207215	0.2493395	0.3433302	0.2935938	0.2878792	0.2326957	0.3556579	0.3105587	0.2763467
3232987617.4855638	0.1642227	0.1782378	0.2305115	0.3355195	0.1766085	0.2930138	0.2180568	0.2207235	0.2493417	0.3433277	0.2936039	0.2878563	0.2326841	0.3556947	0.3105603	0.2763611
3232987617.4954500	0.1642242	0.1782560	0.2305057	0.3355250	0.1766050	0.2929986	0.2180206	0.2207204	0.2493526	0.3433314	0.2936098	0.2878666	0.2326869	0.3556858	0.3105552	0.2763586
3232987617.5053382	0.1642222	0.1782402	0.2304930	0.3355049	0.1766019	0.2930001	0.2180316	0.2207284	0.2493526	0.3433086	0.2936086	0.2878758	0.2326729	0.3556816	0.3105569	0.2763517
3232987617.5152264	0.1642261	0.1782399	0.2305004	0.3355036	0.1766045	0.2930061	0.2180467	0.2207349	0.2493288	0.3433173	0.2935945	0.2878649	0.2326953	0.3556549	0.3105431	0.2763567
3232987617.5251145	0.1642151	0.1782540	0.2305174	0.3355109	0.1766083	0.2930036	0.2180314	0.2207422	0.2493316	0.3433260	0.2936187	0.2878720	0.2326908	0.3556831	0.3105388	0.2763542
3232987617.5350027	0.1642189	0.1782465	0.2305089	0.3355164	0.1766085	0.2930135	0.2180299	0.2207299	0.2493422	0.3433158	0.2936127	0.2878588	0.2326891	0.3556804	0.3105592	0.2763483
3232987617.5448909	0.1642180	0.1782508	0.2304959	0.3355148	0.1766016	0.2930152	0.2180376	0.2207234	0.2493397	0.3433272	0.2936133	0.2878527	0.2326883	0.3556775	0.3105331	0.2763501
3232987617.5547791	0.1642288	0.1782467	0.2304897	0.3355041	0.1766007	0.2930115	0.2180219	0.2207020	0.2493417	0.3433206	0.2936069	0.2878694	0.2326756	0.3556598	0.3105429	0.2763370
3232987617.5646672	0.1642055	0.1782554	0.2305139	0.3355219	0.1765962	0.2930031	0.2180328	0.2207264	0.2493414	0.3433154	0.2936113	0.2878687	0.2327006	0.3556868	0.3105368	0.2763396
3232987617.5745554	0.1642375	0.1782419	0.2305068	0.3355139	0.1766083	0.2929752	0.2180426	0.2206959	0.2493474	0.3433290	0.2936067	0.2878716	0.2326795	0.3556826	0.3105656	0.2763314
3232987617.5844436	0.1642329	0.1782472	0.2305346	0.3355196	0.1766154	0.2929902	0.2180225	0.2207348	0.2493445	0.3433177	0.2936244	0.2878694	0.2326784	0.3556830	0.3105430	0.2763485
3232987617.5943303	0.1642278	0.1782329	0.2305087	0.3355203	0.1766048	0.2930093	0.2180290	0.2207360	0.2493465	0.3433381	0.2935980	0.2878649	0.2326811	0.3556640	0.3105423	0.2763401
3232987617.6042185	0.1642184	0.1782398	0.2305009	0.3355144	0.1766050	0.2929953	0.2180286	0.2207335	0.2493545	0.3433207	0.2936027	0.2878598	0.2326975	0.3556847	0.3105442	0.2763509
3232987617.6141067	0.1642318	0.1782466	0.2305146	0.3355041	0.1766166	0.2929923	0.2180578	0.2207142	0.2493565	0.3433202	0.2935945	0.2878661	0.2326784	0.3556831	0.3105339	0.2763358
3232987617.6239948	0.1642087	0.1782496	0.2305240	0.3355078	0.1766190	0.2929924	0.2180331	0.2207135	0.2493548	0.3433188	0.2936150	0.2878598	0.2326822	0.3556816	0.3105364	0.2763270
3232987617.6338830	0.1642204	0.1782471	0.2305157	0.3355043	0.1766255	0.2929974	0.2180399	0.2207203	0.2493463	0.3433191	0.2936090	0.2878576	0.2326885	0.3556677	0.3105651	0.2763528
3232987617.6437712	0.1642253	0.1782479	0.2305170	0.3354911	0.1766089	0.2929981	0.2180424	0.2207239	0.2493444	0.3433128	0.2936211	0.2878571	0.2326923	0.3556716	0.3105451	0.2763513
3232987617.6536593	0.1642310	0.1782465	0.2305211	0.3355060	0.1766077	0.2930194	0.2180426	0.2207359	0.2493420	0.3433215	0.2936144	0.2878506	0.2326720	0.3556593	0.3105556	0.2763239
3232987617.6635475	0.1642203	0.1782378	0.2304978	0.3354932	0.1766166	0.2929916	0.2180316	0.2207251	0.2493558	0.3433293	0.2936016	0.2878586	0.2326863	0.3556748	0.3105421	0.2763353
3232987617.6734357	0.1642117	0.1782374	0.2305147	0.3355236	0.1765979	0.2930010	0.2180217	0.2207235	0.2493562	0.3433109	0.2936029	0.2878432	0.2326957	0.3556678	0.3105465	0.2763185
3232987617.6833239	0.1642115	0.1782342	0.2305201	0.3355117	0.1766043	0.2929804	0.2180355	0.2207358	0.2493549	0.3433174	0.2936195	0.2878629	0.2326745	0.3556818	0.3105441	0.2763255
3232987617.6932101	0.1642180	0.1782484	0.2305127	0.3354986	0.1765898	0.2929965	0.2180587	0.2207348	0.2493497	0.3433197	0.2936118	0.2878636	0.2326830	0.3556537	0.3105500	0.2763401
3232987617.7030983	0.1642179	0.1782547	0.2305220	0.3355012	0.1765953	0.2930001	0.2180428	0.2207379	0.2493535	0.3433013	0.2936099	0.2878456	0.2326657	0.3556747	0.3105365	0.2763443
3232987617.7129865	0.1642239	0.1782476	0.2305081	0.3354887	0.1765934	0.2930030	0.2180455	0.2207227	0.2493510	0.3433069	0.2936222	0.2878450	0.2326904	0.3556669	0.3105431	0.2763464
3232987617.7228746	0.1642157	0.1782337	0.2305109	0.3354888	0.1766298	0.2929677	0.2180307	0.2207108	0.2493602	0.3433095	0.2936033	0.2878506	0.2326930	0.3556489	0.3105412	0.2763399
3232987617.7327628	0.1642397	0.1782408	0.2305118	0.3354986	0.1766273	0.2929891	0.2180433	0.2207254	0.2493272	0.3433128	0.2935998	0.2878662	0.2326736	0.3556492	0.3105501	0.2763302
3232987617.7426510	0.1642024	0.1782434	0.2305194	0.3355044	0.1766336	0.2929808	0.2180408	0.2207218	0.2493635	0.3432919	0.2936276	0.2878412	0.2326767	0.3556688	0.3105455	0.2763603
3232987617.7525392	0.1642238	0.1782600	0.2305144	0.3355026	0.1766145	0.2929886	0.2180351	0.2207172	0.2493567	0.3433383	0.2936040	0.2878522	0.2326855	0.3556579	0.3105512	0.2763348
3232987617.7624273	0.1642134	0.1782272	0.2305212	0.3355143	0.1766117	0.2929760	0.2180431	0.2207223	0.2493518	0.3432974	0.2936161	0.2878554	0.2326779	0.3556523	0.3105477	0.2763330
3232987617.7723155	0.1642279	0.1782366	0.2305082	0.3355113	0.1765873	0.2929843	0.2180305	0.2207143	0.2493539	0.3432942	0.2935966	0.2878456	0.2326962	0.3556427	0.3105534	0.2763219
3232987617.7822037	0.1642053	0.1782502	0.2304960	0.3354942	0.1766065	0.2929935	0.2180197	0.2207191	0.2493469	0.3433094	0.2936152	0.2878560	0.2326750	0.3556681	0.3105637	0.2763193
3232987617.7920899	0.1642289	0.1782359	0.2304999	0.3354927	0.1765979	0.2929777	0.2180398	0.2207188	0.2493695	0.3433129	0.2936107	0.2878674	0.2326741	0.3556650	0.3105570	0.2763233
3232987617.8019781	0.1642143	0.1782592	0.2305019	0.3354875	0.1766097	0.2929800	0.2180351	0.2207146	0.2493393	0.3433113	0.2936012	0.2878491	0.2326760	0.3556676	0.3105421	0.2763362
3232987617.8118663	0.1642151	0.1782287	0.2305038	0.3354920	0.1766174	0.2929966	0.2180126	0.2207191	0.2493392	0.3433073	0.2936099	0.2878518	0.2326682	0.3556756	0.3105371	0.2763260
3232987617.8217545	0.1642240	0.1782321	0.2304925	0.3354957	0.1766035	0.2929962	0.2180304	0.2207104	0.2493414	0.3432969	0.2936016	0.2878584	0.2326952	0.3556546	0.3105473	0.2763294
3232987617.8316426	0.1642299	0.1782299	0.2305183	0.3354904	0.1765911	0.2929831	0.2180237	0.2207295	0.2493502	0.3432845	0.2936018	0.2878519	0.2326690	0.3556451	0.3105449	0.2763291
3232987617.8415308	0.1642219	0.1782338	0.2305131	0.3354837	0.1765979	0.2929867	0.2180231	0.2207109	0.2493398	0.3433128	0.2936115	0.2878487	0.2326851	0.3556664	0.3105332	0.2763180
3232987617.8514190	0.1642114	0.1782463	0.2305195	0.3354914	0.1766060	0.2929892	0.2180402	0.2207234	0.2493522	0.3433078	0.2936008	0.2878416	0.2326905	0.3556540	0.3105448	0.2763259
3232987617.8613071	0.1642291	0.1782327	0.2304892	0.3354953	0.1766075	0.2929737	0.2180474	0.2207143	0.2493228	0.3432982	0.2936042	0.2878420	0.2326824	0.3556542	0.3105346	0.2763237
3232987617.8711953	0.1642209	0.1782249	0.2305149	0.3355022	0.1765975	0.2929866	0.2180394	0.2207179	0.2493503	0.3432692	0.2935863	0.2878464	0.2326850	0.3556571	0.3105348	0.2763165
3232987617.8810835	0.1642227	0.1782376	0.2304905	0.3354888	0.1765994	0.2929864	0.2180377	0.2207016	0.2493450	0.3432956	0.2936187	0.2878394	0.2326898	0.3556565	0.3105558	0.2763249
3232987617.8909702	0.1642174	0.1782473	0.2305033	0.3354961	0.1765967	0.2930004	0.2180324	0.2207192	0.2493373	0.3432953	0.2935993	0.2878278	0.2326876	0.3556512	0.3105383	0.2763307
3232987617.9008584	0.1642236	0.1782423	0.2305351	0.3355012	0.1765949	0.2929773	0.2180459	0.2207018	0.2493321	0.3433090	0.2935977	0.2878634	0.2326831	0.3556436	0.3105546	0.2763118
3232987617.9107466	0.1642183	0.1782531	0.2305110	0.3354958	0.1766162	0.2930049	0.2180337	0.2207198	0.2493345	0.3432870	0.2936055	0.2878329	0.2326934	0.3556626	0.3105408	0.2763141
3232987617.9206347	0.1642366	0.1782378	0.2305029	0.3355066	0.1766038	0.2929887	0.2180401	0.2207181	0.2493470	0.3432846	0.2935929	0.2878378	0.2326883	0.3556615	0.3105493	0.2763117
3232987617.9305229	0.1642051	0.1782293	0.2305055	0.3354874	0.1766041	0.2929651	0.2180134	0.2207112	0.2493397	0.3432825	0.2936110	0.2878245	0.2326861	0.3556668	0.3105459	0.2763136
3232987617.9404111	0.1642053	0.1782265	0.2305192	0.3355048	0.1766035	0.2929751	0.2180361	0.2206908	0.2493465	0.3433097	0.2936210	0.2878610	0.2326902	0.3556653	0.3105516	0.2763274
3232987617.9502993	0.1642274	0.1782229	0.2305025	0.3354899	0.1766165	0.2929697	0.2180415	0.2207072	0.2493316	0.3432952	0.2936026	0.2878264	0.2326736	0.3556617	0.3105268	0.2763426
3232987617.9601874	0.1642178	0.1782352	0.2305098	0.3354706	0.1766091	0.2929741	0.2180466	0.2207029	0.2493483	0.3433049	0.2935953	0.2878566	0.2326779	0.3556598	0.3105496	0.2763387
3232987617.9700756	0.1642331	0.1782349	0.2305050	0.3354982	0.1766109	0.2929746	0.2180103	0.2207089	0.2493419	0.3433064	0.2935864	0.2878408	0.2326734	0.3556588	0.3105468	0.2763351
3232987617.9799638	0.1642088	0.1782258	0.2305040	0.3354940	0.1765980	0.2929687	0.2180203	0.2206815	0.2493231	0.3433015	0.2936114	0.2878455	0.2326962	0.3556551	0.3105422	0.2763239
3232987617.9898500	0.1641982	0.1782354	0.2305024	0.3354742	0.1766013	0.2929672	0.2180324	0.2207028	0.2493474	0.3433009	0.2935990	0.2878476	0.2326777	0.3556592	0.3105304	0.2763299
3232987617.9997382	0.1642392	0.1782242	0.2305066	0.3354916	0.1766157	0.2929890	0.2180419	0.2207186	0.2493292	0.3432928	0.2936057	0.2878570	0.2326903	0.3556576	0.3105421	0.2763339
3232987618.0096264	0.1642143	0.1782397	0.2304960	0.3354866	0.1766029	0.2929614	0.2180391	0.2207019	0.2493295	0.3433013	0.2936010	0.2878494	0.2326573	0.3556559	0.3105425	0.2763302
3232987618.0195146	0.1642060	0.1782444	0.2305237	0.3354979	0.1766121	0.2929720	0.2180394	0.2207279	0.2493497	0.3432943	0.2936038	0.2878416	0.2326945	0.3556691	0.3105323	0.2763378
3232987618.0294027	0.1642243	0.1782370	0.2305226	0.3354962	0.1766131	0.2929880	0.2180233	0.2207128	0.2493578	0.3432809	0.2936007	0.2878406	0.2326712	0.3556555	0.3105448	0.2763238
3232987618.0392909	0.1642074	0.1782285	0.2304994	0.3354974	0.1765945	0.2929648	0.2180215	0.2206992	0.2493409	0.3432931	0.2936121	0.2878418	0.2326947	0.3556656	0.3105489	0.2763145
3232987618.0491791	0.1642077	0.1782478	0.2305030	0.3354811	0.1766244	0.2929789	0.2180428	0.2207075	0.2493352	0.3433016	0.2935981	0.2878393	0.2326931	0.3556553	0.3105454	0.2763220
3232987618.0590672	0.1642299	0.1782418	0.2305099	0.3354850	0.1766153	0.2929616	0.2180421	0.2207090	0.2493381	0.3433004	0.2936057	0.2878457	0.2326658	0.3556660	0.3105482	0.2763108
3232987618.0689554	0.1642254	0.1782379	0.2305285	0.3354836	0.1766232	0.2929616	0.2180315	0.2207246	0.2493501	0.3432926	0.2936080	0.2878405	0.2326795	0.3556460	0.3105534	0.2763268
3232987618.0788436	0.1642202	0.1782261	0.2305233	0.3354812	0.1765959	0.2929777	0.2180259	0.2207050	0.2493232	0.3432920	0.2936045	0.2878213	0.2326721	0.3556572	0.3105587	0.2763329
3232987618.0887303	0.1642050	0.1782418	0.2305092	0.3354975	0.1766023	0.2929750	0.2180344	0.2206979	0.2493422	0.3432932	0.2935929	0.2878468	0.2326918	0.3556422	0.3105451	0.2763243
3232987618.0986185	0.1642187	0.1782399	0.2305205	0.3354776	0.1765984	0.2929848	0.2180349	0.2206898	0.2493316	0.3432772	0.2936181	0.2878562	0.2326715	0.3556394	0.3105351	0.2763092
3232987618.1085067	0.1642430	0.1782178	0.2305114	0.3355017	0.1766042	0.2929704	0.2180469	0.2207015	0.2493380	0.3432954	0.2935927	0.2878428	0.2326977	0.3556483	0.3105504	0.2763332
3232987618.1183948	0.1642299	0.1782347	0.2305095	0.3354991	0.1766166	0.2929587	0.2180337	0.2207127	0.2493408	0.3433018	0.2936151	0.2878484	0.2326857	0.3556376	0.3105531	0.2763369
3232987618.1282830	0.1642232	0.1782302	0.2305171	0.3354728	0.1766042	0.2929904	0.2180395	0.2207094	0.2493530	0.3432844	0.2935923	0.2878391	0.2326775	0.3556372	0.3105362	0.2763112
3232987618.1381712	0.1642172	0.1782339	0.2305134	0.3354831	0.1766118	0.2929734	0.2180305	0.2207057	0.2493292	0.3432888	0.2936002	0.2878333	0.2326891	0.3556370	0.3105403	0.2763321
3232987618.1480594	0.1642061	0.1782270	0.2305102	0.3354673	0.1765983	0.2929445	0.2180146	0.2207184	0.2493307	0.3432873	0.2936056	0.2878500	0.2326973	0.3556293	0.3105451	0.2763276
3232987618.1579475	0.1642308	0.1782323	0.2305148	0.3354849	0.1766002	0.2929801	0.2180439	0.2207183	0.2493435	0.3433060	0.2936144	0.2878293	0.2326758	0.3556584	0.3105469	0.2763221
3232987618.1678357	0.1642050	0.1782277	0.2305287	0.3354894	0.1766041	0.2929787	0.2180325	0.2207024	0.2493205	0.3432936	0.2936061	0.2878472	0.2326688	0.3556498	0.3105331	0.2763093
3232987618.1777239	0.1642156	0.1782581	0.2305067	0.3354900	0.1766041	0.2929533	0.2180370	0.2206847	0.2493280	0.3433037	0.2935962	0.2878343	0.2326813	0.3556635	0.3105580	0.2763141
3232987618.1876101	0.1642116	0.1782211	0.2304879	0.3354961	0.1765997	0.2929735	0.2180341	0.2207008	0.2493324	0.3433000	0.2936017	0.2878506	0.2326830	0.3556346	0.3105501	0.2763020
3232987618.1974983	0.1642186	0.1782367	0.2305058	0.3354581	0.1766111	0.2929833	0.2180372	0.2207010	0.2493387	0.3433004	0.2935982	0.2878566	0.2326874	0.3556545	0.3105404	0.2763238
3232987618.2073865	0.1642086	0.1782196	0.2305006	0.3354818	0.1766049	0.2929874	0.2180332	0.2207090	0.2493454	0.3433037	0.2936119	0.2878334	0.2326752	0.3556450	0.3105279	0.2763278
3232987618.2172747	0.1642215	0.1782415	0.2305125	0.3354830	0.1765946	0.2929589	0.2180291	0.2207022	0.2493454	0.3432952	0.2936168	0.2878309	0.2326826	0.3556366	0.3105277	0.2763194
3232987618.2271628	0.1642225	0.1782231	0.2305129	0.3354829	0.1766216	0.2929610	0.2180472	0.2207064	0.2493220	0.3432773	0.2935991	0.2878367	0.2326654	0.3556346	0.3105478	0.2763116
3232987618.2370510	0.1642243	0.1782325	0.2305221	0.3354815	0.1765970	0.2929724	0.2180166	0.2207016	0.2493430	0.3433121	0.2935944	0.2878335	0.2326784	0.3556369	0.3105490	0.2763020
3232987618.2469392	0.1641995	0.1782301	0.2305100	0.3354929	0.1765797	0.2929615	0.2180143	0.2207192	0.2493485	0.3432801	0.2935905	0.2878182	0.2326688	0.3556333	0.3105416	0.2763182
3232987618.2568274	0.1642152	0.1782337	0.2305098	0.3354847	0.1765948	0.2929749	0.2180477	0.2206920	0.2493326	0.3432752	0.2935908	0.2878278	0.2326774	0.3556488	0.3105352	0.2763227
3232987618.2667155	0.1642166	0.1782360	0.2305137	0.3354857	0.1766104	0.2929686	0.2180253	0.2207019	0.2493452	0.3432867	0.2936151	0.2878457	0.2326726	0.3556527	0.3105449	0.2763086
3232987618.2766037	0.1642272	0.1782297	0.2305104	0.3354857	0.1766065	0.2929658	0.2180219	0.2206943	0.2493432	0.3432862	0.2936032	0.2878370	0.2326800	0.3556381	0.3105275	0.2763184
3232987618.2864900	0.1642075	0.1782148	0.2305060	0.3354808	0.1765972	0.2929775	0.2180361	0.2207151	0.2493462	0.3432739	0.2936076	0.2878294	0.2326834	0.3556267	0.3105555	0.2763149
3232987618.2963781	0.1642154	0.1782165	0.2305139	0.3354842	0.1766144	0.2929623	0.2180185	0.2206858	0.2493205	0.3432854	0.2936011	0.2878208	0.2326709	0.3556465	0.3105310	0.2763147
3232987618.3062663	0.1642147	0.1782267	0.2305111	0.3354853	0.1766084	0.2929675	0.2180349	0.2206948	0.2493430	0.3432842	0.2935940	0.2878350	0.2326563	0.3556273	0.3105370	0.2763207
3232987618.3161545	0.1642162	0.1782272	0.2304937	0.3354692	0.1765955	0.2929599	0.2180434	0.2206962	0.2493350	0.3432999	0.2936043	0.2878272	0.2326804	0.3556448	0.3105399	0.2763166
3232987618.3260426	0.1642208	0.1782257	0.2305231	0.3354802	0.1766073	0.2929623	0.2180157	0.2207036	0.2493384	0.3432810	0.2935893	0.2878379	0.2326848	0.3556357	0.3105272	0.2763204
3232987618.3359308	0.1642252	0.1782389	0.2305139	0.3354765	0.1766067	0.2929768	0.2180210	0.2207029	0.2493187	0.3432920	0.2935825	0.2878363	0.2326575	0.3556326	0.3105407	0.2763151
3232987618.3458190	0.1642162	0.1782164	0.2305093	0.3354802	0.1766063	0.2929712	0.2180454	0.2207000	0.2493251	0.3432765	0.2935962	0.2878232	0.2326697	0.3556080	0.3105460	0.2763309
3232987618.3557072	0.1642161	0.1782407	0.2305167	0.3354590	0.1766033	0.2929616	0.2180338	0.2206968	0.2493501	0.3432777	0.2936094	0.2878276	0.2326621	0.3556367	0.3105330	0.2763186
3232987618.3655953	0.1642104	0.1782342	0.2304972	0.3354766	0.1765896	0.2929712	0.2180331	0.2207046	0.2493290	0.3432793	0.2935840	0.2878278	0.2326817	0.3556386	0.3105381	0.2763178
3232987618.3754835	0.1642044	0.1782256	0.2305050	0.3354634	0.1766038	0.2929764	0.2180317	0.2206879	0.2493258	0.3432815	0.2935993	0.2878419	0.2326723	0.3556433	0.3105216	0.2762973
3232987618.3853703	0.1642049	0.1782244	0.2305174	0.3354637	0.1766022	0.2929684	0.2180284	0.2206893	0.2493460	0.3432891	0.2935959	0.2878134	0.2326719	0.3556456	0.3105095	0.2763086
3232987618.3952584	0.1642088	0.1782191	0.2305134	0.3354734	0.1766151	0.2929573	0.2180116	0.2207068	0.2493389	0.3432984	0.2935822	0.2878298	0.2326844	0.3556223	0.3105406	0.2763130
3232987618.4051466	0.1641992	0.1782166	0.2305130	0.3354679	0.1766023	0.2929658	0.2180297	0.2207057	0.2493401	0.3432750	0.2936037	0.2878307	0.2326824	0.3556314	0.3105404	0.2763086
3232987618.4150348	0.1642047	0.1782105	0.2305073	0.3354679	0.1765775	0.2929556	0.2180191	0.2207017	0.2493242	0.3432877	0.2935902	0.2878193	0.2326709	0.3556324	0.3105444	0.2763219
3232987618.4249229	0.1642170	0.1782308	0.2305071	0.3354814	0.1765911	0.2929531	0.2180167	0.2206930	0.2493551	0.3432963	0.2935791	0.2878296	0.2326717	0.3556389	0.3105322	0.2762986
3232987618.4348111	0.1642072	0.1781991	0.2305039	0.3354683	0.1765958	0.2929656	0.2180153	0.2206856	0.2493428	0.3432783	0.2935935	0.2878419	0.2326709	0.3556208	0.3105359	0.2763108
3232987618.4446993	0.1642364	0.1782329	0.2304948	0.3354621	0.1766034	0.2929778	0.2180357	0.2207049	0.2493339	0.3432790	0.2935933	0.2878130	0.2326732	0.3556252	0.3105357	0.2763057
3232987618.4545875	0.1641935	0.1782242	0.2305064	0.3354642	0.1765772	0.2929556	0.2180169	0.2206933	0.2493469	0.3432739	0.2935792	0.2878288	0.2326477	0.3556273	0.3105568	0.2763205
3232987618.4644756	0.1642091	0.1782167	0.2305110	0.3354680	0.1765929	0.2929604	0.2180384	0.2206859	0.2493282	0.3432703	0.2936027	0.2878232	0.2326730	0.3556296	0.3105339	0.2763157
3232987618.4743638	0.1642243	0.1782200	0.2304982	0.3354411	0.1766133	0.2929585	0.2180271	0.2206966	0.2493436	0.3432784	0.2935936	0.2878070	0.2326816	0.3556309	0.3105402	0.2763065
3232987618.4842501	0.1642287	0.1782227	0.2305202	0.3354664	0.1766047	0.2929402	0.2180251	0.2206819	0.2493360	0.3432728	0.2936103	0.2878076	0.2326683	0.3556346	0.3105283	0.2762971
3232987618.4941382	0.1642265	0.1782085	0.2305137	0.3354661	0.1765953	0.2929518	0.2180528	0.2206978	0.2493297	0.3432795	0.2935835	0.2878096	0.2326846	0.3556365	0.3105326	0.2763128
3232987618.5040264	0.1642179	0.1782180	0.2304996	0.3354562	0.1765850	0.2929551	0.2180266	0.2206801	0.2493347	0.3432519	0.2935950	0.2878209	0.2326766	0.3556257	0.3105386	0.2763115
3232987618.5139146	0.1642047	0.1782105	0.2304968	0.3354551	0.1765770	0.2929576	0.2180281	0.2207043	0.2493339	0.3432711	0.2935952	0.2878267	0.2326744	0.3556187	0.3105193	0.2763089
3232987618.5238028	0.1642070	0.1782247	0.2305107	0.3354683	0.1766056	0.2929447	0.2180180	0.2206846	0.2493205	0.3432590	0.2935941	0.2878126	0.2326560	0.3556460	0.3105207	0.2763096
3232987618.5336909	0.1642098	0.1782303	0.2304960	0.3354718	0.1765913	0.2929484	0.2180301	0.2207035	0.2493333	0.3432570	0.2935998	0.2878218	0.2326681	0.3556373	0.3105357	0.2762789
3232987618.5435791	0.1642063	0.1782257	0.2305010	0.3354454	0.1766053	0.2929596	0.2180171	0.2206997	0.2493271	0.3432694	0.2935925	0.2878098	0.2326667	0.3556337	0.3105245	0.2763006
3232987618.5534673	0.1642242	0.1782132	0.2305009	0.3354516	0.1765946	0.2929548	0.2180252	0.2206689	0.2493344	0.3432648	0.2936131	0.2878217	0.2326721	0.3556302	0.3105402	0.2762928
3232987618.5633554	0.1642180	0.1782125	0.2305013	0.3354567	0.1765887	0.2929541	0.2180160	0.2206925	0.2493389	0.3432853	0.2935872	0.2878050	0.2326890	0.3556382	0.3105292	0.2763081
3232987618.5732436	0.1642148	0.1782127	0.2305025	0.3354618	0.1765861	0.2929678	0.2180220	0.2207021	0.2493234	0.3432506	0.2935974	0.2878347	0.2326492	0.3556120	0.3105466	0.2762918
3232987618.5831299	0.1642080	0.1782261	0.2304957	0.3354663	0.1766010	0.2929263	0.2180337	0.2206853	0.2493458	0.3432798	0.2935846	0.2878131	0.2326669	0.3556346	0.3105543	0.2763129
3232987618.5930181	0.1642245	0.1782261	0.2304997	0.3354748	0.1765991	0.2929682	0.2180173	0.2206773	0.2493494	0.3432845	0.2935744	0.2878270	0.2326736	0.3556377	0.3105355	0.2762918
3232987618.6029062	0.1642031	0.1782278	0.2304971	0.3354573	0.1766029	0.2929484	0.2180374	0.2206902	0.2493431	0.3432675	0.2935867	0.2878290	0.2326765	0.3556340	0.3105188	0.2763020
3232987618.6127944	0.1642046	0.1782240	0.2304948	0.3354740	0.1765977	0.2929599	0.2180260	0.2206823	0.2493309	0.3432510	0.2936033	0.2878265	0.2326615	0.3556324	0.3105246	0.2763034
3232987618.6226826	0.1642280	0.1782111	0.2305007	0.3354418	0.1765940	0.2929478	0.2180101	0.2206731	0.2493219	0.3432609	0.2935836	0.2878065	0.2326567	0.3556352	0.3105137	0.2763167
3232987618.6325707	0.1642052	0.1782139	0.2305036	0.3354510	0.1765853	0.2929575	0.2180228	0.2206860	0.2493399	0.3432572	0.2935995	0.2878423	0.2326717	0.3556313	0.3105315	0.2763035
3232987618.6424589	0.1642260	0.1782167	0.2305055	0.3354618	0.1765993	0.2929442	0.2180288	0.2206669	0.2493300	0.3432624	0.2935893	0.2878259	0.2326706	0.3556262	0.3105457	0.2763200
3232987618.6523471	0.1642108	0.1782203	0.2305145	0.3354597	0.1765968	0.2929625	0.2180218	0.2206889	0.2493287	0.3432725	0.2935924	0.2878142	0.2326762	0.3556183	0.3105308	0.2763181
3232987618.6622353	0.1642273	0.1782103	0.2305059	0.3354825	0.1766056	0.2929558	0.2180363	0.2206812	0.2493432	0.3432479	0.2935924	0.2878072	0.2326647	0.3556409	0.3105389	0.2763140
3232987618.6721234	0.1642182	0.1782248	0.2305263	0.3354586	0.1766042	0.2929616	0.2180083	0.2206791	0.2493260	0.3432696	0.2935899	0.2878162	0.2326567	0.3556366	0.3105384	0.2763060
3232987618.6820102	0.1642258	0.1782164	0.2304947	0.3354575	0.1765957	0.2929498	0.2180325	0.2206871	0.2493394	0.3432757	0.2935768	0.2878191	0.2326711	0.3556212	0.3105204	0.2763129
3232987618.6918983	0.1641943	0.1782211	0.2305029	0.3354669	0.1766000	0.2929635	0.2180217	0.2206897	0.2493539	0.3432695	0.2935869	0.2878209	0.2326572	0.3556182	0.3105220	0.2763090
3232987618.7017865	0.1642087	0.1782298	0.2305211	0.3354595	0.1766034	0.2929549	0.2180273	0.2206821	0.2493292	0.3432732	0.2936022	0.2878139	0.2326509	0.3556225	0.3105280	0.2763245
3232987618.7116747	0.1642171	0.1782112	0.2304949	0.3354494	0.1765917	0.2929635	0.2180343	0.2206836	0.2493229	0.3432607	0.2935899	0.2878241	0.2326665	0.3556219	0.3105339	0.2763150
3232987618.7215629	0.1642165	0.1782057	0.2305028	0.3354523	0.1765998	0.2929469	0.2180107	0.2206898	0.2493204	0.3432836	0.2935777	0.2878266	0.2326822	0.3556217	0.3105349	0.2763103
3232987618.7314510	0.1642154	0.1782147	0.2304992	0.3354688	0.1766039	0.2929526	0.2180109	0.2206770	0.2493283	0.3432689	0.2935868	0.2878244	0.2326706	0.3556195	0.3105210	0.2763141
3232987618.7413392	0.1641951	0.1782138	0.2304983	0.3354725	0.1765880	0.2929488	0.2180453	0.2206961	0.2493158	0.3432751	0.2936013	0.2878219	0.2326650	0.3556306	0.3105437	0.2763124
3232987618.7512274	0.1642340	0.1782207	0.2305188	0.3354621	0.1766018	0.2929672	0.2180335	0.2207008	0.2493169	0.3432793	0.2935964	0.2878266	0.2326668	0.3556147	0.3105289	0.2762867
3232987618.7611155	0.1642012	0.1782037	0.2305056	0.3354777	0.1765950	0.2929355	0.2180208	0.2206960	0.2493205	0.3432740	0.2935926	0.2878095	0.2326581	0.3556331	0.3105124	0.2763019
3232987618.7710037	0.1642203	0.1782308	0.2305063	0.3354657	0.1766036	0.2929458	0.2180389	0.2206873	0.2493540	0.3432602	0.2935781	0.2878254	0.2326696	0.3556325	0.3105381	0.2762946
3232987618.7808900	0.1641980	0.1782119	0.2304807	0.3354659	0.1765782	0.2929522	0.2180103	0.2206891	0.2493241	0.3432759	0.2936047	0.2878193	0.2326698	0.3556297	0.3105350	0.2763028
3232987618.7907782	0.1641927	0.1782238	0.2305156	0.3354594	0.1765907	0.2929601	0.2179984	0.2206853	0.2493311	0.3432760	0.2935919	0.2878278	0.2326834	0.3555970	0.3105151	0.2763256
3232987618.8006663	0.1642127	0.1782103	0.2304988	0.3354532	0.1765901	0.2929619	0.2180309	0.2206945	0.2493518	0.3432752	0.2935829	0.2878082	0.2326597	0.3556332	0.3105378	0.2763146
3232987618.8105545	0.1642179	0.1782314	0.2304882	0.3354579	0.1765890	0.2929555	0.2180333	0.2206916	0.2493309	0.3432730	0.2935750	0.2878162	0.2326555	0.3556258	0.3105403	0.2763063
3232987618.8204427	0.1641970	0.1782312	0.2305024	0.3354574	0.1765926	0.2929372	0.2180167	0.2206906	0.2493449	0.3432668	0.2935972	0.2878253	0.2326939	0.3556454	0.3105355	0.2763216
3232987618.8303308	0.1642085	0.1782195	0.2304833	0.3354647	0.1765854	0.2929305	0.2180172	0.2206823	0.2493207	0.3432683	0.2935733	0.2878348	0.2326670	0.3556330	0.3105344	0.2763054
3232987618.8402190	0.1642153	0.1782293	0.2304937	0.3354805	0.1766030	0.2929519	0.2180255	0.2206929	0.2493311	0.3432611	0.2935758	0.2878146	0.2326627	0.3556296	0.3105481	0.2763021
3232987618.8501072	0.1642064	0.1782353	0.2305164	0.3354655	0.1766052	0.2929521	0.2180271	0.2206972	0.2493215	0.3432796	0.2935918	0.2878184	0.2326747	0.3556134	0.3105367	0.2763055
3232987618.8599954	0.1642156	0.1782257	0.2304913	0.3354715	0.1765987	0.2929599	0.2180176	0.2207008	0.2493306	0.3432793	0.2935772	0.2878163	0.2326704	0.3556313	0.3105237	0.2763045
3232987618.8698835	0.1642077	0.1782163	0.2304942	0.3354668	0.1765977	0.2929519	0.2179987	0.2206696	0.2493422	0.3432649	0.2935997	0.2878211	0.2326714	0.3556216	0.3105328	0.2763006
3232987618.8797703	0.1642081	0.1782487	0.2305098	0.3354594	0.1765909	0.2929572	0.2180143	0.2206971	0.2493491	0.3432708	0.2935753	0.2878172	0.2326808	0.3556468	0.3105358	0.2762974
3232987618.8896584	0.1642135	0.1782160	0.2304789	0.3354447	0.1765900	0.2929566	0.2180146	0.2206913	0.2493236	0.3432692	0.2935822	0.2878176	0.2326715	0.3556263	0.3105324	0.2762997
3232987618.8995466	0.1642054	0.1782366	0.2304879	0.3354745	0.1765928	0.2929380	0.2180214	0.2206926	0.2493457	0.3432625	0.2935820	0.2878275	0.2326700	0.3556301	0.3105531	0.2762937
3232987618.9094348	0.1642290	0.1782096	0.2305054	0.3354710	0.1765876	0.2929560	0.2180307	0.2206961	0.2493451	0.3432855	0.2935883	0.2878364	0.2326703	0.3556386	0.3105260	0.2763154
3232987618.9193230	0.1642233	0.1782310	0.2304927	0.3354777	0.1765994	0.2929649	0.2180238	0.2207070	0.2493309	0.3432537	0.2936019	0.2878166	0.2326578	0.3556293	0.3105303	0.2763080
3232987618.9292111	0.1642040	0.1782055	0.2305033	0.3354591	0.1765918	0.2929536	0.2180184	0.2206830	0.2493343	0.3432954	0.2935854	0.2878258	0.2326772	0.3556179	0.3105287	0.2763168
3232987618.9390993	0.1642026	0.1782245	0.2305079	0.3354801	0.1765910	0.2929717	0.2180243	0.2206713	0.2493321	0.3432667	0.2936115	0.2878185	0.2326924	0.3556219	0.3105285	0.2763171
3232987618.9489875	0.1642149	0.1782238	0.2305106	0.3354575	0.1765875	0.2929499	0.2180185	0.2206972	0.2493515	0.3432628	0.2935990	0.2878237	0.2326800	0.3556168	0.3105206	0.2763124
3232987618.9588757	0.1642263	0.1782267	0.2305089	0.3354551	0.1766031	0.2929562	0.2180306	0.2206816	0.2493320	0.3432842	0.2935892	0.2878219	0.2326654	0.3556467	0.3105404	0.2763216
3232987618.9687638	0.1642057	0.1782192	0.2305092	0.3354588	0.1765959	0.2929679	0.2180234	0.2206997	0.2493210	0.3432780	0.2936090	0.2878310	0.2326804	0.3556160	0.3105273	0.2763015
3232987618.9786501	0.1641882	0.1782275	0.2304926	0.3354649	0.1765981	0.2929719	0.2180211	0.2207031	0.2493451	0.3432801	0.2935886	0.2878109	0.2326728	0.3556356	0.3105361	0.2762998
3232987618.9885383	0.1642176	0.1782288	0.2305063	0.3354630	0.1765963	0.2929695	0.2180205	0.2206855	0.2493274	0.3432816	0.2935987	0.2878222	0.2326490	0.3556357	0.3105220	0.2762916
3232987618.9984264	0.1642240	0.1782256	0.2305196	0.3354621	0.1765956	0.2929447	0.2180056	0.2207157	0.2493359	0.3432792	0.2936044	0.2878309	0.2326585	0.3556464	0.3105385	0.2763164
3232987619.0083146	0.1642153	0.1782418	0.2305333	0.3354812	0.1765894	0.2929628	0.2180448	0.2206782	0.2493389	0.3432907	0.2935850	0.2878246	0.2326730	0.3556259	0.3105323	0.2762975
3232987619.0182028	0.1642179	0.1782332	0.2304995	0.3354750	0.1765892	0.2929712	0.2180257	0.2206774	0.2493357	0.3432806	0.2935978	0.2878214	0.2326775	0.3556368	0.3105208	0.2763001
3232987619.0280910	0.1641989	0.1782124	0.2305076	0.3354646	0.1766067	0.2929576	0.2180118	0.2206874	0.2493408	0.3432726	0.2935912	0.2878477	0.2326826	0.3556225	0.3105186	0.2763057
3232987619.0379791	0.1642160	0.1782196	0.2304972	0.3354806	0.1765985	0.2929470	0.2180101	0.2206955	0.2493435	0.3432834	0.2935852	0.2878242	0.2326411	0.3556419	0.3105311	0.2763119
3232987619.0478673	0.1642201	0.1782119	0.2304861	0.3354699	0.1765973	0.2929706	0.2180385	0.2207087	0.2493294	0.3432860	0.2936014	0.2878238	0.2326678	0.3556285	0.3105484	0.2763181
3232987619.0577555	0.1642117	0.1782440	0.2305039	0.3354527	0.1766231	0.2929705	0.2180184	0.2206722	0.2493322	0.3432714	0.2935854	0.2878194	0.2326848	0.3556321	0.3105395	0.2763245
3232987619.0676436	0.1642185	0.1782300	0.2305238	0.3355021	0.1765926	0.2929786	0.2180153	0.2206983	0.2493278	0.3432785	0.2936029	0.2878442	0.2326718	0.3556549	0.3105381	0.2763032
3232987619.0775299	0.1642011	0.1782235	0.2305056	0.3354882	0.1766022	0.2929521	0.2180458	0.2206879	0.2493248	0.3432774	0.2935964	0.2878328	0.2326650	0.3556337	0.3105233	0.2763135
3232987619.0874181	0.1642151	0.1782269	0.2305042	0.3354729	0.1765872	0.2929641	0.2180252	0.2207157	0.2493386	0.3432840	0.2935868	0.2878230	0.2326748	0.3556301	0.3105290	0.2763133
3232987619.0973062	0.1642093	0.1782266	0.2305075	0.3354713	0.1765928	0.2929603	0.2180404	0.2207095	0.2493299	0.3432849	0.2935835	0.2878304	0.2326754	0.3556443	0.3105316	0.2763046
3232987619.1071944	0.1642150	0.1782327	0.2304975	0.3354587	0.1765727	0.2929632	0.2180123	0.2206937	0.2493367	0.3432806	0.2936007	0.2878353	0.2326799	0.3556356	0.3105335	0.2763007
3232987619.1170826	0.1642350	0.1782339	0.2305128	0.3354866	0.1766064	0.2929669	0.2180301	0.2207176	0.2493309	0.3432906	0.2936063	0.2878257	0.2326808	0.3556464	0.3105162	0.2763134
3232987619.1269708	0.1642233	0.1782195	0.2305284	0.3354952	0.1766135	0.2929531	0.2180339	0.2207126	0.2493211	0.3432849	0.2935953	0.2878523	0.2326726	0.3556402	0.3105488	0.2763027
3232987619.1368589	0.1641987	0.1782085	0.2304783	0.3354813	0.1765919	0.2929494	0.2180377	0.2206938	0.2493280	0.3432966	0.2936044	0.2878208	0.2326787	0.3556532	0.3105469	0.2763125
3232987619.1467471	0.1642178	0.1782211	0.2305098	0.3354749	0.1765968	0.2929723	0.2180276	0.2206933	0.2493190	0.3432846	0.2935746	0.2878488	0.2326748	0.3556433	0.3105335	0.2762983
3232987619.1566353	0.1642030	0.1782225	0.2304738	0.3354765	0.1765977	0.2929739	0.2180086	0.2207061	0.2493298	0.3432947	0.2936262	0.2878589	0.2326710	0.3556595	0.3105162	0.2763063
3232987619.1665235	0.1642095	0.1782288	0.2305199	0.3354780	0.1765909	0.2929853	0.2180289	0.2206963	0.2493304	0.3433084	0.2936083	0.2878467	0.2326714	0.3556647	0.3105420	0.2763125
3232987619.1764102	0.1642245	0.1782371	0.2304995	0.3354818	0.1765988	0.2929874	0.2180396	0.2206843	0.2493293	0.3432860	0.2935855	0.2878272	0.2326783	0.3556483	0.3105328	0.2763274
3232987619.1862984	0.1642100	0.1782362	0.2305095	0.3354780	0.1765986	0.2929872	0.2180273	0.2206945	0.2493392	0.3432995	0.2935838	0.2878389	0.2326682	0.3556497	0.3105486	0.2763033
3232987619.1961865	0.1642092	0.1782322	0.2305105	0.3354845	0.1765951	0.2929618	0.2180529	0.2206985	0.2493323	0.3432926	0.2936036	0.2878229	0.2326544	0.3556509	0.3105379	0.2763266
3232987619.2060747	0.1642227	0.1782364	0.2304997	0.3354847	0.1765993	0.2929704	0.2180260	0.2207041	0.2493484	0.3432928	0.2935891	0.2878456	0.2326737	0.3556608	0.3105480	0.2763129
3232987619.2159629	0.1642120	0.1782540	0.2304939	0.3354886	0.1765976	0.2929778	0.2180415	0.2206938	0.2493341	0.3433007	0.2935866	0.2878510	0.2326792	0.3556338	0.3105307	0.2763318
3232987619.2258511	0.1642216	0.1782467	0.2305069	0.3354960	0.1766098	0.2929724	0.2180209	0.2207099	0.2493381	0.3432843	0.2936133	0.2878498	0.2326678	0.3556639	0.3105519	0.2763147
3232987619.2357392	0.1642045	0.1782266	0.2305124	0.3354836	0.1765954	0.2929711	0.2180234	0.2207182	0.2493273	0.3432832	0.2935843	0.2878356	0.2326743	0.3556451	0.3105516	0.2763291
3232987619.2456274	0.1642163	0.1782247	0.2305140	0.3354965	0.1765894	0.2929878	0.2180254	0.2206975	0.2493327	0.3432996	0.2936086	0.2878430	0.2326757	0.3556584	0.3105431	0.2763273
3232987619.2555156	0.1642198	0.1782298	0.2305024	0.3354793	0.1765910	0.2929530	0.2180199	0.2206848	0.2493354	0.3433088	0.2935894	0.2878439	0.2326790	0.3556447	0.3105331	0.2763190
3232987619.2654037	0.1642117	0.1782229	0.2305008	0.3354608	0.1765944	0.2929589	0.2180241	0.2207176	0.2493182	0.3432937	0.2935837	0.2878520	0.2326659	0.3556531	0.3105244	0.2763291
3232987619.2752900	0.1642258	0.1782436	0.2305004	0.3354757	0.1766059	0.2929693	0.2180274	0.2207175	0.2493364	0.3432946	0.2936150	0.2878330	0.2326886	0.3556471	0.3105342	0.2763417
3232987619.2851782	0.1642097	0.1782238	0.2305106	0.3354959	0.1766093	0.2929844	0.2180300	0.2207093	0.2493579	0.3432997	0.2936086	0.2878408	0.2326818	0.3556475	0.3105374	0.2763100
3232987619.2950664	0.1642171	0.1782408	0.2304931	0.3354830	0.1766099	0.2929878	0.2180305	0.2207087	0.2493457	0.3432739	0.2936005	0.2878240	0.2326706	0.3556407	0.3105380	0.2763248
3232987619.3049545	0.1641894	0.1782200	0.2305009	0.3355035	0.1766064	0.2929755	0.2180217	0.2207019	0.2493385	0.3432969	0.2935880	0.2878404	0.2326958	0.3556475	0.3105316	0.2763309
3232987619.3148427	0.1642267	0.1782250	0.2305124	0.3355001	0.1766069	0.2929630	0.2180239	0.2207073	0.2493370	0.3432955	0.2935984	0.2878235	0.2326944	0.3556396	0.3105391	0.2763308
3232987619.3247309	0.1642112	0.1782288	0.2305067	0.3354979	0.1766089	0.2930045	0.2180411	0.2207121	0.2493314	0.3432738	0.2936127	0.2878541	0.2326785	0.3556576	0.3105408	0.2763116
3232987619.3346190	0.1642250	0.1782303	0.2304913	0.3354883	0.1766006	0.2929611	0.2180327	0.2207111	0.2493474	0.3432846	0.2935849	0.2878588	0.2326734	0.3556570	0.3105207	0.2763351
3232987619.3445072	0.1642286	0.1782240	0.2305118	0.3354958	0.1765954	0.2929763	0.2180276	0.2207046	0.2493412	0.3432984	0.2935996	0.2878541	0.2326469	0.3556340	0.3105186	0.2763301
3232987619.3543954	0.1642255	0.1782252	0.2305029	0.3355037	0.1765953	0.2929774	0.2180265	0.2207131	0.2493452	0.3432972	0.2936011	0.2878429	0.2326745	0.3556590	0.3105325	0.2763424
3232987619.3642836	0.1642169	0.1782464	0.2305135	0.3354907	0.1765760	0.2929960	0.2180360	0.2206938	0.2493307	0.3432904	0.2936054	0.2878290	0.2326827	0.3556639	0.3105455	0.2763259
3232987619.3741703	0.1642184	0.1782463	0.2305191	0.3354944	0.1765842	0.2929681	0.2180463	0.2207156	0.2493412	0.3433034	0.2936092	0.2878257	0.2326927	0.3556490	0.3105250	0.2763319
3232987619.3840585	0.1642156	0.1782212	0.2305073	0.3354804	0.1766084	0.2929733	0.2180401	0.2207215	0.2493430	0.3432764	0.2936010	0.2878383	0.2326848	0.3556410	0.3105414	0.2763219
3232987619.3939466	0.1642128	0.1782342	0.2305060	0.3354792	0.1766073	0.2929867	0.2180216	0.2206843	0.2493383	0.3432897	0.2935973	0.2878521	0.2326721	0.3556476	0.3105487	0.2763108
3232987619.4038348	0.1642114	0.1782405	0.2304995	0.3354964	0.1766041	0.2929837	0.2180343	0.2207076	0.2493297	0.3432917	0.2935871	0.2878258	0.2326684	0.3556539	0.3105271	0.2763047
3232987619.4137230	0.1642165	0.1782429	0.2305040	0.3354766	0.1765935	0.2929771	0.2180363	0.2207030	0.2493326	0.3433048	0.2935921	0.2878376	0.2326776	0.3556493	0.3105335	0.2763485
3232987619.4236112	0.1642068	0.1782295	0.2305054	0.3354886	0.1765898	0.2929797	0.2180162	0.2207060	0.2493343	0.3432829	0.2935864	0.2878340	0.2326798	0.3556702	0.3105285	0.2763184
3232987619.4334993	0.1642351	0.1782332	0.2305227	0.3355036	0.1766096	0.2929706	0.2180448	0.2207085	0.2493306	0.3432904	0.2936034	0.2878690	0.2326855	0.3556513	0.3105424	0.2763283
3232987619.4433875	0.1642066	0.1782401	0.2305072	0.3355021	0.1766126	0.2929785	0.2180450	0.2207088	0.2493389	0.3432988	0.2936002	0.2878283	0.2326825	0.3556698	0.3105478	0.2763285
3232987619.4532757	0.1642347	0.1782333	0.2304989	0.3354840	0.1765875	0.2929713	0.2180428	0.2207253	0.2493280	0.3432965	0.2935967	0.2878255	0.2326766	0.3556430	0.3105450	0.2763531
3232987619.4631639	0.1642060	0.1782180	0.2305090	0.3354941	0.1765865	0.2929592	0.2180356	0.2207091	0.2493358	0.3432973	0.2935754	0.2878387	0.2326735	0.3556707	0.3105379	0.2763070
3232987619.4730501	0.1642182	0.1782105	0.2305078	0.3354766	0.1765864	0.2929882	0.2180351	0.2207093	0.2493544	0.3433148	0.2936112	0.2878234	0.2326727	0.3556632	0.3105425	0.2763291
3232987619.4829383	0.1642137	0.1782416	0.2305160	0.3354902	0.1766091	0.2929581	0.2180471	0.2206930	0.2493483	0.3432922	0.2935991	0.2878366	0.2326590	0.3556653	0.3105338	0.2763090
3232987619.4928265	0.1642229	0.1782261	0.2305030	0.3355004	0.1765801	0.2929729	0.2180416	0.2206909	0.2493372	0.3432968	0.2936061	0.2878586	0.2326958	0.3556436	0.3105430	0.2763316
3232987619.5027146	0.1642039	0.1782419	0.2305057	0.3354708	0.1766099	0.2929820	0.2180254	0.2207239	0.2493414	0.3432957	0.2936044	0.2878249	0.2326977	0.3556438	0.3105306	0.2763312
3232987619.5126028	0.1642024	0.1782233	0.2305134	0.3354890	0.1765914	0.2929676	0.2180170	0.2207061	0.2493296	0.3433059	0.2935867	0.2878389	0.2326852	0.3556416	0.3105363	0.2763279
3232987619.5224910	0.1642180	0.1782413	0.2305256	0.3354928	0.1765979	0.2929849	0.2180271	0.2207001	0.2493300	0.3432892	0.2935872	0.2878393	0.2326784	0.3556540	0.3105248	0.2763195
3232987619.5323791	0.1642376	0.1782292	0.2305062	0.3354791	0.1765950	0.2929544	0.2180260	0.2206976	0.2493401	0.3432875	0.2936041	0.2878412	0.2326761	0.3556378	0.3105288	0.2763183
3232987619.5422673	0.1642191	0.1782315	0.2305040	0.3355031	0.1766201	0.2929616	0.2180299	0.2207227	0.2493433	0.3432880	0.2936050	0.2878424	0.2326902	0.3556464	0.3105340	0.2763443
3232987619.5521555	0.1642437	0.1782219	0.2305241	0.3354737	0.1766126	0.2929974	0.2180388	0.2207267	0.2493440	0.3433014	0.2935950	0.2878523	0.2326836	0.3556446	0.3105436	0.2763101
3232987619.5620437	0.1642330	0.1782339	0.2304864	0.3354933	0.1766120	0.2929728	0.2180368	0.2207188	0.2493205	0.3432887	0.2936035	0.2878290	0.2326799	0.3556441	0.3105359	0.2763398
3232987619.5719299	0.1642206	0.1782297	0.2304975	0.3354873	0.1765955	0.2929849	0.2180421	0.2207186	0.2493500	0.3433113	0.2935872	0.2878289	0.2326546	0.3556426	0.3105279	0.2763202
3232987619.5818181	0.1641951	0.1782315	0.2305103	0.3354971	0.1766095	0.2929819	0.2180310	0.2207027	0.2493388	0.3432760	0.2936113	0.2878533	0.2326729	0.3556513	0.3105468	0.2763135
3232987619.5917063	0.1641997	0.1782483	0.2305054	0.3354913	0.1766071	0.2929874	0.2180304	0.2207216	0.2493561	0.3433025	0.2936007	0.2878397	0.2326761	0.3556454	0.3105422	0.2763140
3232987619.6015944	0.1642159	0.1782351	0.2304966	0.3354962	0.1766161	0.2929875	0.2180374	0.2207012	0.2493415	0.3432922	0.2936125	0.2878474	0.2326740	0.3556483	0.3105424	0.2763247
3232987619.6114826	0.1642351	0.1782390	0.2305190	0.3354919	0.1766142	0.2929879	0.2180361	0.2207095	0.2493412	0.3432824	0.2935841	0.2878287	0.2326916	0.3556276	0.3105319	0.2763250
3232987619.6213708	0.1642305	0.1782299	0.2305060	0.3354787	0.1765899	0.2929710	0.2180283	0.2207163	0.2493423	0.3432987	0.2936126	0.2878341	0.2326778	0.3556488	0.3105574	0.2763316
3232987619.6312590	0.1642314	0.1782420	0.2305124	0.3354827	0.1766074	0.2929569	0.2180343	0.2207129	0.2493358	0.3432993	0.2935941	0.2878391	0.2326782	0.3556547	0.3105407	0.2763035
3232987619.6411471	0.1642361	0.1782300	0.2305012	0.3354887	0.1766054	0.2929920	0.2180295	0.2207049	0.2493384	0.3432951	0.2936155	0.2878346	0.2326912	0.3556478	0.3105427	0.2763303
3232987619.6510353	0.1642303	0.1782488	0.2305287	0.3354901	0.1766179	0.2929775	0.2180474	0.2207203	0.2493384	0.3432940	0.2936104	0.2878368	0.2326719	0.3556515	0.3105498	0.2763422
3232987619.6609235	0.1642167	0.1782425	0.2305137	0.3354935	0.1766142	0.2929674	0.2180336	0.2207070	0.2493468	0.3432925	0.2936162	0.2878452	0.2326658	0.3556457	0.3105425	0.2763202
3232987619.6708102	0.1642189	0.1782411	0.2305193	0.3354884	0.1766133	0.2929768	0.2180366	0.2207172	0.2493426	0.3432889	0.2935897	0.2878507	0.2326708	0.3556785	0.3105591	0.2763373
3232987619.6806984	0.1642197	0.1782287	0.2305187	0.3354778	0.1765866	0.2929604	0.2180412	0.2207153	0.2493544	0.3432973	0.2936122	0.2878367	0.2326881	0.3556528	0.3105375	0.2763362
3232987619.6905866	0.1642230	0.1782386	0.2305070	0.3354951	0.1765968	0.2929743	0.2180292	0.2207098	0.2493517	0.3433106	0.2936060	0.2878227	0.2326918	0.3556479	0.3105576	0.2763166
3232987619.7004747	0.1642308	0.1782457	0.2305104	0.3354817	0.1766089	0.2929743	0.2180568	0.2207109	0.2493565	0.3433078	0.2936079	0.2878578	0.2326989	0.3556352	0.3105549	0.2763430
3232987619.7103629	0.1642326	0.1782219	0.2305173	0.3354921	0.1765918	0.2929803	0.2180576	0.2206991	0.2493503	0.3432794	0.2936103	0.2878355	0.2326785	0.3556685	0.3105462	0.2763292
3232987619.7202511	0.1642217	0.1782450	0.2305045	0.3354999	0.1765981	0.2929811	0.2180438	0.2207150	0.2493300	0.3432911	0.2936036	0.2878202	0.2326707	0.3556485	0.3105257	0.2763178
3232987619.7301393	0.1642182	0.1782371	0.2305084	0.3354905	0.1766029	0.2929726	0.2180241	0.2207117	0.2493551	0.3432992	0.2936021	0.2878406	0.2326751	0.3556638	0.3105468	0.2763043
3232987619.7400274	0.1642246	0.1782415	0.2305256	0.3354980	0.1766195	0.2929728	0.2180296	0.2207002	0.2493272	0.3432958	0.2936129	0.2878492	0.2326655	0.3556457	0.3105550	0.2763327
3232987619.7499156	0.1642196	0.1782226	0.2305213	0.3354813	0.1766250	0.2929849	0.2180389	0.2207133	0.2493537	0.3433123	0.2936271	0.2878386	0.2326632	0.3556515	0.3105690	0.2763108
3232987619.7598038	0.1642236	0.1782358	0.2304948	0.3354911	0.1766086	0.2929642	0.2180623	0.2207027	0.2493456	0.3433040	0.2936158	0.2878360	0.2327040	0.3556484	0.3105497	0.2763211
3232987619.7696900	0.1642292	0.1782389	0.2304909	0.3354791	0.1765971	0.2929695	0.2180472	0.2207060	0.2493539	0.3433002	0.2936195	0.2878345	0.2326763	0.3556437	0.3105555	0.2763120
3232987619.7795782	0.1642384	0.1782450	0.2305125	0.3354950	0.1766003	0.2929721	0.2180428	0.2206990	0.2493602	0.3433135	0.2936073	0.2878398	0.2326671	0.3556510	0.3105465	0.2763301
3232987619.7894664	0.1642321	0.1782213	0.2305165	0.3354879	0.1766096	0.2929754	0.2180383	0.2206887	0.2493407	0.3433025	0.2936103	0.2878455	0.2326823	0.3556551	0.3105679	0.2763188
3232987619.7993546	0.1642213	0.1782280	0.2305164	0.3354975	0.1766200	0.2929855	0.2180341	0.2206901	0.2493413	0.3433121	0.2936090	0.2878387	0.2326560	0.3556753	0.3105611	0.2763130
3232987619.8092427	0.1642306	0.1782550	0.2305124	0.3354782	0.1766232	0.2929773	0.2180349	0.2207112	0.2493582	0.3432990	0.2935964	0.2878402	0.2326922	0.3556544	0.3105611	0.2763284
3232987619.8191309	0.1642125	0.1782426	0.2305236	0.3354977	0.1766135	0.2929644	0.2180453	0.2207071	0.2493574	0.3433014	0.2936143	0.2878495	0.2326848	0.3556386	0.3105604	0.2763510
3232987619.8290191	0.1642429	0.1782233	0.2305207	0.3354840	0.1766004	0.2929906	0.2180474	0.2206988	0.2493466	0.3432735	0.2936223	0.2878413	0.2326742	0.3556704	0.3105492	0.2763424
3232987619.8389072	0.1642333	0.1782358	0.2305169	0.3354851	0.1766251	0.2929759	0.2180241	0.2207224	0.2493467	0.3433004	0.2935934	0.2878427	0.2326948	0.3556464	0.3105479	0.2763366
3232987619.8487954	0.1642246	0.1782258	0.2305279	0.3355034	0.1766072	0.2929842	0.2180322	0.2207120	0.2493509	0.3432915	0.2936015	0.2878441	0.2327012	0.3556609	0.3105442	0.2763231
3232987619.8586836	0.1642560	0.1782446	0.2305020	0.3354936	0.1766078	0.2929875	0.2180511	0.2207129	0.2493626	0.3433022	0.2936274	0.2878480	0.2326858	0.3556442	0.3105625	0.2763263
3232987619.8685703	0.1642449	0.1782465	0.2305073	0.3355005	0.1766153	0.2929954	0.2180572	0.2207212	0.2493465	0.3432952	0.2936074	0.2878392	0.2326855	0.3556588	0.3105511	0.2763323
3232987619.8784585	0.1642191	0.1782294	0.2305248	0.3355024	0.1765915	0.2929868	0.2180405	0.2207102	0.2493560	0.3433204	0.2936039	0.2878402	0.2326708	0.3556695	0.3105593	0.2763176
3232987619.8883467	0.1642211	0.1782388	0.2305179	0.3355099	0.1766038	0.2929796	0.2180331	0.2207235	0.2493671	0.3433037	0.2935970	0.2878472	0.2326902	0.3556537	0.3105505	0.2763360
3232987619.8982348	0.1642300	0.1782238	0.2305075	0.3354849	0.1766141	0.2929913	0.2180294	0.2206972	0.2493451	0.3433164	0.2936286	0.2878382	0.2326757	0.3556547	0.3105534	0.2763523
3232987619.9081230	0.1642353	0.1782397	0.2305154	0.3354820	0.1766149	0.2929961	0.2180427	0.2207063	0.2493315	0.3433076	0.2936011	0.2878503	0.2326696	0.3556618	0.3105485	0.2763342
3232987619.9180112	0.1642137	0.1782403	0.2305365	0.3355167	0.1766184	0.2929737	0.2180486	0.2207121	0.2493525	0.3433082	0.2936037	0.2878317	0.2326853	0.3556738	0.3105455	0.2763448
3232987619.9278994	0.1642334	0.1782247	0.2305123	0.3354967	0.1766213	0.2929921	0.2180317	0.2207080	0.2493655	0.3433051	0.2936182	0.2878465	0.2326778	0.3556570	0.3105477	0.2763253
3232987619.9377875	0.1642290	0.1782254	0.2305123	0.3354913	0.1766007	0.2929864	0.2180439	0.2207202	0.2493444	0.3433027	0.2935869	0.2878424	0.2326749	0.3556533	0.3105618	0.2763403
3232987619.9476757	0.1642161	0.1782509	0.2305121	0.3355019	0.1766012	0.2929847	0.2180411	0.2207272	0.2493611	0.3432906	0.2936323	0.2878577	0.2326875	0.3556830	0.3105527	0.2763120
3232987619.9575639	0.1642190	0.1782368	0.2305092	0.3355019	0.1766151	0.2929737	0.2180455	0.2207250	0.2493290	0.3433123	0.2936080	0.2878485	0.2326869	0.3556597	0.3105664	0.2763353
3232987619.9674501	0.1642400	0.1782517	0.2305194	0.3354998	0.1766086	0.2929871	0.2180583	0.2207059	0.2493573	0.3433207	0.2936052	0.2878483	0.2326924	0.3556718	0.3105562	0.2763233
3232987619.9773383	0.1642235	0.1782315	0.2305199	0.3354965	0.1765965	0.2930060	0.2180566	0.2207154	0.2493450	0.3433104	0.2936176	0.2878510	0.2327005	0.3556570	0.3105542	0.2763321
3232987619.9872265	0.1642203	0.1782418	0.2305304	0.3354974	0.1766092	0.2929981	0.2180360	0.2207176	0.2493449	0.3433056	0.2936005	0.2878614	0.2326884	0.3556652	0.3105519	0.2763348
3232987619.9971147	0.1642335	0.1782189	0.2305032	0.3354895	0.1766209	0.2929792	0.2180313	0.2207159	0.2493522	0.3433157	0.2936308	0.2878431	0.2326794	0.3556608	0.3105523	0.2763402
3232987620.0070028	0.1642130	0.1782454	0.2305118	0.3355063	0.1766101	0.2929907	0.2180480	0.2207103	0.2493499	0.3433252	0.2936100	0.2878589	0.2326957	0.3556690	0.3105487	0.2763521
3232987620.0168910	0.1642174	0.1782366	0.2305248	0.3355008	0.1766239	0.2929840	0.2180407	0.2207045	0.2493498	0.3433148	0.2935974	0.2878587	0.2326964	0.3556641	0.3105454	0.2763484
3232987620.0267792	0.1642338	0.1782525	0.2305186	0.3355019	0.1766088	0.2930066	0.2180638	0.2207213	0.2493622	0.3433015	0.2936131	0.2878560	0.2327038	0.3556735	0.3105365	0.2763410
3232987620.0366673	0.1642216	0.1782528	0.2305097	0.3354999	0.1766021	0.2929936	0.2180482	0.2207136	0.2493573	0.3433268	0.2936204	0.2878536	0.2326703	0.3556686	0.3105584	0.2763368
3232987620.0465555	0.1642319	0.1782508	0.2305223	0.3355120	0.1766012	0.2929991	0.2180392	0.2207129	0.2493408	0.3433114	0.2935960	0.2878602	0.2326679	0.3556654	0.3105470	0.2763591
3232987620.0564437	0.1642150	0.1782318	0.2305245	0.3355186	0.1765961	0.2929846	0.2180235	0.2207321	0.2493413	0.3433171	0.2936059	0.2878533	0.2326813	0.3556795	0.3105449	0.2763432
3232987620.0663300	0.1642267	0.1782373	0.2305215	0.3355020	0.1766097	0.2929895	0.2180613	0.2207300	0.2493459	0.3433211	0.2935928	0.2878645	0.2326873	0.3556832	0.3105696	0.2763397
3232987620.0762181	0.1642428	0.1782529	0.2305136	0.3355029	0.1766106	0.2929789	0.2180487	0.2207192	0.2493560	0.3433215	0.2936159	0.2878869	0.2326945	0.3556747	0.3105672	0.2763497
3232987620.0861063	0.1642163	0.1782638	0.2305304	0.3355032	0.1766117	0.2929906	0.2180508	0.2207205	0.2493521	0.3433387	0.2936259	0.2878509	0.2327092	0.3556753	0.3105531	0.2763518
3232987620.0959945	0.1642245	0.1782414	0.2305315	0.3354983	0.1766099	0.2929959	0.2180471	0.2207159	0.2493591	0.3433275	0.2936072	0.2878654	0.2326838	0.3556813	0.3105650	0.2763404
3232987620.1058826	0.1642108	0.1782330	0.2305188	0.3355168	0.1765996	0.2929967	0.2180352	0.2207269	0.2493510	0.3433469	0.2936230	0.2878684	0.2326728	0.3556577	0.3105558	0.2763525
3232987620.1157708	0.1642365	0.1782610	0.2305080	0.3355251	0.1766094	0.2930030	0.2180217	0.2207374	0.2493536	0.3433157	0.2936002	0.2878575	0.2326894	0.3556874	0.3105674	0.2763568
3232987620.1256590	0.1642405	0.1782564	0.2305169	0.3355146	0.1766271	0.2929866	0.2180525	0.2207232	0.2493379	0.3433236	0.2936104	0.2878732	0.2326959	0.3556754	0.3105498	0.2763587
3232987620.1355472	0.1641963	0.1782435	0.2305235	0.3355228	0.1765956	0.2930029	0.2180454	0.2207235	0.2493573	0.3433228	0.2936079	0.2878755	0.2326863	0.3556807	0.3105606	0.2763433
3232987620.1454353	0.1642314	0.1782329	0.2305102	0.3355049	0.1766160	0.2929992	0.2180561	0.2207135	0.2493492	0.3433345	0.2936301	0.2878543	0.2326983	0.3556776	0.3105555	0.2763429
3232987620.1553235	0.1642278	0.1782518	0.2305044	0.3355122	0.1766047	0.2930085	0.2180445	0.2207241	0.2493585	0.3433191	0.2936132	0.2878636	0.2326906	0.3556904	0.3105604	0.2763595
3232987620.1652102	0.1642271	0.1782548	0.2305114	0.3355080	0.1765964	0.2929944	0.2180528	0.2207138	0.2493573	0.3433208	0.2936081	0.2878727	0.2326794	0.3556584	0.3105445	0.2763364
3232987620.1750984	0.1642257	0.1782525	0.2305175	0.3355020	0.1765962	0.2929916	0.2180375	0.2207180	0.2493532	0.3433251	0.2936118	0.2878623	0.2326995	0.3556846	0.3105493	0.2763574
3232987620.1849866	0.1642484	0.1782522	0.2305055	0.3355038	0.1766364	0.2929979	0.2180507	0.2206993	0.2493678	0.3433207	0.2936102	0.2878734	0.2327024	0.3556802	0.3105636	0.2763525
3232987620.1948748	0.1642240	0.1782596	0.2305055	0.3354954	0.1766035	0.2929885	0.2180447	0.2207337	0.2493572	0.3433191	0.2936193	0.2878736	0.2326974	0.3556810	0.3105626	0.2763524
3232987620.2047629	0.1642325	0.1782387	0.2305044	0.3355101	0.1766073	0.2930017	0.2180327	0.2207242	0.2493540	0.3433289	0.2935861	0.2878672	0.2326909	0.3556834	0.3105409	0.2763617
3232987620.2146511	0.1642119	0.1782355	0.2305233	0.3355327	0.1766061	0.2929952	0.2180350	0.2207318	0.2493447	0.3433224	0.2936108	0.2878848	0.2326841	0.3556838	0.3105558	0.2763600
3232987620.2245393	0.1642290	0.1782353	0.2305092	0.3355196	0.1766224	0.2930118	0.2180477	0.2207231	0.2493524	0.3433136	0.2936056	0.2878690	0.2326900	0.3556774	0.3105549	0.2763650
3232987620.2344274	0.1642189	0.1782470	0.2305225	0.3355293	0.1766209	0.2930153	0.2180600	0.2207317	0.2493423	0.3433296	0.2936000	0.2878482	0.2326843	0.3556892	0.3105553	0.2763517
3232987620.2443156	0.1642428	0.1782416	0.2305089	0.3355212	0.1766145	0.2929984	0.2180509	0.2207172	0.2493481	0.3433359	0.2936129	0.2878700	0.2326853	0.3556858	0.3105521	0.2763271
3232987620.2542038	0.1642204	0.1782644	0.2305244	0.3355212	0.1765997	0.2929854	0.2180541	0.2207468	0.2493386	0.3433337	0.2936032	0.2878517	0.2326962	0.3556765	0.3105452	0.2763636
3232987620.2640901	0.1642025	0.1782336	0.2305165	0.3355306	0.1765837	0.2930175	0.2180322	0.2207272	0.2493571	0.3433260	0.2935982	0.2878692	0.2326812	0.3556806	0.3105634	0.2763445
3232987620.2739782	0.1642127	0.1782415	0.2305109	0.3355045	0.1766031	0.2929897	0.2180440	0.2207217	0.2493437	0.3433271	0.2935997	0.2878644	0.2326874	0.3556998	0.3105472	0.2763578
3232987620.2838664	0.1642249	0.1782617	0.2305330	0.3355035	0.1766211	0.2930078	0.2180584	0.2206954	0.2493705	0.3433381	0.2936098	0.2878674	0.2327009	0.3556995	0.3105602	0.2763357
3232987620.2937546	0.1642205	0.1782430	0.2305258	0.3355132	0.1766090	0.2930075	0.2180546	0.2207270	0.2493609	0.3433269	0.2936036	0.2878770	0.2326865	0.3556800	0.3105591	0.2763760
3232987620.3036427	0.1642162	0.1782669	0.2305066	0.3355167	0.1766101	0.2930199	0.2180267	0.2207281	0.2493400	0.3433397	0.2935936	0.2878748	0.2326735	0.3556795	0.3105455	0.2763673
3232987620.3135309	0.1642212	0.1782436	0.2305282	0.3355113	0.1766015	0.2930050	0.2180479	0.2207393	0.2493415	0.3433363	0.2936087	0.2878714	0.2326899	0.3556977	0.3105277	0.2763550
3232987620.3234191	0.1642191	0.1782615	0.2305232	0.3355158	0.1766009	0.2930000	0.2180329	0.2207175	0.2493501	0.3433249	0.2936187	0.2878730	0.2326860	0.3556945	0.3105564	0.2763502
3232987620.3333073	0.1642326	0.1782410	0.2305245	0.3355176	0.1766142	0.2930069	0.2180497	0.2207109	0.2493541	0.3433271	0.2936278	0.2878715	0.2326801	0.3556961	0.3105449	0.2763302
3232987620.3431954	0.1642268	0.1782662	0.2305205	0.3355223	0.1766085	0.2930102	0.2180330	0.2207261	0.2493630	0.3433167	0.2936035	0.2878897	0.2326811	0.3556836	0.3105459	0.2763338
3232987620.3530836	0.1642219	0.1782466	0.2305164	0.3355220	0.1766014	0.2930054	0.2180354	0.2207269	0.2493496	0.3433361	0.2936248	0.2878870	0.2326894	0.3556911	0.3105587	0.2763612
3232987620.3629699	0.1642135	0.1782646	0.2305232	0.3355111	0.1766186	0.2930192	0.2180344	0.2207312	0.2493333	0.3433605	0.2935967	0.2878797	0.2326810	0.3556809	0.3105376	0.2763609
3232987620.3728580	0.1642077	0.1782456	0.2305112	0.3355049	0.1765966	0.2930051	0.2180384	0.2207338	0.2493471	0.3433415	0.2936128	0.2878648	0.2326916	0.3556877	0.3105502	0.2763537
3232987620.3827462	0.1642201	0.1782473	0.2305117	0.3355279	0.1765973	0.2930079	0.2180355	0.2207250	0.2493581	0.3433357	0.2936164	0.2878789	0.2326664	0.3556953	0.3105534	0.2763590
3232987620.3926344	0.1642319	0.1782692	0.2305066	0.3355243	0.1766141	0.2929928	0.2180352	0.2207223	0.2493624	0.3433421	0.2936150	0.2878943	0.2326902	0.3557032	0.3105580	0.2763756
3232987620.4025226	0.1642404	0.1782697	0.2305148	0.3355083	0.1766027	0.2929977	0.2180410	0.2207357	0.2493328	0.3433334	0.2935936	0.2878724	0.2326756	0.3556938	0.3105496	0.2763469
3232987620.4124107	0.1642067	0.1782426	0.2305120	0.3355294	0.1766086	0.2930184	0.2180324	0.2207239	0.2493533	0.3433345	0.2936079	0.2878719	0.2326924	0.3556915	0.3105644	0.2763519
3232987620.4222989	0.1642128	0.1782368	0.2305035	0.3355115	0.1766076	0.2930083	0.2180390	0.2207241	0.2493406	0.3433439	0.2936073	0.2878753	0.2326862	0.3556893	0.3105667	0.2763720
3232987620.4321871	0.1642139	0.1782464	0.2305117	0.3355087	0.1765954	0.2930124	0.2180278	0.2207218	0.2493400	0.3433240	0.2936082	0.2878745	0.2326748	0.3556878	0.3105390	0.2763695
3232987620.4420753	0.1642221	0.1782523	0.2305122	0.3355231	0.1766152	0.2930029	0.2180441	0.2207410	0.2493403	0.3433200	0.2936090	0.2878629	0.2326754	0.3556737	0.3105317	0.2763575
3232987620.4519634	0.1642297	0.1782402	0.2305234	0.3355133	0.1766055	0.2929973	0.2180331	0.2207351	0.2493266	0.3433340	0.2936104	0.2878731	0.2326859	0.3556924	0.3105400	0.2763688
3232987620.4618502	0.1642263	0.1782485	0.2305229	0.3355082	0.1765942	0.2930089	0.2180537	0.2207444	0.2493308	0.3433346	0.2936054	0.2878854	0.2326662	0.3556905	0.3105350	0.2763635
3232987620.4717383	0.1642153	0.1782477	0.2304984	0.3355257	0.1765982	0.2929875	0.2180413	0.2207215	0.2493395	0.3433342	0.2936175	0.2878743	0.2326681	0.3556737	0.3105453	0.2763581
3232987620.4816265	0.1642071	0.1782492	0.2305058	0.3354963	0.1765883	0.2930195	0.2180430	0.2207334	0.2493454	0.3433303	0.2936185	0.2878697	0.2326692	0.3556981	0.3105718	0.2763587
3232987620.4915147	0.1642427	0.1782608	0.2305156	0.3355208	0.1765902	0.2930008	0.2180470	0.2207398	0.2493355	0.3433409	0.2936076	0.2878846	0.2326766	0.3556827	0.3105657	0.2763548
3232987620.5014029	0.1642274	0.1782554	0.2305187	0.3355328	0.1765980	0.2929965	0.2180244	0.2207321	0.2493530	0.3433446	0.2936110	0.2878833	0.2326953	0.3556939	0.3105327	0.2763668
3232987620.5112910	0.1642262	0.1782535	0.2305033	0.3355134	0.1766013	0.2930292	0.2180218	0.2207289	0.2493421	0.3433237	0.2936067	0.2878758	0.2326967	0.3556906	0.3105631	0.2763495
3232987620.5211792	0.1642176	0.1782676	0.2305190	0.3355229	0.1765970	0.2929998	0.2180504	0.2207281	0.2493312	0.3433416	0.2935948	0.2878831	0.2326735	0.3557040	0.3105490	0.2763545
3232987620.5310674	0.1642203	0.1782582	0.2304985	0.3355128	0.1766055	0.2929982	0.2180411	0.2207237	0.2493536	0.3433508	0.2936101	0.2878753	0.2326932	0.3556996	0.3105346	0.2763536
3232987620.5409555	0.1642316	0.1782586	0.2305078	0.3355160	0.1766000	0.2930124	0.2180277	0.2207190	0.2493389	0.3433451	0.2936209	0.2878845	0.2326897	0.3556840	0.3105394	0.2763576
3232987620.5508437	0.1642247	0.1782491	0.2305202	0.3355310	0.1766046	0.2930228	0.2180411	0.2207341	0.2493500	0.3433378	0.2936096	0.2878655	0.2326894	0.3556933	0.3105536	0.2763517
3232987620.5607300	0.1642318	0.1782460	0.2305212	0.3355426	0.1766107	0.2930073	0.2180369	0.2207221	0.2493478	0.3433353	0.2936074	0.2878777	0.2326878	0.3556994	0.3105533	0.2763710
3232987620.5706182	0.1642246	0.1782531	0.2305031	0.3355290	0.1766096	0.2929979	0.2180339	0.2207252	0.2493405	0.3433606	0.2936077	0.2878847	0.2326631	0.3557037	0.3105460	0.2763570
3232987620.5805063	0.1642169	0.1782488	0.2305227	0.3355218	0.1766027	0.2929991	0.2180440	0.2207345	0.2493561	0.3433308	0.2936023	0.2878675	0.2326735	0.3556945	0.3105467	0.2763685
3232987620.5903945	0.1642204	0.1782476	0.2305235	0.3355300	0.1766025	0.2930136	0.2180359	0.2207282	0.2493356	0.3433366	0.2936051	0.2878725	0.2326737	0.3556933	0.3105632	0.2763547
3232987620.6002827	0.1642271	0.1782649	0.2305118	0.3355254	0.1766139	0.2930037	0.2180383	0.2207361	0.2493660	0.3433524	0.2935943	0.2878783	0.2326899	0.3557037	0.3105245	0.2763786
3232987620.6101708	0.1642282	0.1782285	0.2304892	0.3355327	0.1766049	0.2930123	0.2180410	0.2207307	0.2493602	0.3433460	0.2936020	0.2878849	0.2326959	0.3557047	0.3105626	0.2763728
3232987620.6200590	0.1642129	0.1782465	0.2304912	0.3355431	0.1766049	0.2930004	0.2180540	0.2207299	0.2493460	0.3433450	0.2936161	0.2878793	0.2326950	0.3557006	0.3105538	0.2763603
3232987620.6299472	0.1642216	0.1782424	0.2305338	0.3355287	0.1766095	0.2930028	0.2180516	0.2207228	0.2493537	0.3433547	0.2936154	0.2878853	0.2326882	0.3557033	0.3105553	0.2763641
3232987620.6398354	0.1642092	0.1782481	0.2305097	0.3355328	0.1766052	0.2929897	0.2180426	0.2207311	0.2493420	0.3433502	0.2936057	0.2878778	0.2326844	0.3556876	0.3105377	0.2763702
3232987620.6497235	0.1642137	0.1782368	0.2305121	0.3355114	0.1765949	0.2930145	0.2180481	0.2207346	0.2493440	0.3433414	0.2936074	0.2878662	0.2326912	0.3556847	0.3105567	0.2763764
3232987620.6596103	0.1642183	0.1782562	0.2305074	0.3355170	0.1766166	0.2930070	0.2180380	0.2207452	0.2493479	0.3433357	0.2936285	0.2878818	0.2326895	0.3556771	0.3105463	0.2763665
3232987620.6694984	0.1642232	0.1782606	0.2305148	0.3355139	0.1766076	0.2930047	0.2180377	0.2207278	0.2493569	0.3433550	0.2936050	0.2878785	0.2327065	0.3556948	0.3105563	0.2763564
3232987620.6793866	0.1642232	0.1782324	0.2305251	0.3355310	0.1766145	0.2930132	0.2180419	0.2207266	0.2493463	0.3433318	0.2936142	0.2878780	0.2326786	0.3556931	0.3105314	0.2763600
3232987620.6892748	0.1642276	0.1782403	0.2305027	0.3355131	0.1765974	0.2930125	0.2180261	0.2207271	0.2493519	0.3433275	0.2936038	0.2878720	0.2326820	0.3556948	0.3105563	0.2763751
3232987620.6991630	0.1642104	0.1782397	0.2305227	0.3355299	0.1766109	0.2930130	0.2180371	0.2207284	0.2493303	0.3433469	0.2936066	0.2878787	0.2327055	0.3556914	0.3105491	0.2763877
3232987620.7090511	0.1642190	0.1782462	0.2305295	0.3355231	0.1765937	0.2930207	0.2180456	0.2207395	0.2493497	0.3433513	0.2935937	0.2878697	0.2326866	0.3556958	0.3105489	0.2763424
3232987620.7189393	0.1642222	0.1782481	0.2304925	0.3355303	0.1766079	0.2930131	0.2180432	0.2207311	0.2493633	0.3433354	0.2936112	0.2878656	0.2326894	0.3557004	0.3105702	0.2763626
3232987620.7288275	0.1642382	0.1782570	0.2305302	0.3355087	0.1765961	0.2930252	0.2180458	0.2207297	0.2493512	0.3433370	0.2936149	0.2878933	0.2326978	0.3557039	0.3105461	0.2763599
3232987620.7387156	0.1642230	0.1782562	0.2305050	0.3355410	0.1766229	0.2930081	0.2180289	0.2207247	0.2493380	0.3433403	0.2936137	0.2878704	0.2326696	0.3556907	0.3105468	0.2763449
3232987620.7486038	0.1642168	0.1782483	0.2305038	0.3355150	0.1766080	0.2930180	0.2180226	0.2207351	0.2493397	0.3433270	0.2936175	0.2878915	0.2326804	0.3557074	0.3105617	0.2763443
3232987620.7584901	0.1642141	0.1782571	0.2305217	0.3355397	0.1766076	0.2930061	0.2180184	0.2207296	0.2493631	0.3433463	0.2936228	0.2878975	0.2327035	0.3556876	0.3105653	0.2763627
3232987620.7683783	0.1642130	0.1782590	0.2305165	0.3355279	0.1766020	0.2930175	0.2180467	0.2207431	0.2493399	0.3433319	0.2936029	0.2878700	0.2326762	0.3557211	0.3105653	0.2763497
3232987620.7782664	0.1642162	0.1782558	0.2305268	0.3355220	0.1766178	0.2930214	0.2180369	0.2207137	0.2493350	0.3433402	0.2936056	0.2878774	0.2326985	0.3556681	0.3105608	0.2763712
3232987620.7881546	0.1642158	0.1782438	0.2305359	0.3355221	0.1765829	0.2930229	0.2180413	0.2207356	0.2493500	0.3433396	0.2936335	0.2878877	0.2326920	0.3557073	0.3105638	0.2763519
3232987620.7980428	0.1642189	0.1782524	0.2305203	0.3355221	0.1766160	0.2930034	0.2180223	0.2207251	0.2493700	0.3433455	0.2936126	0.2878880	0.2326769	0.3556978	0.3105493	0.2763606
3232987620.8079309	0.1642210	0.1782614	0.2305033	0.3355224	0.1766043	0.2930078	0.2180387	0.2207354	0.2493614	0.3433348	0.2936039	0.2878785	0.2327006	0.3557033	0.3105560	0.2763528
3232987620.8178191	0.1642304	0.1782439	0.2305031	0.3355257	0.1766148	0.2930129	0.2180042	0.2207229	0.2493547	0.3433335	0.2936131	0.2878782	0.2326987	0.3557084	0.3105547	0.2763630
3232987620.8277073	0.1642448	0.1782593	0.2305030	0.3355272	0.1766096	0.2930102	0.2180355	0.2207407	0.2493626	0.3433362	0.2936098	0.2878665	0.2326876	0.3556978	0.3105687	0.2763666
3232987620.8375955	0.1642070	0.1782481	0.2305119	0.3355350	0.1766177	0.2930268	0.2180281	0.2207198	0.2493482	0.3433384	0.2936096	0.2878772	0.2326850	0.3556943	0.3105706	0.2763584
3232987620.8474836	0.1642204	0.1782564	0.2305187	0.3355222	0.1766158	0.2930018	0.2180402	0.2207366	0.2493620	0.3433310	0.2936132	0.2878786	0.2326869	0.3557081	0.3105681	0.2763640
3232987620.8573699	0.1642325	0.1782512	0.2305212	0.3355211	0.1766208	0.2930316	0.2180635	0.2207210	0.2493535	0.3433495	0.2936087	0.2878643	0.2326990	0.3556964	0.3105475	0.2763488
3232987620.8672581	0.1642208	0.1782676	0.2305233	0.3355257	0.1766071	0.2929993	0.2180347	0.2207245	0.2493621	0.3433362	0.2936116	0.2878832	0.2326727	0.3556995	0.3105581	0.2763505
3232987620.8771462	0.1642290	0.1782531	0.2305201	0.3355224	0.1766017	0.2930147	0.2180492	0.2207422	0.2493415	0.3433499	0.2936073	0.2878821	0.2326964	0.3556909	0.3105480	0.2763482
3232987620.8870344	0.1642313	0.1782753	0.2305239	0.3355295	0.1766146	0.2929983	0.2180414	0.2207322	0.2493500	0.3433317	0.2935970	0.2878791	0.2326853	0.3557032	0.3105491	0.2763478
3232987620.8969226	0.1642160	0.1782517	0.2305230	0.3355229	0.1766158	0.2930059	0.2180361	0.2207287	0.2493498	0.3433398	0.2935881	0.2878720	0.2326935	0.3556891	0.3105518	0.2763416
3232987620.9068108	0.1642264	0.1782517	0.2304912	0.3355184	0.1766057	0.2930113	0.2180398	0.2207476	0.2493387	0.3433534	0.2936190	0.2878608	0.2326702	0.3556879	0.3105680	0.2763624
3232987620.9166989	0.1642220	0.1782404	0.2305247	0.3355239	0.1766008	0.2930017	0.2180525	0.2207315	0.2493716	0.3433444	0.2936008	0.2878557	0.2326948	0.3556837	0.3105400	0.2763695
3232987620.9265871	0.1642328	0.1782676	0.2305162	0.3355258	0.1766168	0.2930090	0.2180532	0.2207440	0.2493451	0.3433380	0.2936013	0.2878767	0.2326765	0.3556996	0.3105571	0.2763723
3232987620.9364753	0.1642463	0.1782568	0.2305095	0.3355132	0.1766180	0.2930025	0.2180558	0.2207340	0.2493645	0.3433395	0.2936106	0.2878922	0.2326889	0.3556971	0.3105633	0.2763735
3232987620.9463634	0.1642223	0.1782492	0.2305214	0.3355257	0.1766159	0.2930223	0.2180262	0.2207267	0.2493553	0.3433388	0.2936130	0.2878661	0.2326826	0.3557075	0.3105371	0.2763437
3232987620.9562502	0.1642218	0.1782617	0.2305026	0.3355229	0.1766088	0.2930239	0.2180325	0.2207278	0.2493592	0.3433522	0.2936123	0.2878750	0.2327046	0.3556914	0.3105564	0.2763476
3232987620.9661384	0.1642246	0.1782581	0.2305113	0.3355269	0.1765998	0.2930063	0.2180342	0.2207255	0.2493455	0.3433503	0.2936083	0.2878698	0.2326837	0.3556915	0.3105383	0.2763543
3232987620.9760265	0.1642178	0.1782440	0.2305315	0.3355158	0.1766054	0.2930034	0.2180343	0.2207147	0.2493478	0.3433291	0.2936156	0.2878916	0.2326873	0.3556865	0.3105520	0.2763425
3232987620.9859147	0.1642199	0.1782510	0.2305058	0.3355229	0.1765953	0.2930295	0.2180437	0.2207319	0.2493869	0.3433453	0.2936195	0.2878637	0.2326843	0.3556811	0.3105623	0.2763484
3232987620.9958029	0.1642443	0.1782464	0.2304932	0.3355273	0.1766019	0.2929999	0.2180339	0.2207289	0.2493322	0.3433344	0.2936152	0.2878850	0.2326845	0.3556970	0.3105578	0.2763505
3232987621.0056910	0.1642268	0.1782507	0.2305140	0.3355365	0.1766103	0.2929938	0.2180163	0.2207221	0.2493569	0.3433331	0.2936079	0.2878630	0.2326792	0.3556963	0.3105683	0.2763647
3232987621.0155792	0.1642320	0.1782275	0.2305217	0.3355251	0.1766055	0.2930204	0.2180444	0.2207303	0.2493697	0.3433455	0.2936042	0.2878785	0.2327048	0.3556915	0.3105564	0.2763615
3232987621.0254674	0.1642426	0.1782603	0.2305199	0.3355182	0.1766103	0.2930039	0.2180459	0.2207199	0.2493484	0.3433290	0.2936090	0.2878703	0.2326964	0.3556995	0.3105524	0.2763484
3232987621.0353556	0.1642367	0.1782493	0.2305295	0.3355201	0.1766146	0.2930165	0.2180418	0.2207134	0.2493488	0.3433280	0.2936167	0.2878652	0.2326938	0.3556973	0.3105508	0.2763574
3232987621.0452437	0.1642041	0.1782586	0.2305154	0.3355288	0.1765964	0.2930012	0.2180600	0.2207249	0.2493552	0.3433335	0.2935964	0.2878817	0.2326952	0.3557002	0.3105496	0.2763513
3232987621.0551300	0.1642151	0.1782455	0.2305139	0.3355266	0.1765839	0.2930048	0.2180511	0.2207230	0.2493485	0.3433380	0.2935966	0.2878666	0.2327057	0.3556826	0.3105580	0.2763519
3232987621.0650182	0.1642072	0.1782578	0.2305146	0.3355372	0.1766019	0.2930051	0.2180346	0.2207298	0.2493536	0.3433461	0.2936123	0.2878678	0.2326958	0.3556929	0.3105573	0.2763573
3232987621.0749063	0.1642380	0.1782502	0.2305155	0.3355211	0.1766202	0.2929896	0.2180312	0.2207290	0.2493689	0.3433372	0.2936018	0.2878610	0.2327062	0.3556973	0.3105653	0.2763758
3232987621.0847945	0.1642142	0.1782601	0.2305290	0.3355276	0.1766188	0.2930086	0.2180196	0.2207398	0.2493438	0.3433338	0.2936024	0.2878723	0.2326831	0.3557003	0.3105769	0.2763440
3232987621.0946827	0.1642201	0.1782388	0.2305073	0.3355121	0.1765924	0.2930276	0.2180392	0.2207247	0.2493323	0.3433566	0.2936303	0.2878753	0.2326854	0.3556945	0.3105653	0.2763322
3232987621.1045709	0.1642365	0.1782473	0.2305213	0.3355244	0.1766105	0.2929995	0.2180446	0.2207305	0.2493481	0.3433398	0.2936193	0.2878706	0.2326604	0.3556900	0.3105556	0.2763637
3232987621.1144590	0.1642173	0.1782536	0.2305164	0.3354973	0.1765980	0.2930002	0.2180302	0.2207146	0.2493434	0.3433176	0.2936089	0.2878882	0.2326792	0.3556853	0.3105480	0.2763666
3232987621.1243472	0.1642267	0.1782638	0.2305270	0.3355058	0.1766022	0.2929912	0.2180342	0.2207213	0.2493611	0.3433143	0.2936167	0.2878704	0.2326727	0.3556854	0.3105376	0.2763448
3232987621.1342354	0.1642314	0.1782445	0.2305133	0.3355212	0.1766047	0.2930285	0.2180465	0.2207177	0.2493608	0.3433485	0.2936094	0.2878723	0.2326861	0.3557046	0.3105486	0.2763427
3232987621.1441236	0.1642245	0.1782462	0.2305132	0.3355164	0.1765958	0.2929868	0.2180450	0.2207360	0.2493622	0.3433393	0.2936249	0.2878637	0.2326967	0.3556876	0.3105493	0.2763773
3232987621.1540103	0.1642187	0.1782598	0.2305298	0.3355047	0.1765958	0.2929917	0.2180434	0.2207318	0.2493659	0.3433245	0.2936187	0.2878574	0.2326901	0.3556797	0.3105645	0.2763636
3232987621.1638985	0.1642129	0.1782581	0.2305142	0.3355129	0.1766140	0.2929931	0.2180306	0.2207336	0.2493579	0.3433284	0.2936078	0.2878708	0.2326857	0.3556818	0.3105271	0.2763500
3232987621.1737866	0.1642258	0.1782359	0.2305171	0.3355172	0.1766117	0.2929921	0.2180403	0.2207109	0.2493518	0.3433407	0.2936269	0.2878808	0.2327036	0.3556799	0.3105756	0.2763493
3232987621.1836748	0.1642310	0.1782413	0.2305126	0.3355144	0.1766040	0.2929990	0.2180500	0.2207427	0.2493482	0.3433374	0.2936086	0.2878518	0.2326951	0.3556816	0.3105504	0.2763611
3232987621.1935630	0.1642340	0.1782517	0.2305326	0.3355232	0.1766058	0.2930180	0.2180369	0.2207328	0.2493629	0.3433419	0.2936181	0.2878643	0.2326997	0.3556710	0.3105680	0.2763558
3232987621.2034512	0.1642187	0.1782483	0.2305224	0.3354987	0.1766066	0.2929939	0.2180369	0.2207102	0.2493677	0.3433289	0.2936231	0.2878759	0.2326988	0.3556983	0.3105481	0.2763578
3232987621.2133393	0.1642205	0.1782470	0.2305130	0.3355068	0.1766036	0.2929952	0.2180355	0.2207314	0.2493536	0.3433281	0.2936118	0.2878800	0.2326771	0.3556853	0.3105403	0.2763601
3232987621.2232275	0.1642242	0.1782406	0.2305301	0.3355260	0.1766078	0.2930021	0.2180231	0.2207099	0.2493563	0.3433539	0.2936276	0.2878754	0.2326725	0.3556942	0.3105457	0.2763634
3232987621.2331157	0.1642324	0.1782360	0.2305228	0.3355202	0.1766230	0.2929951	0.2180372	0.2207298	0.2493408	0.3433475	0.2936199	0.2878678	0.2326895	0.3556649	0.3105500	0.2763578
3232987621.2430038	0.1642238	0.1782587	0.2305145	0.3355172	0.1766080	0.2929813	0.2180317	0.2207399	0.2493529	0.3433337	0.2936110	0.2878683	0.2326871	0.3557010	0.3105501	0.2763582
3232987621.2528901	0.1642255	0.1782555	0.2305140	0.3355039	0.1766059	0.2930007	0.2180446	0.2207364	0.2493572	0.3433343	0.2935957	0.2878808	0.2326922	0.3556886	0.3105446	0.2763549
3232987621.2627783	0.1642202	0.1782428	0.2305153	0.3355135	0.1766099	0.2929951	0.2180553	0.2207338	0.2493541	0.3433329	0.2936134	0.2878734	0.2326892	0.3556996	0.3105653	0.2763730
3232987621.2726665	0.1642289	0.1782437	0.2304973	0.3355118	0.1766066	0.2929939	0.2180353	0.2207288	0.2493499	0.3433336	0.2936175	0.2878790	0.2326862	0.3556832	0.3105596	0.2763513
3232987621.2825546	0.1642067	0.1782554	0.2305150	0.3354936	0.1766038	0.2930058	0.2180364	0.2207206	0.2493429	0.3433334	0.2936159	0.2878610	0.2326908	0.3556926	0.3105544	0.2763539
3232987621.2924428	0.1642276	0.1782482	0.2305221	0.3355092	0.1766023	0.2930062	0.2180313	0.2207073	0.2493496	0.3433391	0.2936148	0.2878641	0.2326852	0.3556777	0.3105545	0.2763471
3232987621.3023310	0.1642234	0.1782521	0.2305221	0.3355217	0.1766270	0.2930055	0.2180467	0.2207284	0.2493370	0.3433509	0.2935998	0.2878648	0.2326765	0.3556891	0.3105412	0.2763536
3232987621.3122191	0.1642275	0.1782377	0.2305140	0.3355187	0.1765993	0.2930122	0.2180332	0.2207261	0.2493585	0.3433096	0.2935953	0.2878695	0.2326741	0.3556939	0.3105477	0.2763563
3232987621.3221073	0.1642071	0.1782277	0.2305038	0.3355149	0.1765974	0.2930013	0.2180289	0.2207192	0.2493507	0.3433153	0.2936198	0.2878609	0.2326830	0.3556744	0.3105464	0.2763650
3232987621.3319955	0.1642093	0.1782419	0.2305380	0.3355121	0.1766182	0.2930083	0.2180398	0.2207103	0.2493386	0.3433315	0.2936087	0.2878597	0.2326860	0.3556831	0.3105332	0.2763524
3232987621.3418837	0.1642270	0.1782603	0.2305169	0.3354983	0.1766008	0.2929967	0.2180525	0.2207293	0.2493490	0.3433348	0.2936085	0.2878601	0.2326774	0.3556919	0.3105547	0.2763463
3232987621.3517699	0.1642244	0.1782343	0.2305127	0.3355150	0.1766222	0.2929975	0.2180443	0.2207260	0.2493519	0.3433361	0.2936062	0.2878591	0.2326816	0.3556689	0.3105441	0.2763405
3232987621.3616581	0.1642297	0.1782397	0.2305264	0.3355349	0.1766041	0.2929954	0.2180537	0.2207303	0.2493443	0.3433224	0.2936241	0.2878627	0.2326878	0.3556624	0.3105683	0.2763519
3232987621.3715463	0.1642233	0.1782361	0.2305314	0.3355126	0.1765984	0.2930069	0.2180426	0.2207380	0.2493388	0.3433321	0.2936044	0.2878782	0.2326690	0.3556629	0.3105362	0.2763421
3232987621.3814344	0.1642238	0.1782383	0.2305127	0.3355094	0.1766033	0.2929921	0.2180417	0.2207238	0.2493345	0.3433215	0.2936265	0.2878624	0.2326800	0.3556701	0.3105694	0.2763603
3232987621.3913226	0.1642172	0.1782493	0.2305151	0.3355219	0.1765919	0.2929885	0.2180410	0.2207254	0.2493374	0.3433346	0.2936100	0.2878731	0.2326934	0.3556966	0.3105648	0.2763469
3232987621.4012108	0.1642218	0.1782428	0.2305196	0.3355067	0.1766274	0.2929952	0.2180463	0.2207220	0.2493500	0.3433311	0.2936168	0.2878637	0.2326923	0.3556793	0.3105358	0.2763778
3232987621.4110990	0.1642096	0.1782474	0.2305240	0.3355034	0.1765936	0.2929945	0.2180330	0.2207319	0.2493524	0.3433282	0.2936052	0.2878684	0.2326895	0.3556679	0.3105592	0.2763577
3232987621.4209871	0.1642172	0.1782420	0.2305249	0.3355144	0.1766067	0.2929864	0.2180427	0.2207172	0.2493563	0.3433216	0.2936238	0.2878640	0.2326807	0.3556691	0.3105564	0.2763526
3232987621.4308753	0.1642268	0.1782472	0.2305081	0.3355055	0.1766086	0.2929927	0.2180338	0.2207101	0.2493515	0.3433409	0.2936162	0.2878542	0.2326821	0.3556826	0.3105530	0.2763478
3232987621.4407635	0.1642152	0.1782616	0.2305272	0.3355031	0.1766209	0.2930050	0.2180348	0.2207046	0.2493420	0.3433292	0.2936133	0.2878575	0.2326712	0.3556987	0.3105436	0.2763471
3232987621.4506502	0.1642293	0.1782502	0.2305190	0.3355140	0.1766092	0.2930109	0.2180411	0.2207078	0.2493498	0.3433168	0.2935951	0.2878754	0.2327025	0.3556715	0.3105549	0.2763544
3232987621.4605384	0.1642261	0.1782448	0.2305187	0.3354877	0.1766072	0.2930007	0.2180285	0.2207189	0.2493400	0.3433468	0.2936212	0.2878577	0.2326777	0.3556786	0.3105380	0.2763519
3232987621.4704266	0.1642218	0.1782555	0.2305134	0.3354965	0.1766320	0.2929926	0.2180229	0.2207447	0.2493545	0.3433355	0.2936247	0.2878593	0.2327076	0.3556763	0.3105686	0.2763461
3232987621.4803147	0.1642234	0.1782491	0.2305099	0.3355118	0.1766052	0.2930025	0.2180264	0.2207281	0.2493264	0.3433261	0.2936161	0.2878755	0.2326887	0.3556748	0.3105454	0.2763472
3232987621.4902029	0.1642176	0.1782357	0.2305194	0.3355052	0.1766043	0.2929937	0.2180455	0.2207131	0.2493495	0.3433199	0.2936079	0.2878631	0.2326873	0.3556829	0.3105489	0.2763474
3232987621.5000911	0.1642114	0.1782230	0.2305173	0.3355081	0.1766041	0.2929920	0.2180358	0.2207364	0.2493422	0.3433296	0.2936246	0.2878607	0.2327134	0.3556842	0.3105599	0.2763427
3232987621.5099792	0.1642169	0.1782503	0.2305120	0.3355142	0.1765928	0.2929894	0.2180460	0.2207076	0.2493317	0.3433127	0.2936259	0.2878521	0.2326928	0.3556746	0.3105615	0.2763532
3232987621.5198674	0.1642227	0.1782583	0.2305206	0.3355140	0.1766028	0.2929988	0.2180339	0.2207317	0.2493439	0.3433331	0.2936266	0.2878906	0.2326843	0.3556844	0.3105632	0.2763568
3232987621.5297556	0.1642309	0.1782489	0.2305174	0.3354959	0.1765986	0.2929919	0.2180103	0.2207278	0.2493609	0.3433273	0.2936032	0.2878604	0.2326684	0.3556653	0.3105419	0.2763470
3232987621.5396438	0.1642164	0.1782414	0.2305093	0.3354773	0.1765890	0.2929963	0.2180540	0.2207154	0.2493412	0.3433249	0.2936050	0.2878491	0.2326810	0.3556810	0.3105506	0.2763394
3232987621.5495300	0.1642277	0.1782537	0.2305063	0.3355030	0.1766058	0.2929890	0.2180378	0.2207067	0.2493465	0.3433310	0.2936111	0.2878487	0.2326661	0.3556653	0.3105460	0.2763389
3232987621.5594182	0.1642223	0.1782452	0.2305029	0.3355052	0.1766035	0.2929978	0.2180453	0.2207195	0.2493587	0.3433273	0.2936254	0.2878635	0.2326852	0.3556789	0.3105623	0.2763317
3232987621.5693064	0.1642313	0.1782407	0.2305279	0.3355128	0.1766170	0.2929908	0.2180427	0.2207247	0.2493438	0.3433348	0.2936089	0.2878580	0.2326783	0.3556757	0.3105339	0.2763238
3232987621.5791945	0.1642229	0.1782471	0.2305157	0.3355093	0.1766006	0.2929904	0.2180434	0.2207179	0.2493473	0.3433153	0.2936141	0.2878580	0.2326830	0.3556656	0.3105659	0.2763468
3232987621.5890827	0.1642252	0.1782463	0.2305102	0.3355100	0.1766118	0.2929820	0.2180497	0.2207148	0.2493437	0.3433182	0.2936129	0.2878795	0.2326811	0.3556601	0.3105494	0.2763669
3232987621.5989709	0.1642243	0.1782487	0.2305095	0.3355217	0.1765984	0.2929806	0.2180278	0.2207025	0.2493289	0.3433168	0.2936171	0.2878581	0.2326812	0.3556709	0.3105520	0.2763290
3232987621.6088591	0.1642170	0.1782575	0.2305287	0.3355140	0.1766056	0.2930068	0.2180375	0.2207213	0.2493336	0.3433077	0.2936183	0.2878503	0.2326838	0.3556875	0.3105515	0.2763329
3232987621.6187472	0.1642273	0.1782383	0.2305158	0.3355032	0.1766007	0.2929951	0.2180494	0.2207204	0.2493477	0.3433187	0.2936125	0.2878480	0.2326891	0.3556664	0.3105610	0.2763605
3232987621.6286354	0.1642235	0.1782358	0.2305154	0.3355063	0.1766106	0.2929975	0.2180444	0.2207087	0.2493453	0.3433199	0.2936110	0.2878656	0.2326741	0.3556916	0.3105486	0.2763502
3232987621.6385236	0.1642196	0.1782357	0.2305153	0.3355009	0.1766016	0.2930024	0.2180472	0.2207137	0.2493566	0.3433107	0.2935934	0.2878551	0.2326871	0.3556813	0.3105413	0.2763475
3232987621.6484103	0.1642275	0.1782454	0.2305235	0.3355163	0.1766077	0.2929827	0.2180286	0.2207010	0.2493514	0.3433020	0.2936016	0.2878624	0.2326756	0.3556729	0.3105422	0.2763316
3232987621.6582985	0.1642316	0.1782384	0.2305109	0.3355144	0.1766159	0.2929849	0.2180399	0.2207244	0.2493417	0.3433128	0.2936102	0.2878610	0.2326779	0.3556796	0.3105687	0.2763555
3232987621.6681867	0.1642372	0.1782406	0.2305200	0.3354983	0.1766066	0.2930121	0.2180426	0.2207121	0.2493424	0.3433103	0.2936156	0.2878737	0.2326786	0.3556779	0.3105574	0.2763545
3232987621.6780748	0.1642147	0.1782475	0.2305062	0.3355060	0.1765992	0.2929929	0.2180512	0.2207023	0.2493494	0.3433054	0.2936025	0.2878573	0.2326953	0.3556577	0.3105380	0.2763352
3232987621.6879630	0.1642209	0.1782374	0.2305181	0.3355143	0.1766116	0.2929819	0.2180393	0.2207366	0.2493604	0.3433033	0.2936015	0.2878583	0.2326706	0.3556616	0.3105481	0.2763446
3232987621.6978512	0.1642294	0.1782348	0.2305066	0.3355022	0.1766158	0.2929981	0.2180252	0.2207160	0.2493472	0.3433168	0.2936126	0.2878548	0.2326860	0.3556759	0.3105483	0.2763557
3232987621.7077394	0.1642202	0.1782586	0.2305061	0.3355124	0.1766147	0.2929859	0.2180257	0.2207210	0.2493496	0.3433269	0.2935978	0.2878609	0.2326908	0.3556673	0.3105518	0.2763505
3232987621.7176275	0.1642237	0.1782470	0.2304957	0.3355151	0.1765943	0.2929894	0.2180449	0.2207191	0.2493579	0.3433257	0.2936213	0.2878579	0.2326887	0.3556665	0.3105612	0.2763522
3232987621.7275157	0.1642302	0.1782437	0.2305196	0.3355134	0.1766069	0.2929978	0.2180256	0.2207246	0.2493458	0.3433184	0.2935880	0.2878483	0.2326895	0.3556804	0.3105359	0.2763480
3232987621.7374039	0.1642236	0.1782495	0.2305199	0.3355128	0.1766193	0.2929906	0.2180356	0.2207074	0.2493368	0.3433212	0.2936134	0.2878711	0.2326921	0.3556746	0.3105464	0.2763363
3232987621.7472901	0.1642321	0.1782333	0.2305235	0.3355029	0.1766126	0.2929720	0.2180138	0.2207163	0.2493585	0.3433261	0.2936112	0.2878337	0.2326819	0.3556662	0.3105430	0.2763434
3232987621.7571783	0.1642148	0.1782506	0.2305095	0.3355055	0.1766178	0.2929853	0.2180232	0.2207118	0.2493510	0.3433067	0.2936308	0.2878461	0.2326871	0.3556851	0.3105442	0.2763340
3232987621.7670665	0.1642094	0.1782306	0.2305078	0.3355123	0.1766042	0.2929754	0.2180225	0.2207121	0.2493375	0.3433037	0.2936202	0.2878746	0.2326872	0.3556584	0.3105475	0.2763443
3232987621.7769546	0.1642366	0.1782325	0.2304922	0.3355068	0.1766040	0.2929781	0.2180388	0.2207284	0.2493673	0.3433226	0.2936202	0.2878484	0.2326920	0.3556753	0.3105440	0.2763381
3232987621.7868428	0.1642263	0.1782337	0.2305100	0.3354943	0.1766098	0.2929922	0.2180491	0.2207132	0.2493553	0.3433215	0.2936104	0.2878637	0.2326804	0.3556640	0.3105433	0.2763453
3232987621.7967310	0.1642253	0.1782383	0.2305156	0.3354954	0.1766288	0.2929832	0.2180402	0.2207089	0.2493530	0.3433053	0.2936032	0.2878536	0.2326727	0.3556725	0.3105484	0.2763442
3232987621.8066192	0.1642107	0.1782374	0.2304969	0.3354720	0.1766000	0.2929872	0.2180377	0.2207081	0.2493537	0.3432936	0.2936077	0.2878589	0.2326861	0.3556569	0.3105488	0.2763309
3232987621.8165073	0.1642102	0.1782358	0.2305169	0.3354880	0.1766245	0.2929713	0.2180340	0.2207104	0.2493378	0.3433068	0.2936088	0.2878601	0.2326792	0.3556787	0.3105509	0.2763402
3232987621.8263955	0.1642320	0.1782349	0.2305033	0.3354830	0.1766321	0.2929947	0.2180263	0.2207074	0.2493459	0.3433088	0.2936117	0.2878676	0.2326704	0.3556451	0.3105451	0.2763276
3232987621.8362837	0.1642230	0.1782364	0.2305018	0.3354914	0.1766318	0.2930069	0.2180311	0.2207039	0.2493459	0.3432910	0.2935958	0.2878537	0.2326773	0.3556548	0.3105582	0.2763271
3232987621.8461699	0.1642167	0.1782472	0.2305192	0.3354835	0.1766071	0.2929923	0.2180183	0.2207221	0.2493428	0.3433178	0.2936141	0.2878474	0.2326850	0.3556629	0.3105408	0.2763238
3232987621.8560581	0.1641822	0.1782351	0.2305282	0.3354933	0.1766071	0.2930013	0.2180202	0.2207199	0.2493415	0.3433018	0.2936039	0.2878533	0.2326807	0.3556625	0.3105230	0.2763443
3232987621.8659463	0.1642125	0.1782470	0.2305151	0.3355027	0.1766026	0.2929936	0.2180273	0.2207183	0.2493518	0.3433212	0.2936004	0.2878655	0.2326827	0.3556442	0.3105435	0.2763220
3232987621.8758345	0.1642267	0.1782408	0.2305055	0.3354979	0.1766175	0.2929795	0.2180339	0.2207102	0.2493411	0.3433035	0.2936077	0.2878663	0.2326904	0.3556717	0.3105506	0.2763490
3232987621.8857226	0.1642283	0.1782275	0.2305165	0.3354984	0.1765998	0.2930053	0.2180461	0.2207218	0.2493292	0.3433023	0.2936054	0.2878542	0.2327037	0.3556638	0.3105636	0.2763358
3232987621.8956108	0.1642272	0.1782428	0.2305139	0.3354852	0.1765965	0.2929589	0.2180427	0.2207215	0.2493456	0.3432906	0.2936101	0.2878342	0.2326843	0.3556604	0.3105498	0.2763164
3232987621.9054990	0.1642245	0.1782432	0.2304930	0.3354859	0.1766033	0.2929729	0.2180128	0.2207051	0.2493275	0.3433164	0.2936166	0.2878521	0.2326696	0.3556463	0.3105464	0.2763329
3232987621.9153872	0.1642239	0.1782308	0.2304925	0.3354841	0.1765989	0.2929754	0.2180415	0.2207121	0.2493407	0.3433203	0.2936053	0.2878544	0.2326825	0.3556591	0.3105547	0.2763474
3232987621.9252753	0.1642202	0.1782306	0.2305187	0.3355154	0.1766048	0.2929779	0.2180417	0.2207206	0.2493521	0.3433161	0.2936092	0.2878640	0.2326893	0.3556432	0.3105581	0.2763197
3232987621.9351635	0.1642222	0.1782251	0.2305060	0.3354978	0.1766073	0.2929838	0.2180232	0.2207133	0.2493446	0.3433041	0.2935992	0.2878532	0.2326906	0.3556681	0.3105415	0.2763277
