3232987951.8087301	0.2488387	0.2900907	0.2123132	0.3302383	0.2035876	0.3568793	0.2575092	0.2634239	0.3557558	0.4468391	0.1408774	0.1084301	0.2148859	0.3138726	0.2820014	0.2420669
3232987951.8186183	0.2488627	0.2901060	0.2123274	0.3302437	0.2035782	0.3568661	0.2575061	0.2634426	0.3557951	0.4468348	0.1408952	0.1084475	0.2148800	0.3138789	0.2819932	0.2420727
3232987951.8285065	0.2488621	0.2900854	0.2123256	0.3302434	0.2035716	0.3568723	0.2575072	0.2634416	0.3557747	0.4468152	0.1408762	0.1084492	0.2148816	0.3138764	0.2819740	0.2420740
3232987951.8383946	0.2488634	0.2900914	0.2123239	0.3302543	0.2035701	0.3568871	0.2575062	0.2634330	0.3557887	0.4468178	0.1408713	0.1084165	0.2148711	0.3138797	0.2819831	0.2420882
3232987951.8482828	0.2488574	0.2900865	0.2123268	0.3302413	0.2035858	0.3568790	0.2575243	0.2634150	0.3557817	0.4468187	0.1408893	0.1084549	0.2149016	0.3138641	0.2819774	0.2420701
3232987951.8581710	0.2488637	0.2900978	0.2123187	0.3302457	0.2035785	0.3568748	0.2575058	0.2634448	0.3557798	0.4468254	0.1408849	0.1084476	0.2148941	0.3138859	0.2820029	0.2420883
3232987951.8680592	0.2488731	0.2900984	0.2123212	0.3302381	0.2035613	0.3568871	0.2574893	0.2634264	0.3557700	0.4468227	0.1408800	0.1084520	0.2148840	0.3138605	0.2819982	0.2420819
3232987951.8779473	0.2488589	0.2900931	0.2123099	0.3302415	0.2035526	0.3568763	0.2575157	0.2634317	0.3557954	0.4468201	0.1408869	0.1084336	0.2148931	0.3138805	0.2819872	0.2420793
3232987951.8878355	0.2488612	0.2900864	0.2123146	0.3302393	0.2035684	0.3568721	0.2575037	0.2634229	0.3557769	0.4468347	0.1408981	0.1084408	0.2148966	0.3138628	0.2819865	0.2420878
3232987951.8977237	0.2488514	0.2900887	0.2123297	0.3302455	0.2035754	0.3568847	0.2574993	0.2634364	0.3557911	0.4468281	0.1408790	0.1084414	0.2148861	0.3138602	0.2820017	0.2420617
3232987951.9076099	0.2488672	0.2900855	0.2123238	0.3302435	0.2035948	0.3568745	0.2575243	0.2634342	0.3557850	0.4468387	0.1408979	0.1084398	0.2148703	0.3138763	0.2819896	0.2420924
3232987951.9174981	0.2488450	0.2900904	0.2123155	0.3302568	0.2035912	0.3568932	0.2575217	0.2634428	0.3557917	0.4468338	0.1408851	0.1084434	0.2148954	0.3138783	0.2819917	0.2420514
3232987951.9273863	0.2488432	0.2901067	0.2123251	0.3302658	0.2035743	0.3568704	0.2575110	0.2634391	0.3557912	0.4468200	0.1408770	0.1084567	0.2148874	0.3138788	0.2819926	0.2420786
3232987951.9372745	0.2488524	0.2901011	0.2123113	0.3302486	0.2035682	0.3568849	0.2574852	0.2634224	0.3557946	0.4468324	0.1408931	0.1084514	0.2148912	0.3138736	0.2819745	0.2420769
3232987951.9471626	0.2488648	0.2901002	0.2123317	0.3302558	0.2035855	0.3568860	0.2575329	0.2634363	0.3557641	0.4468210	0.1408900	0.1084319	0.2149073	0.3138700	0.2819829	0.2420743
3232987951.9570508	0.2488623	0.2900942	0.2123272	0.3302544	0.2035771	0.3568642	0.2575097	0.2634298	0.3557716	0.4468414	0.1408843	0.1084480	0.2148726	0.3138765	0.2819979	0.2420806
3232987951.9669390	0.2488447	0.2900984	0.2123380	0.3302626	0.2035846	0.3569035	0.2575024	0.2634174	0.3557730	0.4468107	0.1408822	0.1084418	0.2149069	0.3138698	0.2819986	0.2420651
3232987951.9768271	0.2488646	0.2900732	0.2123190	0.3302643	0.2035893	0.3568804	0.2575135	0.2634305	0.3557922	0.4468421	0.1408928	0.1084492	0.2149056	0.3138817	0.2820138	0.2420602
3232987951.9867153	0.2488513	0.2900994	0.2123269	0.3302417	0.2035761	0.3568926	0.2575074	0.2634389	0.3557864	0.4468527	0.1408838	0.1084325	0.2148836	0.3138760	0.2819920	0.2420630
3232987951.9966035	0.2488584	0.2900941	0.2123338	0.3302435	0.2035651	0.3568787	0.2575169	0.2634357	0.3557775	0.4468420	0.1408744	0.1084519	0.2148836	0.3138842	0.2819800	0.2420866
3232987952.0064902	0.2488681	0.2900882	0.2123284	0.3302532	0.2035788	0.3568863	0.2575055	0.2634359	0.3558017	0.4468239	0.1408900	0.1084349	0.2148947	0.3138762	0.2820146	0.2420700
3232987952.0163784	0.2488635	0.2900952	0.2123209	0.3302586	0.2035722	0.3568847	0.2575168	0.2634337	0.3557900	0.4468476	0.1408775	0.1084456	0.2148936	0.3138668	0.2819945	0.2420794
3232987952.0262666	0.2488715	0.2900993	0.2123245	0.3302582	0.2035821	0.3568764	0.2575219	0.2634360	0.3557856	0.4468408	0.1408818	0.1084226	0.2148870	0.3138684	0.2820038	0.2420686
3232987952.0361547	0.2488567	0.2901028	0.2123240	0.3302383	0.2035801	0.3568755	0.2575110	0.2634341	0.3557660	0.4468285	0.1409032	0.1084443	0.2148860	0.3138581	0.2820139	0.2420774
3232987952.0460429	0.2488682	0.2901086	0.2123301	0.3302440	0.2035746	0.3568837	0.2574887	0.2634277	0.3557850	0.4468441	0.1408814	0.1084526	0.2148983	0.3138884	0.2819959	0.2420749
3232987952.0559311	0.2488577	0.2901023	0.2123254	0.3302537	0.2035829	0.3568725	0.2575100	0.2634437	0.3557991	0.4468254	0.1408680	0.1084485	0.2148880	0.3138845	0.2820094	0.2420599
3232987952.0658193	0.2488776	0.2900873	0.2123314	0.3302587	0.2035780	0.3568822	0.2575063	0.2634423	0.3557727	0.4468260	0.1408847	0.1084452	0.2149075	0.3139035	0.2819882	0.2420717
3232987952.0757074	0.2488805	0.2900922	0.2123243	0.3302490	0.2035601	0.3569026	0.2575022	0.2634405	0.3557834	0.4468306	0.1408796	0.1084426	0.2149079	0.3138656	0.2819810	0.2420776
3232987952.0855956	0.2488513	0.2901090	0.2123247	0.3302579	0.2035806	0.3568755	0.2575186	0.2634526	0.3557991	0.4468383	0.1408681	0.1084488	0.2148894	0.3138985	0.2819935	0.2420784
3232987952.0954838	0.2488577	0.2901095	0.2123283	0.3302425	0.2035725	0.3568715	0.2575012	0.2634496	0.3557879	0.4468438	0.1408689	0.1084495	0.2148852	0.3138639	0.2819817	0.2420768
3232987952.1053700	0.2488693	0.2900976	0.2123277	0.3302610	0.2035833	0.3568738	0.2574891	0.2634301	0.3557992	0.4468354	0.1408771	0.1084415	0.2148824	0.3138851	0.2819907	0.2420682
3232987952.1152582	0.2488586	0.2900995	0.2123388	0.3302508	0.2035659	0.3569101	0.2575257	0.2634379	0.3558004	0.4468466	0.1408892	0.1084595	0.2149093	0.3138745	0.2819970	0.2420928
3232987952.1251464	0.2488854	0.2900921	0.2123235	0.3302731	0.2035778	0.3568908	0.2575187	0.2634333	0.3557845	0.4468499	0.1408906	0.1084455	0.2148917	0.3138716	0.2819958	0.2420720
3232987952.1350346	0.2488629	0.2901037	0.2123172	0.3302652	0.2035814	0.3568728	0.2575192	0.2634430	0.3557591	0.4468205	0.1408948	0.1084443	0.2149031	0.3138665	0.2819978	0.2420755
3232987952.1449227	0.2488609	0.2901073	0.2123132	0.3302425	0.2035701	0.3568772	0.2575105	0.2634350	0.3557958	0.4468338	0.1408778	0.1084610	0.2148938	0.3138695	0.2820070	0.2420748
3232987952.1548109	0.2488757	0.2900947	0.2123249	0.3302563	0.2035834	0.3568876	0.2574891	0.2634344	0.3557875	0.4468405	0.1409001	0.1084414	0.2148883	0.3138777	0.2819897	0.2420717
3232987952.1646991	0.2488621	0.2900999	0.2123237	0.3302459	0.2035842	0.3568869	0.2575073	0.2634342	0.3557983	0.4468494	0.1408705	0.1084290	0.2149030	0.3138643	0.2819912	0.2420702
3232987952.1745872	0.2488724	0.2901044	0.2123306	0.3302392	0.2036040	0.3568977	0.2575102	0.2634541	0.3557818	0.4468397	0.1408921	0.1084504	0.2149011	0.3138660	0.2820021	0.2420575
3232987952.1844754	0.2488729	0.2900946	0.2123205	0.3302641	0.2035806	0.3568846	0.2575147	0.2634378	0.3557853	0.4468433	0.1408874	0.1084551	0.2149043	0.3138668	0.2819940	0.2420843
3232987952.1943636	0.2488546	0.2901084	0.2123294	0.3302457	0.2035769	0.3568984	0.2575076	0.2634289	0.3557869	0.4468260	0.1408838	0.1084440	0.2149027	0.3138938	0.2819839	0.2420748
3232987952.2042503	0.2488598	0.2900912	0.2123373	0.3302327	0.2035728	0.3568845	0.2575043	0.2634401	0.3557630	0.4468324	0.1408765	0.1084473	0.2148942	0.3138822	0.2819940	0.2420861
3232987952.2141385	0.2488494	0.2901063	0.2123391	0.3302482	0.2035789	0.3568922	0.2575161	0.2634312	0.3557647	0.4468380	0.1408796	0.1084593	0.2148918	0.3138565	0.2820050	0.2420905
3232987952.2240267	0.2488648	0.2901020	0.2123188	0.3302419	0.2035821	0.3568942	0.2575118	0.2634325	0.3558014	0.4468332	0.1408787	0.1084556	0.2149106	0.3138686	0.2820099	0.2420734
3232987952.2339148	0.2488762	0.2901211	0.2123435	0.3302541	0.2035750	0.3568715	0.2575373	0.2634458	0.3557966	0.4468158	0.1408676	0.1084278	0.2148884	0.3138770	0.2819953	0.2420792
3232987952.2438030	0.2488653	0.2900898	0.2123092	0.3302386	0.2035745	0.3568881	0.2575076	0.2634420	0.3557731	0.4468399	0.1408926	0.1084522	0.2148888	0.3138763	0.2819950	0.2420728
3232987952.2536912	0.2488726	0.2900969	0.2123247	0.3302591	0.2035771	0.3569008	0.2575050	0.2634474	0.3557740	0.4468271	0.1408854	0.1084373	0.2149018	0.3138892	0.2819933	0.2420814
3232987952.2635794	0.2488575	0.2900876	0.2123139	0.3302492	0.2035948	0.3568841	0.2575049	0.2634312	0.3557737	0.4468292	0.1408923	0.1084600	0.2148905	0.3138673	0.2819839	0.2420787
3232987952.2734675	0.2488556	0.2901034	0.2123159	0.3302461	0.2035976	0.3568838	0.2575067	0.2634569	0.3557795	0.4468184	0.1408773	0.1084523	0.2148780	0.3138673	0.2819937	0.2420690
3232987952.2833557	0.2488614	0.2900875	0.2123178	0.3302532	0.2035929	0.3568799	0.2575198	0.2634304	0.3557970	0.4468283	0.1408765	0.1084587	0.2149150	0.3138720	0.2819899	0.2420572
3232987952.2932439	0.2488677	0.2901316	0.2123160	0.3302612	0.2035911	0.3568946	0.2575207	0.2634589	0.3557783	0.4468203	0.1408766	0.1084534	0.2148720	0.3138845	0.2820057	0.2420797
3232987952.3031301	0.2488620	0.2901003	0.2123176	0.3302494	0.2035878	0.3568876	0.2575124	0.2634237	0.3557807	0.4468275	0.1408885	0.1084591	0.2148976	0.3138682	0.2820028	0.2420837
3232987952.3130183	0.2488530	0.2900959	0.2123281	0.3302782	0.2035743	0.3568827	0.2575028	0.2634331	0.3558081	0.4468263	0.1408843	0.1084475	0.2149015	0.3138889	0.2819866	0.2420789
3232987952.3229065	0.2488591	0.2901051	0.2123361	0.3302518	0.2035985	0.3568853	0.2575166	0.2634338	0.3557952	0.4468442	0.1408736	0.1084380	0.2148979	0.3138717	0.2819912	0.2420791
3232987952.3327947	0.2488771	0.2901011	0.2123346	0.3302558	0.2035767	0.3568926	0.2575163	0.2634386	0.3557865	0.4468222	0.1408931	0.1084365	0.2149110	0.3138863	0.2820047	0.2420868
3232987952.3426828	0.2488604	0.2901087	0.2123253	0.3302299	0.2035799	0.3568773	0.2575176	0.2634254	0.3557933	0.4468516	0.1408754	0.1084404	0.2148944	0.3138637	0.2820028	0.2420713
3232987952.3525710	0.2488614	0.2900906	0.2123371	0.3302449	0.2035715	0.3568833	0.2575286	0.2634384	0.3557856	0.4468367	0.1408872	0.1084402	0.2148928	0.3138672	0.2819873	0.2420805
3232987952.3624592	0.2488530	0.2900897	0.2123360	0.3302476	0.2035884	0.3568993	0.2575012	0.2634234	0.3557918	0.4468108	0.1408865	0.1084300	0.2149000	0.3138722	0.2820075	0.2420877
3232987952.3723474	0.2488760	0.2901067	0.2123252	0.3302386	0.2035619	0.3568664	0.2575237	0.2634258	0.3557947	0.4468363	0.1408865	0.1084516	0.2149169	0.3138895	0.2819934	0.2420658
3232987952.3822355	0.2488720	0.2900901	0.2123249	0.3302550	0.2036025	0.3568605	0.2575464	0.2634422	0.3557934	0.4468171	0.1408869	0.1084448	0.2149042	0.3138694	0.2820044	0.2420893
3232987952.3921237	0.2488887	0.2900899	0.2123148	0.3302452	0.2035718	0.3568879	0.2575244	0.2634305	0.3557982	0.4468339	0.1408711	0.1084493	0.2148975	0.3138637	0.2819948	0.2420726
3232987952.4020100	0.2488750	0.2900961	0.2123211	0.3302741	0.2035810	0.3568759	0.2575064	0.2634349	0.3558063	0.4468190	0.1408627	0.1084350	0.2148968	0.3138727	0.2819923	0.2420805
3232987952.4118981	0.2488639	0.2900923	0.2123036	0.3302617	0.2035629	0.3568784	0.2575253	0.2634361	0.3558115	0.4468195	0.1408884	0.1084443	0.2149121	0.3138806	0.2820172	0.2420744
3232987952.4217863	0.2488629	0.2900940	0.2123269	0.3302645	0.2035691	0.3568976	0.2575189	0.2634318	0.3557786	0.4468105	0.1408897	0.1084462	0.2148952	0.3138766	0.2819887	0.2420741
3232987952.4316745	0.2488697	0.2900897	0.2123496	0.3302309	0.2035805	0.3568708	0.2575264	0.2634414	0.3557963	0.4468220	0.1408807	0.1084464	0.2148977	0.3138673	0.2820032	0.2420644
3232987952.4415627	0.2488552	0.2900947	0.2123501	0.3302665	0.2035820	0.3568810	0.2575316	0.2634247	0.3557892	0.4468284	0.1409042	0.1084354	0.2148967	0.3138709	0.2819967	0.2420818
3232987952.4514508	0.2488630	0.2900965	0.2123291	0.3302473	0.2035827	0.3568921	0.2575247	0.2634309	0.3558019	0.4468070	0.1408890	0.1084343	0.2149033	0.3138653	0.2819900	0.2420579
3232987952.4613390	0.2488519	0.2900980	0.2123263	0.3302414	0.2035782	0.3568843	0.2575048	0.2634180	0.3557866	0.4468380	0.1408872	0.1084450	0.2148899	0.3138838	0.2819949	0.2420748
3232987952.4712272	0.2488667	0.2900719	0.2123163	0.3302413	0.2035772	0.3568669	0.2575013	0.2634180	0.3557897	0.4468292	0.1408963	0.1084471	0.2148840	0.3138780	0.2820005	0.2420927
3232987952.4811153	0.2488637	0.2900951	0.2123202	0.3302430	0.2035920	0.3568803	0.2575144	0.2634406	0.3557890	0.4468285	0.1408805	0.1084238	0.2148959	0.3138912	0.2819904	0.2420586
3232987952.4910035	0.2488866	0.2900938	0.2123201	0.3302301	0.2035881	0.3568683	0.2575201	0.2634211	0.3557961	0.4468437	0.1408752	0.1084560	0.2148819	0.3138647	0.2820117	0.2420641
3232987952.5008903	0.2488735	0.2901143	0.2123326	0.3302416	0.2035732	0.3568794	0.2575174	0.2634332	0.3558103	0.4468241	0.1408890	0.1084427	0.2148889	0.3138646	0.2820122	0.2420786
3232987952.5107784	0.2488674	0.2900919	0.2123257	0.3302539	0.2036016	0.3568723	0.2575297	0.2634109	0.3557940	0.4468347	0.1408819	0.1084335	0.2149054	0.3138640	0.2819804	0.2420642
3232987952.5206666	0.2488628	0.2900804	0.2123091	0.3302466	0.2035987	0.3568815	0.2575144	0.2634361	0.3557969	0.4468219	0.1408766	0.1084662	0.2148994	0.3138810	0.2819976	0.2420848
3232987952.5305548	0.2488716	0.2901066	0.2123146	0.3302381	0.2035696	0.3568798	0.2575294	0.2634192	0.3557917	0.4468241	0.1408875	0.1084303	0.2148961	0.3138751	0.2819951	0.2420632
3232987952.5404429	0.2488628	0.2900845	0.2123207	0.3302405	0.2035973	0.3568726	0.2575020	0.2634402	0.3558091	0.4468307	0.1408950	0.1084522	0.2148907	0.3138616	0.2820133	0.2420667
3232987952.5503311	0.2488710	0.2900886	0.2123481	0.3302344	0.2035887	0.3568793	0.2575129	0.2634103	0.3557986	0.4468125	0.1408833	0.1084452	0.2148923	0.3138767	0.2820099	0.2420656
3232987952.5602193	0.2488853	0.2901129	0.2123287	0.3302566	0.2035787	0.3568718	0.2575142	0.2634390	0.3557978	0.4468138	0.1408633	0.1084624	0.2149081	0.3138739	0.2819889	0.2420535
3232987952.5701075	0.2488758	0.2900876	0.2123330	0.3302491	0.2035797	0.3568574	0.2575218	0.2634403	0.3558144	0.4468087	0.1409140	0.1084277	0.2148929	0.3138714	0.2820002	0.2420687
3232987952.5799956	0.2488678	0.2900995	0.2123309	0.3302321	0.2035677	0.3568675	0.2574872	0.2634372	0.3557947	0.4468029	0.1408846	0.1084358	0.2148909	0.3138683	0.2820081	0.2420593
3232987952.5898838	0.2488657	0.2900918	0.2123306	0.3302557	0.2036022	0.3568855	0.2575102	0.2634487	0.3558035	0.4468120	0.1408929	0.1084332	0.2149016	0.3138568	0.2819965	0.2420756
3232987952.5997701	0.2488685	0.2900762	0.2123420	0.3302359	0.2035803	0.3568793	0.2575467	0.2634344	0.3558251	0.4468224	0.1408737	0.1084407	0.2149079	0.3138649	0.2819968	0.2420713
3232987952.6096582	0.2488746	0.2900915	0.2123354	0.3302516	0.2035964	0.3568673	0.2574993	0.2634159	0.3558001	0.4468306	0.1408891	0.1084370	0.2149093	0.3138770	0.2820141	0.2420530
3232987952.6195464	0.2488666	0.2900842	0.2123283	0.3302445	0.2035752	0.3568677	0.2575237	0.2634167	0.3557967	0.4468068	0.1408776	0.1084345	0.2149015	0.3138680	0.2820186	0.2420709
3232987952.6294346	0.2488733	0.2901067	0.2123320	0.3302439	0.2035940	0.3568478	0.2575126	0.2634224	0.3558012	0.4468055	0.1408944	0.1084181	0.2148835	0.3138705	0.2819928	0.2420675
3232987952.6393228	0.2488704	0.2900925	0.2123314	0.3302298	0.2035963	0.3568755	0.2575244	0.2634321	0.3557941	0.4468219	0.1408846	0.1084469	0.2148895	0.3138642	0.2820093	0.2420560
3232987952.6492109	0.2488669	0.2900975	0.2123478	0.3302445	0.2035965	0.3568841	0.2575376	0.2634429	0.3558183	0.4468090	0.1408979	0.1084367	0.2148968	0.3138624	0.2820015	0.2420701
3232987952.6590991	0.2488663	0.2901035	0.2123281	0.3302396	0.2035937	0.3568875	0.2575275	0.2634191	0.3558135	0.4468122	0.1408707	0.1084534	0.2148996	0.3138620	0.2819919	0.2420709
3232987952.6689873	0.2488729	0.2900898	0.2123308	0.3302466	0.2035820	0.3568551	0.2575060	0.2634401	0.3558073	0.4468307	0.1408820	0.1084530	0.2149043	0.3138620	0.2819979	0.2420571
3232987952.6788754	0.2488683	0.2900745	0.2123104	0.3302496	0.2036018	0.3568811	0.2575099	0.2634159	0.3558122	0.4468069	0.1408956	0.1084287	0.2149136	0.3138361	0.2819876	0.2420524
3232987952.6887636	0.2488631	0.2900784	0.2123278	0.3302469	0.2035749	0.3568554	0.2575000	0.2634281	0.3557897	0.4468106	0.1408866	0.1084454	0.2148845	0.3138619	0.2819985	0.2420656
3232987952.6986499	0.2488744	0.2900807	0.2123401	0.3302348	0.2035814	0.3568583	0.2575157	0.2634253	0.3557974	0.4468130	0.1408907	0.1084387	0.2149161	0.3138720	0.2820159	0.2420585
3232987952.7085381	0.2488735	0.2900834	0.2123411	0.3302292	0.2035746	0.3568745	0.2575181	0.2634144	0.3557950	0.4468109	0.1408954	0.1084297	0.2148998	0.3138497	0.2820099	0.2420669
3232987952.7184262	0.2488795	0.2900753	0.2123325	0.3302276	0.2035954	0.3568626	0.2575240	0.2634127	0.3558094	0.4468229	0.1408768	0.1084564	0.2148977	0.3138602	0.2819925	0.2420645
3232987952.7283144	0.2488690	0.2900828	0.2123271	0.3302632	0.2035922	0.3568532	0.2575150	0.2634165	0.3557898	0.4468125	0.1409094	0.1084428	0.2149105	0.3138613	0.2820026	0.2420534
3232987952.7382026	0.2488721	0.2900739	0.2123175	0.3302545	0.2035578	0.3568598	0.2575240	0.2634211	0.3557976	0.4468051	0.1408925	0.1084399	0.2149033	0.3138575	0.2820079	0.2420513
3232987952.7480907	0.2488735	0.2900991	0.2123251	0.3302366	0.2035732	0.3568781	0.2575186	0.2634170	0.3557878	0.4468094	0.1408982	0.1084217	0.2149059	0.3138566	0.2819968	0.2420489
3232987952.7579789	0.2488790	0.2900787	0.2123427	0.3302243	0.2036043	0.3568523	0.2575225	0.2634152	0.3558143	0.4468145	0.1408862	0.1084495	0.2149067	0.3138654	0.2820092	0.2420764
3232987952.7678671	0.2488624	0.2900795	0.2123279	0.3302467	0.2035751	0.3568715	0.2575148	0.2634233	0.3558127	0.4468271	0.1408815	0.1084334	0.2149013	0.3138469	0.2820059	0.2420630
3232987952.7777553	0.2488705	0.2900965	0.2123434	0.3302384	0.2035941	0.3568549	0.2575142	0.2634152	0.3557961	0.4468141	0.1408933	0.1084440	0.2149037	0.3138490	0.2819989	0.2420639
3232987952.7876434	0.2488723	0.2900893	0.2123200	0.3302291	0.2035936	0.3568544	0.2575254	0.2634140	0.3557938	0.4468119	0.1408905	0.1084427	0.2149081	0.3138558	0.2819883	0.2420668
3232987952.7975302	0.2488628	0.2900793	0.2123379	0.3302379	0.2035606	0.3568635	0.2575282	0.2633964	0.3558133	0.4468162	0.1408868	0.1084613	0.2148990	0.3138474	0.2820153	0.2420710
3232987952.8074183	0.2488636	0.2900861	0.2123303	0.3302463	0.2035885	0.3568594	0.2575393	0.2634331	0.3558182	0.4468101	0.1408769	0.1084346	0.2149021	0.3138726	0.2820166	0.2420675
3232987952.8173065	0.2488870	0.2900720	0.2123433	0.3302285	0.2035977	0.3568568	0.2575179	0.2634179	0.3558005	0.4468130	0.1408862	0.1084337	0.2148936	0.3138592	0.2820220	0.2420728
3232987952.8271947	0.2488676	0.2900869	0.2123245	0.3302247	0.2035672	0.3568584	0.2575284	0.2634242	0.3558115	0.4468060	0.1408783	0.1084207	0.2148959	0.3138610	0.2820164	0.2420557
3232987952.8370829	0.2488656	0.2900700	0.2123364	0.3302288	0.2035867	0.3568409	0.2575066	0.2634122	0.3557959	0.4468093	0.1408936	0.1084286	0.2149130	0.3138348	0.2820001	0.2420703
3232987952.8469710	0.2488815	0.2900800	0.2123266	0.3302278	0.2035774	0.3568597	0.2575192	0.2634231	0.3558101	0.4467988	0.1409048	0.1084395	0.2149042	0.3138528	0.2819997	0.2420530
3232987952.8568592	0.2488778	0.2900656	0.2123325	0.3302367	0.2035828	0.3568539	0.2575140	0.2634210	0.3558031	0.4467833	0.1408921	0.1084301	0.2149122	0.3138566	0.2820060	0.2420758
3232987952.8667474	0.2488663	0.2900675	0.2123431	0.3302268	0.2035935	0.3568601	0.2575233	0.2634219	0.3558078	0.4468173	0.1408960	0.1084399	0.2149086	0.3138558	0.2820118	0.2420737
3232987952.8766355	0.2488668	0.2900599	0.2123402	0.3302359	0.2035792	0.3568509	0.2575137	0.2634180	0.3557917	0.4468006	0.1408912	0.1084556	0.2148879	0.3138565	0.2820023	0.2420760
3232987952.8865237	0.2488684	0.2900678	0.2123349	0.3302279	0.2035668	0.3568540	0.2575033	0.2634101	0.3558104	0.4468006	0.1408884	0.1084353	0.2149030	0.3138531	0.2820145	0.2420605
3232987952.8964100	0.2488662	0.2900794	0.2123180	0.3302254	0.2035854	0.3568408	0.2575083	0.2634122	0.3558028	0.4468100	0.1408921	0.1084409	0.2149096	0.3138525	0.2820214	0.2420577
3232987952.9062982	0.2488666	0.2900804	0.2123220	0.3302198	0.2035855	0.3568659	0.2575153	0.2634076	0.3558034	0.4467959	0.1408843	0.1084353	0.2149117	0.3138476	0.2820149	0.2420616
3232987952.9161863	0.2488792	0.2900813	0.2123361	0.3302194	0.2035773	0.3568479	0.2575130	0.2634152	0.3558166	0.4467965	0.1408871	0.1084381	0.2149051	0.3138479	0.2820032	0.2420703
3232987952.9260745	0.2488839	0.2900807	0.2123386	0.3302303	0.2035822	0.3568455	0.2575195	0.2634254	0.3558032	0.4467967	0.1408874	0.1084400	0.2149070	0.3138453	0.2820275	0.2420440
3232987952.9359627	0.2488485	0.2900607	0.2123386	0.3302239	0.2036134	0.3568594	0.2575202	0.2633961	0.3558167	0.4467964	0.1408989	0.1084328	0.2149032	0.3138357	0.2820101	0.2420546
3232987952.9458508	0.2488522	0.2900505	0.2123073	0.3302130	0.2035820	0.3568258	0.2575053	0.2634245	0.3558040	0.4467801	0.1408904	0.1084395	0.2148908	0.3138399	0.2820135	0.2420344
3232987952.9557390	0.2488602	0.2900731	0.2123137	0.3302183	0.2035911	0.3568514	0.2575043	0.2634184	0.3558058	0.4467865	0.1408938	0.1084320	0.2149068	0.3138486	0.2819963	0.2420537
3232987952.9656272	0.2488759	0.2900761	0.2123582	0.3302243	0.2035912	0.3568491	0.2575257	0.2634020	0.3558167	0.4467867	0.1408854	0.1084341	0.2149092	0.3138466	0.2820021	0.2420461
3232987952.9755154	0.2488632	0.2900532	0.2123398	0.3302238	0.2035935	0.3568674	0.2575270	0.2634075	0.3558229	0.4467917	0.1408801	0.1084238	0.2148952	0.3138490	0.2820060	0.2420451
3232987952.9854035	0.2488603	0.2900614	0.2123456	0.3301923	0.2035787	0.3568367	0.2575098	0.2634069	0.3558024	0.4467777	0.1408999	0.1084464	0.2149115	0.3138374	0.2820187	0.2420610
3232987952.9952903	0.2488629	0.2900600	0.2123366	0.3302229	0.2035803	0.3568467	0.2575173	0.2634045	0.3558129	0.4467873	0.1408975	0.1084494	0.2149074	0.3138440	0.2819956	0.2420453
3232987953.0051784	0.2488736	0.2900441	0.2123283	0.3302109	0.2035793	0.3568587	0.2574889	0.2634090	0.3557927	0.4467646	0.1408859	0.1084352	0.2148975	0.3138397	0.2820058	0.2420556
3232987953.0150666	0.2488632	0.2900668	0.2123393	0.3302118	0.2035835	0.3568367	0.2575234	0.2633830	0.3558076	0.4467793	0.1409001	0.1084291	0.2149145	0.3138524	0.2820096	0.2420483
3232987953.0249548	0.2488796	0.2900659	0.2123325	0.3302025	0.2035823	0.3568490	0.2575102	0.2633917	0.3557944	0.4467828	0.1408689	0.1084276	0.2149258	0.3138382	0.2820168	0.2420415
3232987953.0348430	0.2488772	0.2900669	0.2123340	0.3302109	0.2035946	0.3568370	0.2575133	0.2634140	0.3558163	0.4467962	0.1409061	0.1084233	0.2149134	0.3138365	0.2819945	0.2420494
3232987953.0447311	0.2488604	0.2900644	0.2123200	0.3302053	0.2035859	0.3568374	0.2575036	0.2634062	0.3558172	0.4467627	0.1408551	0.1084375	0.2149006	0.3138327	0.2820107	0.2420368
3232987953.0546193	0.2488693	0.2900629	0.2123197	0.3301951	0.2035824	0.3568221	0.2575149	0.2633839	0.3558112	0.4467702	0.1408806	0.1084103	0.2149152	0.3138439	0.2820031	0.2420653
3232987953.0645075	0.2488665	0.2900636	0.2123285	0.3302127	0.2035880	0.3568300	0.2575119	0.2634053	0.3557983	0.4467743	0.1408821	0.1084219	0.2149017	0.3138377	0.2819916	0.2420268
3232987953.0743957	0.2488661	0.2900526	0.2123286	0.3302078	0.2035927	0.3568267	0.2575319	0.2633979	0.3558235	0.4467848	0.1408849	0.1084108	0.2148967	0.3138306	0.2820052	0.2420406
3232987953.0842838	0.2488641	0.2900466	0.2123433	0.3301873	0.2035888	0.3568217	0.2575239	0.2634053	0.3557923	0.4467710	0.1408916	0.1084513	0.2149064	0.3138437	0.2820003	0.2420384
3232987953.0941701	0.2488807	0.2900575	0.2123227	0.3302186	0.2035826	0.3568265	0.2575327	0.2633994	0.3558068	0.4467730	0.1408821	0.1084335	0.2149109	0.3138405	0.2819972	0.2420463
3232987953.1040583	0.2488637	0.2900323	0.2123246	0.3301963	0.2035807	0.3568513	0.2575231	0.2634092	0.3558092	0.4467775	0.1408780	0.1084302	0.2148902	0.3138345	0.2820044	0.2420434
3232987953.1139464	0.2488716	0.2900586	0.2123410	0.3302042	0.2035794	0.3568231	0.2575282	0.2633953	0.3558066	0.4467628	0.1408839	0.1084229	0.2149143	0.3138356	0.2820231	0.2420510
3232987953.1238346	0.2488805	0.2900419	0.2123317	0.3301980	0.2035806	0.3568276	0.2575425	0.2633933	0.3558020	0.4467734	0.1408684	0.1084156	0.2148932	0.3138311	0.2819983	0.2420328
3232987953.1337228	0.2488806	0.2900479	0.2123239	0.3302161	0.2036112	0.3568229	0.2575048	0.2634029	0.3557930	0.4467804	0.1408896	0.1084069	0.2149161	0.3138313	0.2820201	0.2420417
3232987953.1436110	0.2488667	0.2900576	0.2123334	0.3301816	0.2035879	0.3568200	0.2575057	0.2633966	0.3558012	0.4467320	0.1408889	0.1084141	0.2149044	0.3138306	0.2820108	0.2420347
3232987953.1534991	0.2488615	0.2900250	0.2123255	0.3302008	0.2035904	0.3568078	0.2575102	0.2634064	0.3558031	0.4467606	0.1408984	0.1084246	0.2148782	0.3138366	0.2820145	0.2420496
3232987953.1633873	0.2488590	0.2900495	0.2123175	0.3302151	0.2035667	0.3568307	0.2574898	0.2633871	0.3557985	0.4467629	0.1408717	0.1084330	0.2148904	0.3138219	0.2820091	0.2420457
3232987953.1732755	0.2488876	0.2900579	0.2123395	0.3302064	0.2035888	0.3568356	0.2575208	0.2634014	0.3558098	0.4467665	0.1408947	0.1084145	0.2149011	0.3138436	0.2819966	0.2420427
3232987953.1831636	0.2488526	0.2900322	0.2123414	0.3301946	0.2035863	0.3568171	0.2575223	0.2633999	0.3557935	0.4467619	0.1408940	0.1084301	0.2149081	0.3138026	0.2820067	0.2420292
3232987953.1930499	0.2488604	0.2900464	0.2123357	0.3301886	0.2035777	0.3568238	0.2575060	0.2633938	0.3558105	0.4467450	0.1408936	0.1084262	0.2149017	0.3138254	0.2820268	0.2420515
3232987953.2029381	0.2488760	0.2900541	0.2123355	0.3301774	0.2035781	0.3568082	0.2574947	0.2633898	0.3557942	0.4467747	0.1408931	0.1084285	0.2148975	0.3138244	0.2820001	0.2420253
3232987953.2128262	0.2488495	0.2900364	0.2123289	0.3301882	0.2035797	0.3568176	0.2575180	0.2633736	0.3557971	0.4467545	0.1408882	0.1084270	0.2149098	0.3138278	0.2819897	0.2420383
3232987953.2227144	0.2488831	0.2900530	0.2123457	0.3301889	0.2035835	0.3568244	0.2575151	0.2633845	0.3558389	0.4467591	0.1408936	0.1084221	0.2148770	0.3138150	0.2820040	0.2420339
3232987953.2326026	0.2488741	0.2900550	0.2123278	0.3302041	0.2035954	0.3568200	0.2575354	0.2633911	0.3558229	0.4467517	0.1408930	0.1084181	0.2148877	0.3138205	0.2820050	0.2420350
3232987953.2424908	0.2488901	0.2900533	0.2123391	0.3302041	0.2035986	0.3568456	0.2575050	0.2633859	0.3558202	0.4467397	0.1408931	0.1084210	0.2149287	0.3138306	0.2820004	0.2420187
3232987953.2523789	0.2488659	0.2900372	0.2123368	0.3301959	0.2035926	0.3568133	0.2575309	0.2633825	0.3557994	0.4467497	0.1408847	0.1084133	0.2149013	0.3138170	0.2819874	0.2420305
3232987953.2622671	0.2488813	0.2900466	0.2123231	0.3301887	0.2036017	0.3568070	0.2575304	0.2633930	0.3558086	0.4467619	0.1408974	0.1084401	0.2149097	0.3138224	0.2820201	0.2420132
3232987953.2721553	0.2488716	0.2900476	0.2123389	0.3302003	0.2035811	0.3568197	0.2575153	0.2634077	0.3557830	0.4467608	0.1409003	0.1084047	0.2149087	0.3138263	0.2820164	0.2420287
3232987953.2820435	0.2488681	0.2900399	0.2123328	0.3302010	0.2035860	0.3568156	0.2575433	0.2633668	0.3558200	0.4467574	0.1408897	0.1084334	0.2148999	0.3138154	0.2820015	0.2420455
3232987953.2919302	0.2488959	0.2900393	0.2123611	0.3301932	0.2035965	0.3568051	0.2575298	0.2633823	0.3558056	0.4467575	0.1408886	0.1084273	0.2149085	0.3137979	0.2820237	0.2420308
3232987953.3018184	0.2488779	0.2900398	0.2123219	0.3301896	0.2035716	0.3568159	0.2575344	0.2633807	0.3558109	0.4467560	0.1409004	0.1084201	0.2148999	0.3138211	0.2820104	0.2420273
3232987953.3117065	0.2488742	0.2900411	0.2123391	0.3301947	0.2035982	0.3567959	0.2575311	0.2633873	0.3557897	0.4467574	0.1408915	0.1084198	0.2149094	0.3138227	0.2820010	0.2420300
3232987953.3215947	0.2488796	0.2900432	0.2123167	0.3301955	0.2035721	0.3568063	0.2575111	0.2633792	0.3558053	0.4467450	0.1408788	0.1084245	0.2149054	0.3138331	0.2820143	0.2420234
3232987953.3314829	0.2488771	0.2900404	0.2123416	0.3301898	0.2035755	0.3567976	0.2575107	0.2633869	0.3558024	0.4467391	0.1408693	0.1084231	0.2149011	0.3137985	0.2819983	0.2420327
3232987953.3413711	0.2488727	0.2900485	0.2123299	0.3301813	0.2035907	0.3568141	0.2575229	0.2633902	0.3557948	0.4467303	0.1408854	0.1084288	0.2149181	0.3138166	0.2819980	0.2420573
3232987953.3512592	0.2488919	0.2900467	0.2123359	0.3301726	0.2035848	0.3567960	0.2575275	0.2633814	0.3558091	0.4467332	0.1408838	0.1084228	0.2149117	0.3138122	0.2820160	0.2420467
3232987953.3611474	0.2488807	0.2900332	0.2123382	0.3301836	0.2035978	0.3567974	0.2575323	0.2633986	0.3558056	0.4467282	0.1409002	0.1084246	0.2149064	0.3137967	0.2819941	0.2420299
3232987953.3710356	0.2488790	0.2900326	0.2123294	0.3301817	0.2035890	0.3568030	0.2575105	0.2633918	0.3557965	0.4467390	0.1408993	0.1084319	0.2149011	0.3138155	0.2820092	0.2420163
3232987953.3809237	0.2488813	0.2900336	0.2123282	0.3301861	0.2035807	0.3568242	0.2575143	0.2633855	0.3558171	0.4467378	0.1408959	0.1084173	0.2149099	0.3138068	0.2820098	0.2420183
3232987953.3908100	0.2488572	0.2900346	0.2123523	0.3301699	0.2036063	0.3568147	0.2575206	0.2633890	0.3557931	0.4467400	0.1408753	0.1084269	0.2149018	0.3138072	0.2820203	0.2420155
3232987953.4006982	0.2488782	0.2900286	0.2123347	0.3301871	0.2035874	0.3568229	0.2575102	0.2633883	0.3557941	0.4467468	0.1408898	0.1084290	0.2148964	0.3138098	0.2819983	0.2420252
3232987953.4105864	0.2488736	0.2900388	0.2123419	0.3301904	0.2035956	0.3568037	0.2575119	0.2633673	0.3557990	0.4467374	0.1408982	0.1084246	0.2148995	0.3138148	0.2820025	0.2420177
3232987953.4204745	0.2488789	0.2900355	0.2123280	0.3301914	0.2036035	0.3568146	0.2575140	0.2633881	0.3557878	0.4467529	0.1408794	0.1084083	0.2149118	0.3138123	0.2820064	0.2420229
3232987953.4303627	0.2488707	0.2900489	0.2123345	0.3301850	0.2036017	0.3568112	0.2575279	0.2633853	0.3557841	0.4467334	0.1408809	0.1084242	0.2148975	0.3137951	0.2820084	0.2420431
3232987953.4402509	0.2488776	0.2900424	0.2123577	0.3301688	0.2035985	0.3568046	0.2575294	0.2633838	0.3558203	0.4467452	0.1408791	0.1084121	0.2149106	0.3138162	0.2820108	0.2420187
3232987953.4501390	0.2488878	0.2900233	0.2123538	0.3301886	0.2035947	0.3568012	0.2575380	0.2633847	0.3558039	0.4467334	0.1408971	0.1084367	0.2149051	0.3138023	0.2820018	0.2420149
3232987953.4600272	0.2488935	0.2900356	0.2123452	0.3301620	0.2035946	0.3568038	0.2575377	0.2633786	0.3558010	0.4467268	0.1408960	0.1084260	0.2148996	0.3137945	0.2819698	0.2420197
3232987953.4699154	0.2488567	0.2900134	0.2123427	0.3301956	0.2035858	0.3567907	0.2575315	0.2633796	0.3557911	0.4467307	0.1408826	0.1084322	0.2149064	0.3137983	0.2820052	0.2420262
3232987953.4798036	0.2488729	0.2900270	0.2123359	0.3301760	0.2035823	0.3567996	0.2575220	0.2633881	0.3557973	0.4467227	0.1409007	0.1084258	0.2148916	0.3138134	0.2820034	0.2420119
3232987953.4896903	0.2488593	0.2900330	0.2123385	0.3301936	0.2035908	0.3568200	0.2575315	0.2633740	0.3558012	0.4467345	0.1408875	0.1084281	0.2149074	0.3138183	0.2820141	0.2420239
3232987953.4995785	0.2488643	0.2900266	0.2123287	0.3301853	0.2035687	0.3567944	0.2575341	0.2633759	0.3558111	0.4467391	0.1408827	0.1084242	0.2148923	0.3138100	0.2820132	0.2420103
3232987953.5094666	0.2488682	0.2900306	0.2123502	0.3301859	0.2036037	0.3568003	0.2575383	0.2633911	0.3558130	0.4467422	0.1408998	0.1084299	0.2149072	0.3138245	0.2819994	0.2420208
3232987953.5193548	0.2488976	0.2900167	0.2123391	0.3301760	0.2035798	0.3567902	0.2575332	0.2633855	0.3557992	0.4467230	0.1408857	0.1084156	0.2149056	0.3137912	0.2820108	0.2420329
3232987953.5292430	0.2488651	0.2900141	0.2123405	0.3301984	0.2035809	0.3568038	0.2575208	0.2633903	0.3558039	0.4467331	0.1408959	0.1084044	0.2149054	0.3137956	0.2820148	0.2420435
3232987953.5391312	0.2488890	0.2900513	0.2123488	0.3301789	0.2035762	0.3568168	0.2575271	0.2633776	0.3557960	0.4467232	0.1408617	0.1084361	0.2149092	0.3137881	0.2820125	0.2420370
3232987953.5490193	0.2488807	0.2900292	0.2123582	0.3301739	0.2035898	0.3568159	0.2575249	0.2633836	0.3558137	0.4467323	0.1408866	0.1084382	0.2149130	0.3138025	0.2819978	0.2420474
3232987953.5589075	0.2488994	0.2900308	0.2123392	0.3301896	0.2036089	0.3568351	0.2575392	0.2633724	0.3558011	0.4467314	0.1408706	0.1084146	0.2149258	0.3137868	0.2819865	0.2420212
3232987953.5687957	0.2488878	0.2900586	0.2123501	0.3301957	0.2035907	0.3568154	0.2575226	0.2633716	0.3557921	0.4467224	0.1408727	0.1084226	0.2148801	0.3138249	0.2820111	0.2420244
3232987953.5786839	0.2488601	0.2900247	0.2123454	0.3301818	0.2035868	0.3568129	0.2575192	0.2633722	0.3557843	0.4467281	0.1408852	0.1084261	0.2148981	0.3138145	0.2820095	0.2420221
3232987953.5885701	0.2488713	0.2900403	0.2123319	0.3301864	0.2035822	0.3568015	0.2575222	0.2633836	0.3557841	0.4467190	0.1408833	0.1084199	0.2148971	0.3138002	0.2819954	0.2420322
3232987953.5984583	0.2488730	0.2900562	0.2123529	0.3301813	0.2035849	0.3568192	0.2575285	0.2633794	0.3558220	0.4467307	0.1408800	0.1084361	0.2149015	0.3137820	0.2820170	0.2420120
3232987953.6083465	0.2488780	0.2900279	0.2123545	0.3301728	0.2036012	0.3568051	0.2575100	0.2633906	0.3558097	0.4467302	0.1408854	0.1084073	0.2148849	0.3137979	0.2820236	0.2420365
3232987953.6182346	0.2488856	0.2900217	0.2123523	0.3301883	0.2035860	0.3567934	0.2575207	0.2633866	0.3557987	0.4467200	0.1408712	0.1084067	0.2148992	0.3137763	0.2820002	0.2420350
3232987953.6281228	0.2488708	0.2900273	0.2123215	0.3301830	0.2035803	0.3568217	0.2575210	0.2633800	0.3557999	0.4467320	0.1408977	0.1084104	0.2148875	0.3138231	0.2819846	0.2420397
3232987953.6380110	0.2488673	0.2900321	0.2123346	0.3301989	0.2036075	0.3568022	0.2575262	0.2633760	0.3558062	0.4467282	0.1408680	0.1084241	0.2148802	0.3138075	0.2820084	0.2420245
3232987953.6478991	0.2488918	0.2900614	0.2123427	0.3301750	0.2035892	0.3568113	0.2575139	0.2633765	0.3557960	0.4467418	0.1408875	0.1084184	0.2149037	0.3137994	0.2820110	0.2420274
3232987953.6577873	0.2488721	0.2900445	0.2123277	0.3301835	0.2036000	0.3567943	0.2575326	0.2633779	0.3557873	0.4467395	0.1408833	0.1084133	0.2149010	0.3137984	0.2820059	0.2420153
3232987953.6676755	0.2488709	0.2900489	0.2123269	0.3301947	0.2036030	0.3568064	0.2575327	0.2633770	0.3557921	0.4467245	0.1408983	0.1084031	0.2148978	0.3137864	0.2819994	0.2420150
3232987953.6775637	0.2488651	0.2900259	0.2123360	0.3301927	0.2035636	0.3568145	0.2575215	0.2633683	0.3557822	0.4467236	0.1408783	0.1084112	0.2149041	0.3137929	0.2819994	0.2420160
3232987953.6874499	0.2488809	0.2900348	0.2123341	0.3301807	0.2035765	0.3568083	0.2575136	0.2633824	0.3558001	0.4467270	0.1408895	0.1084133	0.2148826	0.3138060	0.2820001	0.2420165
3232987953.6973381	0.2488666	0.2900421	0.2123401	0.3301886	0.2035895	0.3568134	0.2575358	0.2633739	0.3558024	0.4467380	0.1409014	0.1084215	0.2149083	0.3138019	0.2819954	0.2420128
3232987953.7072263	0.2488579	0.2900273	0.2123339	0.3301880	0.2035813	0.3568105	0.2575304	0.2633748	0.3557835	0.4467262	0.1408819	0.1084120	0.2149078	0.3138001	0.2819939	0.2420191
3232987953.7171144	0.2488766	0.2900457	0.2123324	0.3301814	0.2035961	0.3568183	0.2575193	0.2633962	0.3557877	0.4467252	0.1408810	0.1084194	0.2148996	0.3137889	0.2820176	0.2420367
3232987953.7270026	0.2488725	0.2900126	0.2123478	0.3301799	0.2035757	0.3568155	0.2575169	0.2633894	0.3558116	0.4467100	0.1408792	0.1084152	0.2148955	0.3138264	0.2820024	0.2420268
3232987953.7368908	0.2488684	0.2900144	0.2123175	0.3301776	0.2035862	0.3567833	0.2575236	0.2633719	0.3557923	0.4467176	0.1408911	0.1083988	0.2148956	0.3137897	0.2819911	0.2420257
3232987953.7467790	0.2488757	0.2900408	0.2123263	0.3301826	0.2035756	0.3568094	0.2575095	0.2633718	0.3558019	0.4467082	0.1408846	0.1084308	0.2148963	0.3138054	0.2819973	0.2420165
3232987953.7566671	0.2488728	0.2900205	0.2123475	0.3301872	0.2035972	0.3567906	0.2575113	0.2633872	0.3558027	0.4467329	0.1408756	0.1084334	0.2149011	0.3138010	0.2820044	0.2419996
3232987953.7665553	0.2488738	0.2900290	0.2123519	0.3301613	0.2036004	0.3568062	0.2575340	0.2633812	0.3557890	0.4467149	0.1408780	0.1084138	0.2149039	0.3137756	0.2820088	0.2420306
3232987953.7764435	0.2488657	0.2900230	0.2123207	0.3301959	0.2035845	0.3568072	0.2575121	0.2633742	0.3557946	0.4467121	0.1408810	0.1084227	0.2148873	0.3137885	0.2819814	0.2420213
3232987953.7863302	0.2488729	0.2900473	0.2123394	0.3301843	0.2035930	0.3567847	0.2575254	0.2633788	0.3558029	0.4467161	0.1408681	0.1084025	0.2148870	0.3138063	0.2820069	0.2419961
3232987953.7962184	0.2488842	0.2900305	0.2123140	0.3301799	0.2035894	0.3568005	0.2575296	0.2633751	0.3557886	0.4466935	0.1408814	0.1084167	0.2148911	0.3137973	0.2820057	0.2420099
3232987953.8061066	0.2488537	0.2900221	0.2123461	0.3301727	0.2035710	0.3568057	0.2575053	0.2633769	0.3558125	0.4467216	0.1408876	0.1084091	0.2149079	0.3137863	0.2820145	0.2419969
3232987953.8159947	0.2488790	0.2900257	0.2123291	0.3301846	0.2035936	0.3567906	0.2575282	0.2633915	0.3557888	0.4467143	0.1409010	0.1083957	0.2148865	0.3137954	0.2820104	0.2420062
3232987953.8258829	0.2488741	0.2900234	0.2123281	0.3301743	0.2035951	0.3568007	0.2575143	0.2633686	0.3558013	0.4467239	0.1408890	0.1084232	0.2148978	0.3137915	0.2820017	0.2420140
3232987953.8357711	0.2488923	0.2900432	0.2123157	0.3301702	0.2036030	0.3568003	0.2575081	0.2633832	0.3558014	0.4467090	0.1408972	0.1083841	0.2148789	0.3137960	0.2820030	0.2420090
3232987953.8456593	0.2488768	0.2900390	0.2123480	0.3301752	0.2035905	0.3567986	0.2575131	0.2633797	0.3557969	0.4467011	0.1408890	0.1084219	0.2148900	0.3137809	0.2819981	0.2420140
3232987953.8555474	0.2488624	0.2900338	0.2123474	0.3301857	0.2035847	0.3568065	0.2575129	0.2633690	0.3557977	0.4467047	0.1408946	0.1084127	0.2149010	0.3137926	0.2820006	0.2420126
3232987953.8654356	0.2488780	0.2900230	0.2123367	0.3301595	0.2035943	0.3568003	0.2575030	0.2633631	0.3557849	0.4467047	0.1408921	0.1084214	0.2148891	0.3138055	0.2819930	0.2420185
3232987953.8753238	0.2488861	0.2900113	0.2123347	0.3301635	0.2036064	0.3567743	0.2575429	0.2633749	0.3557808	0.4467211	0.1408850	0.1084108	0.2149041	0.3137836	0.2820176	0.2420105
3232987953.8852100	0.2488613	0.2900135	0.2123344	0.3301725	0.2035732	0.3568046	0.2575274	0.2633640	0.3557753	0.4467047	0.1408820	0.1084057	0.2149038	0.3137889	0.2820102	0.2420074
3232987953.8950982	0.2488776	0.2900182	0.2123400	0.3301674	0.2035893	0.3567761	0.2575291	0.2633777	0.3557972	0.4467107	0.1408815	0.1084072	0.2148830	0.3138014	0.2820023	0.2420380
3232987953.9049864	0.2488792	0.2900341	0.2123401	0.3301540	0.2035927	0.3567807	0.2575133	0.2633798	0.3557970	0.4467125	0.1408856	0.1084148	0.2148949	0.3137679	0.2820130	0.2420072
3232987953.9148746	0.2488591	0.2900366	0.2123303	0.3301810	0.2035848	0.3567913	0.2575390	0.2633540	0.3557855	0.4467083	0.1409000	0.1084128	0.2148977	0.3138045	0.2819869	0.2420139
3232987953.9247627	0.2488441	0.2900219	0.2123217	0.3301511	0.2035824	0.3567835	0.2575455	0.2633662	0.3557955	0.4467115	0.1408700	0.1084302	0.2149016	0.3138039	0.2820048	0.2420127
3232987953.9346509	0.2488929	0.2900307	0.2123329	0.3301685	0.2035939	0.3567840	0.2575199	0.2633591	0.3557729	0.4467288	0.1408818	0.1084099	0.2149031	0.3137803	0.2819853	0.2420140
3232987953.9445391	0.2488805	0.2900215	0.2123416	0.3301617	0.2035821	0.3568001	0.2575230	0.2633696	0.3557739	0.4467072	0.1408675	0.1084236	0.2148925	0.3137812	0.2820150	0.2420163
3232987953.9544272	0.2488856	0.2900052	0.2123355	0.3301631	0.2035741	0.3567796	0.2575121	0.2633600	0.3557823	0.4467039	0.1408709	0.1084109	0.2148781	0.3137824	0.2819963	0.2419977
3232987953.9643154	0.2488753	0.2900129	0.2123348	0.3301797	0.2035755	0.3567852	0.2575229	0.2633747	0.3557808	0.4467155	0.1408725	0.1084093	0.2148861	0.3137872	0.2820002	0.2419675
3232987953.9742036	0.2488694	0.2900180	0.2123542	0.3301640	0.2036097	0.3567820	0.2575406	0.2633691	0.3557790	0.4467092	0.1408747	0.1084067	0.2148958	0.3137823	0.2819902	0.2420122
3232987953.9840903	0.2488809	0.2900188	0.2123107	0.3301632	0.2035937	0.3567845	0.2575097	0.2633582	0.3558025	0.4467149	0.1409164	0.1084276	0.2148968	0.3137941	0.2820022	0.2420108
3232987953.9939785	0.2488693	0.2900205	0.2123421	0.3301753	0.2035914	0.3567994	0.2575143	0.2633669	0.3557938	0.4467118	0.1408897	0.1084017	0.2148917	0.3137825	0.2820095	0.2420088
3232987954.0038667	0.2488652	0.2900220	0.2123355	0.3301539	0.2035763	0.3567840	0.2575242	0.2633749	0.3557938	0.4467136	0.1408881	0.1084280	0.2148655	0.3137730	0.2819951	0.2420111
3232987954.0137548	0.2488757	0.2900221	0.2123226	0.3301654	0.2036084	0.3567716	0.2575166	0.2633566	0.3557961	0.4467041	0.1408807	0.1083952	0.2148908	0.3137829	0.2819942	0.2420299
3232987954.0236430	0.2488672	0.2900291	0.2123417	0.3301726	0.2035938	0.3568069	0.2575318	0.2633678	0.3557875	0.4466999	0.1409026	0.1084286	0.2148766	0.3137808	0.2820043	0.2420055
3232987954.0335312	0.2488808	0.2900193	0.2123425	0.3301741	0.2035849	0.3567810	0.2575485	0.2633473	0.3557890	0.4467040	0.1408784	0.1083996	0.2149037	0.3137986	0.2820016	0.2420094
3232987954.0434194	0.2488863	0.2900156	0.2123304	0.3301453	0.2035922	0.3567700	0.2574998	0.2633764	0.3558039	0.4467001	0.1408898	0.1084133	0.2149031	0.3137746	0.2820033	0.2420009
3232987954.0533075	0.2488699	0.2900189	0.2123422	0.3301556	0.2035750	0.3567811	0.2575222	0.2633996	0.3557995	0.4467196	0.1408960	0.1084116	0.2148754	0.3137668	0.2820008	0.2420076
3232987954.0631957	0.2488738	0.2900264	0.2123358	0.3301513	0.2035790	0.3567605	0.2575298	0.2633486	0.3557895	0.4467140	0.1408796	0.1083883	0.2149059	0.3137765	0.2820076	0.2420049
3232987954.0730839	0.2488873	0.2900199	0.2123463	0.3301546	0.2035883	0.3567876	0.2575169	0.2633620	0.3557976	0.4466857	0.1408839	0.1084141	0.2148896	0.3137751	0.2820028	0.2420209
3232987954.0829701	0.2488498	0.2900093	0.2123475	0.3301328	0.2035781	0.3567830	0.2575327	0.2633771	0.3558047	0.4466854	0.1408870	0.1084043	0.2149289	0.3137874	0.2820036	0.2419976
3232987954.0928583	0.2488648	0.2900139	0.2123372	0.3301788	0.2035912	0.3567754	0.2575376	0.2633606	0.3557934	0.4466996	0.1408868	0.1084091	0.2148996	0.3137918	0.2820049	0.2420021
3232987954.1027465	0.2488676	0.2900192	0.2123346	0.3301714	0.2035755	0.3567922	0.2575376	0.2633609	0.3558165	0.4466788	0.1408966	0.1084185	0.2148886	0.3137943	0.2820034	0.2420008
3232987954.1126347	0.2488848	0.2900045	0.2123168	0.3301518	0.2035939	0.3567937	0.2575381	0.2633620	0.3558088	0.4466979	0.1408702	0.1084085	0.2148920	0.3137822	0.2820120	0.2420028
3232987954.1225228	0.2488787	0.2899980	0.2123344	0.3301441	0.2035897	0.3567872	0.2575055	0.2633551	0.3557912	0.4466949	0.1408788	0.1084231	0.2149213	0.3137761	0.2820134	0.2420058
3232987954.1324110	0.2488682	0.2900155	0.2123311	0.3301516	0.2035954	0.3567713	0.2575287	0.2633399	0.3557869	0.4466898	0.1409047	0.1084109	0.2148930	0.3137668	0.2819963	0.2420001
3232987954.1422992	0.2488844	0.2900027	0.2123482	0.3301441	0.2035775	0.3567798	0.2575257	0.2633574	0.3558046	0.4466851	0.1409024	0.1084307	0.2149032	0.3137751	0.2820115	0.2419844
3232987954.1521873	0.2488611	0.2900208	0.2123408	0.3301353	0.2036048	0.3567872	0.2575297	0.2633504	0.3558119	0.4466749	0.1408889	0.1084122	0.2149072	0.3137731	0.2820101	0.2420057
3232987954.1620755	0.2488816	0.2900111	0.2123329	0.3301357	0.2035995	0.3567688	0.2575423	0.2633416	0.3558000	0.4466767	0.1408766	0.1084123	0.2148948	0.3137629	0.2820094	0.2419992
3232987954.1719637	0.2488915	0.2900077	0.2123317	0.3301513	0.2035833	0.3567721	0.2575327	0.2633539	0.3558189	0.4466855	0.1409000	0.1084134	0.2149008	0.3137737	0.2820015	0.2419756
3232987954.1818500	0.2488802	0.2900087	0.2123513	0.3301432	0.2035768	0.3567679	0.2575351	0.2633554	0.3558031	0.4466941	0.1408898	0.1084059	0.2148895	0.3137737	0.2820172	0.2420049
3232987954.1917381	0.2488669	0.2900072	0.2123369	0.3301409	0.2035853	0.3567640	0.2575312	0.2633551	0.3558138	0.4466972	0.1408905	0.1083891	0.2149027	0.3137836	0.2820102	0.2420221
3232987954.2016263	0.2488745	0.2900185	0.2123263	0.3301533	0.2035877	0.3567679	0.2575101	0.2633451	0.3558017	0.4466968	0.1409021	0.1083949	0.2148831	0.3137761	0.2819898	0.2420132
3232987954.2115145	0.2488616	0.2900123	0.2123254	0.3301413	0.2035849	0.3567671	0.2575273	0.2633571	0.3557990	0.4466907	0.1408840	0.1084141	0.2148918	0.3137765	0.2820038	0.2419898
3232987954.2214026	0.2488786	0.2900061	0.2123223	0.3301647	0.2035917	0.3567812	0.2575303	0.2633652	0.3557924	0.4466969	0.1408924	0.1084117	0.2148976	0.3137676	0.2820014	0.2419997
3232987954.2312908	0.2488746	0.2900066	0.2123381	0.3301431	0.2035871	0.3567754	0.2575207	0.2633643	0.3558124	0.4466634	0.1409065	0.1084135	0.2148877	0.3137663	0.2820022	0.2419795
3232987954.2411790	0.2488785	0.2900008	0.2123422	0.3301461	0.2035937	0.3567577	0.2575310	0.2633503	0.3558092	0.4466783	0.1408741	0.1084032	0.2148891	0.3137741	0.2820136	0.2420009
3232987954.2510672	0.2488587	0.2900097	0.2123392	0.3301506	0.2036089	0.3567745	0.2575327	0.2633736	0.3558004	0.4466685	0.1408842	0.1083985	0.2148987	0.3137810	0.2820053	0.2419956
3232987954.2609553	0.2488520	0.2899796	0.2123280	0.3301413	0.2035884	0.3567622	0.2575251	0.2633499	0.3558082	0.4466924	0.1408761	0.1084089	0.2148967	0.3137701	0.2820119	0.2419848
3232987954.2708435	0.2488657	0.2900067	0.2123467	0.3301526	0.2035856	0.3567898	0.2575246	0.2633447	0.3558051	0.4467059	0.1408844	0.1083982	0.2149059	0.3137860	0.2820042	0.2419988
3232987954.2807302	0.2488740	0.2900018	0.2123381	0.3301508	0.2035785	0.3567510	0.2575275	0.2633585	0.3557919	0.4466800	0.1408736	0.1083992	0.2149161	0.3137634	0.2820006	0.2420086
3232987954.2906184	0.2488835	0.2899964	0.2123373	0.3301556	0.2035868	0.3567602	0.2575346	0.2633603	0.3558061	0.4466868	0.1408933	0.1084102	0.2148966	0.3137754	0.2820069	0.2420094
3232987954.3005066	0.2489020	0.2900086	0.2123442	0.3301253	0.2035883	0.3567693	0.2575168	0.2633587	0.3557950	0.4466978	0.1408711	0.1084042	0.2149147	0.3137787	0.2820095	0.2420031
3232987954.3103948	0.2488662	0.2900039	0.2123314	0.3301487	0.2035889	0.3567786	0.2575100	0.2633381	0.3557921	0.4466871	0.1408761	0.1084057	0.2148964	0.3137664	0.2819835	0.2419909
3232987954.3202829	0.2488853	0.2900058	0.2123193	0.3301593	0.2035958	0.3567737	0.2575203	0.2633438	0.3558019	0.4466783	0.1408901	0.1083920	0.2149110	0.3137861	0.2820095	0.2420073
3232987954.3301711	0.2488807	0.2899928	0.2123333	0.3301517	0.2035854	0.3567525	0.2575165	0.2633567	0.3558079	0.4466744	0.1408876	0.1084011	0.2149181	0.3137566	0.2820062	0.2419946
3232987954.3400593	0.2488832	0.2899960	0.2123499	0.3301357	0.2036003	0.3567817	0.2575119	0.2633472	0.3557929	0.4466685	0.1408919	0.1084036	0.2149213	0.3137644	0.2820013	0.2419890
3232987954.3499475	0.2488808	0.2899956	0.2123456	0.3301370	0.2035982	0.3567791	0.2575337	0.2633496	0.3558138	0.4466587	0.1408911	0.1083959	0.2148932	0.3137750	0.2820142	0.2419951
3232987954.3598356	0.2488769	0.2900034	0.2123387	0.3301560	0.2036041	0.3567726	0.2575108	0.2633674	0.3558124	0.4466927	0.1409005	0.1083791	0.2149097	0.3137524	0.2819966	0.2419985
3232987954.3697238	0.2488568	0.2900252	0.2123345	0.3301388	0.2036055	0.3567625	0.2575365	0.2633477	0.3557932	0.4466810	0.1408953	0.1083986	0.2149005	0.3137505	0.2819935	0.2420139
3232987954.3796101	0.2488783	0.2900004	0.2123364	0.3301212	0.2035892	0.3567628	0.2575193	0.2633400	0.3557826	0.4466794	0.1408909	0.1084107	0.2149037	0.3137692	0.2819982	0.2419893
3232987954.3894982	0.2488649	0.2900083	0.2123224	0.3301193	0.2036070	0.3567818	0.2575297	0.2633373	0.3558042	0.4466759	0.1408840	0.1084130	0.2148997	0.3137615	0.2820055	0.2420069
3232987954.3993864	0.2488877	0.2899958	0.2123593	0.3301408	0.2036128	0.3567911	0.2575148	0.2633559	0.3557993	0.4466690	0.1408805	0.1084203	0.2149068	0.3137608	0.2819968	0.2419984
3232987954.4092746	0.2488762	0.2900095	0.2123452	0.3301342	0.2036170	0.3567576	0.2575125	0.2633641	0.3557932	0.4466655	0.1408800	0.1083948	0.2149085	0.3137630	0.2819889	0.2419944
3232987954.4191627	0.2488755	0.2900083	0.2123413	0.3301445	0.2035965	0.3567688	0.2575135	0.2633405	0.3557979	0.4466871	0.1408859	0.1084054	0.2148887	0.3137699	0.2819937	0.2419898
3232987954.4290509	0.2488762	0.2900068	0.2123447	0.3301541	0.2035842	0.3567444	0.2575286	0.2633476	0.3558029	0.4466711	0.1408820	0.1084041	0.2148806	0.3137718	0.2820093	0.2419951
3232987954.4389391	0.2488769	0.2900072	0.2123323	0.3301324	0.2035897	0.3567476	0.2575303	0.2633284	0.3558138	0.4466834	0.1408813	0.1084051	0.2149023	0.3137569	0.2820144	0.2419844
3232987954.4488273	0.2488689	0.2899965	0.2123316	0.3301610	0.2035767	0.3567765	0.2575313	0.2633540	0.3557994	0.4466753	0.1408934	0.1084050	0.2149040	0.3137553	0.2820175	0.2419877
3232987954.4587154	0.2488697	0.2899918	0.2123426	0.3301484	0.2035894	0.3567715	0.2575353	0.2633614	0.3558133	0.4466627	0.1409073	0.1083904	0.2148892	0.3137629	0.2820012	0.2420098
3232987954.4686036	0.2488740	0.2900061	0.2123347	0.3301495	0.2036012	0.3567654	0.2575263	0.2633470	0.3558044	0.4466753	0.1408933	0.1083936	0.2148994	0.3137711	0.2819955	0.2419816
3232987954.4784899	0.2488558	0.2899776	0.2123237	0.3301492	0.2035768	0.3567475	0.2575158	0.2633546	0.3557926	0.4466770	0.1408932	0.1084035	0.2148955	0.3137622	0.2820110	0.2419798
3232987954.4883780	0.2488851	0.2899729	0.2123294	0.3301308	0.2035897	0.3567588	0.2575078	0.2633415	0.3557896	0.4466592	0.1408960	0.1083869	0.2149064	0.3137473	0.2820141	0.2420115
3232987954.4982662	0.2488724	0.2899984	0.2123620	0.3301494	0.2035826	0.3567513	0.2575173	0.2633558	0.3557925	0.4466783	0.1408780	0.1083854	0.2148971	0.3137469	0.2820170	0.2419978
3232987954.5081544	0.2488610	0.2899920	0.2123494	0.3301526	0.2036126	0.3567614	0.2575327	0.2633337	0.3558157	0.4466726	0.1408753	0.1083888	0.2149082	0.3137716	0.2820294	0.2419949
3232987954.5180426	0.2488866	0.2900078	0.2123618	0.3301499	0.2035852	0.3567621	0.2575338	0.2633542	0.3558114	0.4466559	0.1408838	0.1084070	0.2148923	0.3137619	0.2820075	0.2419813
3232987954.5279307	0.2488700	0.2899893	0.2123275	0.3301346	0.2035819	0.3567559	0.2575216	0.2633310	0.3558041	0.4466606	0.1408925	0.1083966	0.2149316	0.3137702	0.2819996	0.2420003
3232987954.5378189	0.2488801	0.2899947	0.2123360	0.3301379	0.2035959	0.3567587	0.2575107	0.2633393	0.3558130	0.4466603	0.1408764	0.1084035	0.2148891	0.3137625	0.2820104	0.2419792
3232987954.5477071	0.2488774	0.2899983	0.2123335	0.3301465	0.2035821	0.3567431	0.2575101	0.2633615	0.3558068	0.4466569	0.1408857	0.1083890	0.2149036	0.3137561	0.2820020	0.2419985
3232987954.5575953	0.2488886	0.2899839	0.2123547	0.3301190	0.2035977	0.3567720	0.2575381	0.2633600	0.3557936	0.4466584	0.1408938	0.1084002	0.2149067	0.3137472	0.2820065	0.2419918
3232987954.5674834	0.2488899	0.2899997	0.2123354	0.3301272	0.2035910	0.3567765	0.2575249	0.2633486	0.3557921	0.4466491	0.1408978	0.1083860	0.2149073	0.3137448	0.2820230	0.2419842
3232987954.5773702	0.2488727	0.2899879	0.2123474	0.3301251	0.2035855	0.3567624	0.2575148	0.2633206	0.3558064	0.4466682	0.1408999	0.1083961	0.2149099	0.3137537	0.2820133	0.2419829
3232987954.5872583	0.2488651	0.2900034	0.2123230	0.3301250	0.2035816	0.3567609	0.2575157	0.2633457	0.3558167	0.4466585	0.1408925	0.1084087	0.2149060	0.3137715	0.2820199	0.2419771
3232987954.5971465	0.2488708	0.2899865	0.2123325	0.3301290	0.2035985	0.3567640	0.2575260	0.2633339	0.3557959	0.4466680	0.1409032	0.1083937	0.2148938	0.3137618	0.2820235	0.2419773
3232987954.6070347	0.2488808	0.2900113	0.2123348	0.3301160	0.2036034	0.3567393	0.2575401	0.2633692	0.3558082	0.4466617	0.1408826	0.1084060	0.2149016	0.3137809	0.2819965	0.2419813
3232987954.6169229	0.2488825	0.2899857	0.2123460	0.3301130	0.2036123	0.3567418	0.2575379	0.2633490	0.3558134	0.4466614	0.1408914	0.1084184	0.2149176	0.3137454	0.2819900	0.2419805
3232987954.6268110	0.2488656	0.2899970	0.2123350	0.3301112	0.2035814	0.3567416	0.2575405	0.2633571	0.3558114	0.4466544	0.1408870	0.1084039	0.2148920	0.3137482	0.2820046	0.2419986
3232987954.6366992	0.2488714	0.2899880	0.2123617	0.3301308	0.2036005	0.3567392	0.2575203	0.2633132	0.3558060	0.4466709	0.1408790	0.1083981	0.2149010	0.3137458	0.2820067	0.2419785
3232987954.6465874	0.2488704	0.2900009	0.2123303	0.3301205	0.2036009	0.3567351	0.2575310	0.2633212	0.3558068	0.4466656	0.1408878	0.1084050	0.2149023	0.3137418	0.2820083	0.2419991
3232987954.6564755	0.2488733	0.2899909	0.2123356	0.3301403	0.2035948	0.3567535	0.2575298	0.2633348	0.3558143	0.4466638	0.1408887	0.1083917	0.2149028	0.3137498	0.2819928	0.2419810
3232987954.6663637	0.2488634	0.2900076	0.2123498	0.3301233	0.2035729	0.3567624	0.2575486	0.2633567	0.3558070	0.4466646	0.1408865	0.1083990	0.2149137	0.3137509	0.2820112	0.2419868
3232987954.6762500	0.2488842	0.2899837	0.2123489	0.3301207	0.2035837	0.3567465	0.2575239	0.2633525	0.3557978	0.4466628	0.1408843	0.1083908	0.2149031	0.3137437	0.2820153	0.2419654
3232987954.6861382	0.2488965	0.2899935	0.2123459	0.3301251	0.2035917	0.3567409	0.2575209	0.2633436	0.3557899	0.4466521	0.1408915	0.1084094	0.2149034	0.3137545	0.2820160	0.2419805
3232987954.6960263	0.2488603	0.2899876	0.2123238	0.3301120	0.2035966	0.3567375	0.2575310	0.2633387	0.3557912	0.4466383	0.1408687	0.1083939	0.2148985	0.3137375	0.2820174	0.2419654
3232987954.7059145	0.2488833	0.2899858	0.2123505	0.3301178	0.2035990	0.3567459	0.2575160	0.2633545	0.3558066	0.4466503	0.1408942	0.1083900	0.2148973	0.3137529	0.2820037	0.2419708
3232987954.7158027	0.2488895	0.2899813	0.2123428	0.3301385	0.2035865	0.3567447	0.2575301	0.2633484	0.3557808	0.4466577	0.1408815	0.1084202	0.2148907	0.3137320	0.2820198	0.2419815
3232987954.7256908	0.2488900	0.2900042	0.2123485	0.3301357	0.2035964	0.3567320	0.2575317	0.2633363	0.3557940	0.4466526	0.1408762	0.1083990	0.2149032	0.3137429	0.2820055	0.2419769
3232987954.7355790	0.2488869	0.2899807	0.2123334	0.3301113	0.2035983	0.3567401	0.2575273	0.2633304	0.3557973	0.4466555	0.1408909	0.1084039	0.2149043	0.3137467	0.2820007	0.2419916
3232987954.7454672	0.2488835	0.2899935	0.2123324	0.3301175	0.2035717	0.3567379	0.2575331	0.2633195	0.3558103	0.4466690	0.1408974	0.1084074	0.2149029	0.3137576	0.2820106	0.2419663
3232987954.7553554	0.2488828	0.2899877	0.2123220	0.3301417	0.2035920	0.3567413	0.2575440	0.2633457	0.3558063	0.4466536	0.1408683	0.1084111	0.2149083	0.3137590	0.2820101	0.2419915
3232987954.7652435	0.2488930	0.2899916	0.2123274	0.3301159	0.2035901	0.3567523	0.2575295	0.2633445	0.3558100	0.4466624	0.1408885	0.1083896	0.2148988	0.3137602	0.2820034	0.2419620
3232987954.7751303	0.2489037	0.2899851	0.2123445	0.3301472	0.2035996	0.3567369	0.2575298	0.2633393	0.3558195	0.4466633	0.1408885	0.1083939	0.2149113	0.3137566	0.2820180	0.2419765
3232987954.7850184	0.2488837	0.2899850	0.2123559	0.3301232	0.2035865	0.3567451	0.2575391	0.2633292	0.3558220	0.4466550	0.1408792	0.1083876	0.2148965	0.3137405	0.2820170	0.2419860
3232987954.7949066	0.2488797	0.2899850	0.2123522	0.3301346	0.2036024	0.3567397	0.2575416	0.2633307	0.3557944	0.4466430	0.1408887	0.1084017	0.2148969	0.3137529	0.2819914	0.2419842
3232987954.8047948	0.2488608	0.2899854	0.2123182	0.3301107	0.2035937	0.3567313	0.2575176	0.2633414	0.3558182	0.4466300	0.1408783	0.1084161	0.2149164	0.3137561	0.2820092	0.2419912
3232987954.8146830	0.2488706	0.2899745	0.2123406	0.3301270	0.2035932	0.3567360	0.2575348	0.2633368	0.3558216	0.4466494	0.1408950	0.1083960	0.2149187	0.3137623	0.2820229	0.2419734
3232987954.8245711	0.2488784	0.2899778	0.2123470	0.3301310	0.2036002	0.3567393	0.2575373	0.2633495	0.3558034	0.4466585	0.1408791	0.1084032	0.2149123	0.3137484	0.2819944	0.2419578
3232987954.8344593	0.2488925	0.2899878	0.2123405	0.3301261	0.2035980	0.3567576	0.2575295	0.2633404	0.3558102	0.4466534	0.1409053	0.1083827	0.2149007	0.3137510	0.2820066	0.2419811
3232987954.8443475	0.2488753	0.2899722	0.2123480	0.3301105	0.2036046	0.3567457	0.2575341	0.2633279	0.3558004	0.4466470	0.1408975	0.1084040	0.2149111	0.3137480	0.2820056	0.2419697
3232987954.8542356	0.2488839	0.2899860	0.2123423	0.3301253	0.2036056	0.3567272	0.2575325	0.2633221	0.3558011	0.4466402	0.1408823	0.1083823	0.2148932	0.3137452	0.2820246	0.2419660
3232987954.8641238	0.2488712	0.2899740	0.2123443	0.3301303	0.2035831	0.3567374	0.2575312	0.2633400	0.3557989	0.4466544	0.1408849	0.1083977	0.2148943	0.3137326	0.2820168	0.2419650
3232987954.8740101	0.2488970	0.2899883	0.2123360	0.3301449	0.2036082	0.3567497	0.2575314	0.2633347	0.3558129	0.4466405	0.1408847	0.1083957	0.2149029	0.3137336	0.2820095	0.2419862
3232987954.8838983	0.2488990	0.2899903	0.2123587	0.3301152	0.2035899	0.3567352	0.2575377	0.2633402	0.3558129	0.4466548	0.1408800	0.1084140	0.2148864	0.3137507	0.2820176	0.2419727
3232987954.8937864	0.2488879	0.2899776	0.2123421	0.3301172	0.2036046	0.3567346	0.2575402	0.2633223	0.3557946	0.4466349	0.1408736	0.1083917	0.2148977	0.3137363	0.2820117	0.2419813
3232987954.9036746	0.2488758	0.2899743	0.2123488	0.3301307	0.2035871	0.3567332	0.2575253	0.2633413	0.3557992	0.4466440	0.1408643	0.1084041	0.2148975	0.3137326	0.2819923	0.2419606
3232987954.9135628	0.2488838	0.2899830	0.2123231	0.3301022	0.2035804	0.3567372	0.2575218	0.2633319	0.3558139	0.4466344	0.1408666	0.1083917	0.2149060	0.3137375	0.2820120	0.2419750
3232987954.9234509	0.2488812	0.2899868	0.2123519	0.3301226	0.2036089	0.3567364	0.2575438	0.2633292	0.3557960	0.4466432	0.1408846	0.1083971	0.2148973	0.3137311	0.2820121	0.2419663
3232987954.9333391	0.2488911	0.2899836	0.2123556	0.3301240	0.2035833	0.3567120	0.2575354	0.2633328	0.3558069	0.4466287	0.1408928	0.1083880	0.2149022	0.3137517	0.2820035	0.2419810
3232987954.9432273	0.2488827	0.2899868	0.2123300	0.3301248	0.2035853	0.3567291	0.2575393	0.2633302	0.3558058	0.4466483	0.1408860	0.1083991	0.2148829	0.3137237	0.2820053	0.2419733
3232987954.9531155	0.2488721	0.2899778	0.2123534	0.3301274	0.2036095	0.3567386	0.2575262	0.2633309	0.3558083	0.4466244	0.1408873	0.1083977	0.2148942	0.3137373	0.2820001	0.2419726
3232987954.9630036	0.2488583	0.2899676	0.2123270	0.3301224	0.2035959	0.3567489	0.2575177	0.2633234	0.3557947	0.4466264	0.1408951	0.1084174	0.2149145	0.3137198	0.2820039	0.2419739
3232987954.9728899	0.2488662	0.2899667	0.2123299	0.3301192	0.2035970	0.3567367	0.2575209	0.2633373	0.3557845	0.4466109	0.1408822	0.1083901	0.2148948	0.3137325	0.2820106	0.2419669
3232987954.9827781	0.2488787	0.2899959	0.2123445	0.3301390	0.2035890	0.3567356	0.2575374	0.2633317	0.3558112	0.4466388	0.1408866	0.1083890	0.2148974	0.3137466	0.2820220	0.2419804
3232987954.9926662	0.2488918	0.2900022	0.2123443	0.3301056	0.2035945	0.3567310	0.2575189	0.2633444	0.3557900	0.4466262	0.1408779	0.1083996	0.2149060	0.3137301	0.2820171	0.2419610
3232987955.0025544	0.2488739	0.2899831	0.2123520	0.3301148	0.2035745	0.3567324	0.2575324	0.2633036	0.3558053	0.4466331	0.1408997	0.1083830	0.2149210	0.3137103	0.2819945	0.2419616
3232987955.0124426	0.2488715	0.2899838	0.2123251	0.3301219	0.2035953	0.3567313	0.2575280	0.2633344	0.3557936	0.4466482	0.1408885	0.1083890	0.2148986	0.3137432	0.2819984	0.2419679
3232987955.0223308	0.2488957	0.2899723	0.2123511	0.3301267	0.2036026	0.3567364	0.2575424	0.2633334	0.3557999	0.4466299	0.1408846	0.1083822	0.2148869	0.3137308	0.2820092	0.2419650
3232987955.0322189	0.2488767	0.2899918	0.2123434	0.3301090	0.2035818	0.3567411	0.2575285	0.2633334	0.3558279	0.4466321	0.1408895	0.1083925	0.2149092	0.3137572	0.2820110	0.2419668
3232987955.0421071	0.2488852	0.2899659	0.2123457	0.3301081	0.2035943	0.3567298	0.2575428	0.2633185	0.3558150	0.4466285	0.1408807	0.1083936	0.2148929	0.3137380	0.2820051	0.2419732
3232987955.0519953	0.2488837	0.2899735	0.2123540	0.3301062	0.2036006	0.3567475	0.2575314	0.2633249	0.3558033	0.4466517	0.1408954	0.1083904	0.2149054	0.3137264	0.2820251	0.2419681
3232987955.0618834	0.2488795	0.2899771	0.2123498	0.3301263	0.2035980	0.3567228	0.2575342	0.2633124	0.3558016	0.4466261	0.1408904	0.1083842	0.2149040	0.3137355	0.2820016	0.2419685
3232987955.0717702	0.2488647	0.2899623	0.2123439	0.3301201	0.2035858	0.3567317	0.2575167	0.2633167	0.3558147	0.4466330	0.1408951	0.1083893	0.2148877	0.3137410	0.2820169	0.2419588
3232987955.0816584	0.2488973	0.2899720	0.2123474	0.3301044	0.2035884	0.3567267	0.2575159	0.2633278	0.3558109	0.4466166	0.1409045	0.1084104	0.2149168	0.3137168	0.2820042	0.2419588
3232987955.0915465	0.2488820	0.2899867	0.2123563	0.3301212	0.2035897	0.3567301	0.2575222	0.2633513	0.3557927	0.4466202	0.1408941	0.1084042	0.2148999	0.3137352	0.2820069	0.2419639
3232987955.1014347	0.2488797	0.2899710	0.2123466	0.3301211	0.2035930	0.3567339	0.2575298	0.2633177	0.3558025	0.4466460	0.1408833	0.1083938	0.2148992	0.3137254	0.2819943	0.2419718
3232987955.1113229	0.2488733	0.2899648	0.2123511	0.3301178	0.2035909	0.3567253	0.2575292	0.2633321	0.3558017	0.4466249	0.1408962	0.1083937	0.2149039	0.3137364	0.2819979	0.2419835
3232987955.1212110	0.2488651	0.2899722	0.2123525	0.3301087	0.2035919	0.3567413	0.2575157	0.2633195	0.3557907	0.4466321	0.1408772	0.1084029	0.2148911	0.3137132	0.2819916	0.2419744
3232987955.1310992	0.2488849	0.2899782	0.2123561	0.3300913	0.2036032	0.3567152	0.2575252	0.2633290	0.3558152	0.4466362	0.1408716	0.1084039	0.2149024	0.3137324	0.2820052	0.2419622
3232987955.1409874	0.2488887	0.2899853	0.2123580	0.3301254	0.2036101	0.3567102	0.2575344	0.2633268	0.3558073	0.4466408	0.1408806	0.1083914	0.2148935	0.3137368	0.2819892	0.2419655
3232987955.1508756	0.2488827	0.2899839	0.2123523	0.3301321	0.2036043	0.3567406	0.2575346	0.2633384	0.3558100	0.4466410	0.1408894	0.1084071	0.2149101	0.3137260	0.2820028	0.2419490
3232987955.1607637	0.2488865	0.2899731	0.2123417	0.3301205	0.2035745	0.3567277	0.2575220	0.2633444	0.3558014	0.4466351	0.1408933	0.1084009	0.2149043	0.3137356	0.2819999	0.2419853
3232987955.1706500	0.2488828	0.2899650	0.2123480	0.3301077	0.2035929	0.3567295	0.2575274	0.2633198	0.3557929	0.4466436	0.1408967	0.1083988	0.2149045	0.3137384	0.2820104	0.2419696
3232987955.1805382	0.2488821	0.2899843	0.2123467	0.3301268	0.2035982	0.3567471	0.2575371	0.2633286	0.3557892	0.4466199	0.1409000	0.1083827	0.2149023	0.3137192	0.2819995	0.2419722
3232987955.1904263	0.2488880	0.2899614	0.2123453	0.3301116	0.2036053	0.3567408	0.2575420	0.2633183	0.3557887	0.4466238	0.1408900	0.1083766	0.2149038	0.3137386	0.2820017	0.2419709
3232987955.2003145	0.2488702	0.2899699	0.2123502	0.3301144	0.2036082	0.3567354	0.2575391	0.2633297	0.3558029	0.4466303	0.1408771	0.1083889	0.2148948	0.3137369	0.2819936	0.2419654
3232987955.2102027	0.2488744	0.2899923	0.2123591	0.3301083	0.2035821	0.3567263	0.2575198	0.2633293	0.3558055	0.4466333	0.1408878	0.1083847	0.2149037	0.3137415	0.2820215	0.2419564
3232987955.2200909	0.2488630	0.2899714	0.2123445	0.3301211	0.2035955	0.3567272	0.2575496	0.2633212	0.3557919	0.4466193	0.1408748	0.1083979	0.2149032	0.3137253	0.2820163	0.2419678
3232987955.2299790	0.2488732	0.2899826	0.2123384	0.3301016	0.2035974	0.3567429	0.2575176	0.2633350	0.3557918	0.4466249	0.1408550	0.1084017	0.2148930	0.3137339	0.2820058	0.2419623
3232987955.2398672	0.2488766	0.2899779	0.2123438	0.3301153	0.2035919	0.3567304	0.2575408	0.2633311	0.3558046	0.4466496	0.1408886	0.1084007	0.2148958	0.3137203	0.2819904	0.2419428
3232987955.2497554	0.2488861	0.2899811	0.2123363	0.3301302	0.2035960	0.3567410	0.2575353	0.2633292	0.3558076	0.4466057	0.1408926	0.1084007	0.2148929	0.3137263	0.2820239	0.2419717
3232987955.2596436	0.2488809	0.2899812	0.2123348	0.3301096	0.2035870	0.3567519	0.2575554	0.2633216	0.3558136	0.4466300	0.1408740	0.1084059	0.2149111	0.3137353	0.2820023	0.2419664
3232987955.2695303	0.2488765	0.2899838	0.2123482	0.3301168	0.2035945	0.3567278	0.2575107	0.2633444	0.3557854	0.4466278	0.1408659	0.1083908	0.2148804	0.3137368	0.2820124	0.2419895
3232987955.2794185	0.2488793	0.2899796	0.2123429	0.3301178	0.2036155	0.3567412	0.2575427	0.2633089	0.3558245	0.4466290	0.1408778	0.1083923	0.2149107	0.3137286	0.2820158	0.2419695
3232987955.2893066	0.2488706	0.2899783	0.2123565	0.3301170	0.2035943	0.3567437	0.2575324	0.2633244	0.3558083	0.4466266	0.1408849	0.1083638	0.2148965	0.3137372	0.2819957	0.2419633
3232987955.2991948	0.2488849	0.2899813	0.2123346	0.3301146	0.2036068	0.3567365	0.2575597	0.2633311	0.3558124	0.4466181	0.1409047	0.1083980	0.2149114	0.3137363	0.2819938	0.2419656
3232987955.3090830	0.2488849	0.2899717	0.2123541	0.3301329	0.2035971	0.3567372	0.2575304	0.2633399	0.3557976	0.4466175	0.1408893	0.1083891	0.2148861	0.3137396	0.2820051	0.2419603
3232987955.3189712	0.2488878	0.2899681	0.2123307	0.3301212	0.2035954	0.3567408	0.2575305	0.2633252	0.3557748	0.4466179	0.1408902	0.1083799	0.2149065	0.3137486	0.2819891	0.2419721
3232987955.3288593	0.2488713	0.2899724	0.2123338	0.3301068	0.2035752	0.3567422	0.2575282	0.2633305	0.3557997	0.4466199	0.1408940	0.1083806	0.2148869	0.3137391	0.2819994	0.2419673
3232987955.3387475	0.2488851	0.2899667	0.2123521	0.3301317	0.2035918	0.3567350	0.2575212	0.2633382	0.3557908	0.4466293	0.1408721	0.1083921	0.2149050	0.3137495	0.2820071	0.2419680
3232987955.3486357	0.2488792	0.2899961	0.2123379	0.3301187	0.2036002	0.3567331	0.2575602	0.2633275	0.3558084	0.4466166	0.1408726	0.1083750	0.2148953	0.3137344	0.2820019	0.2419715
3232987955.3585238	0.2488791	0.2899735	0.2123537	0.3301355	0.2035822	0.3567293	0.2575410	0.2633332	0.3557910	0.4466401	0.1408913	0.1083969	0.2149171	0.3137220	0.2819961	0.2419883
3232987955.3684101	0.2488775	0.2899783	0.2123527	0.3301201	0.2035912	0.3567411	0.2575254	0.2633246	0.3558071	0.4466175	0.1409016	0.1083825	0.2148952	0.3137282	0.2820024	0.2419597
3232987955.3782983	0.2488693	0.2899775	0.2123408	0.3301248	0.2035819	0.3567539	0.2575361	0.2633211	0.3557839	0.4466232	0.1408747	0.1083978	0.2149044	0.3137264	0.2819962	0.2419525
3232987955.3881865	0.2488873	0.2899769	0.2123395	0.3301070	0.2036201	0.3567527	0.2575148	0.2633396	0.3557890	0.4466319	0.1408844	0.1083888	0.2148942	0.3137326	0.2819971	0.2419792
3232987955.3980746	0.2488945	0.2899792	0.2123472	0.3301160	0.2035869	0.3567363	0.2575250	0.2633289	0.3557801	0.4466396	0.1408820	0.1083982	0.2148867	0.3137295	0.2820207	0.2419587
3232987955.4079628	0.2488803	0.2899642	0.2123383	0.3301040	0.2036120	0.3567428	0.2575398	0.2633440	0.3557871	0.4466149	0.1408833	0.1083874	0.2148973	0.3137476	0.2819904	0.2419669
3232987955.4178510	0.2488875	0.2899847	0.2123575	0.3301122	0.2035791	0.3567382	0.2575204	0.2633279	0.3557974	0.4466148	0.1408790	0.1083872	0.2148981	0.3137368	0.2819988	0.2419591
3232987955.4277391	0.2488841	0.2899945	0.2123467	0.3301139	0.2036041	0.3567425	0.2575325	0.2633366	0.3557923	0.4466251	0.1408933	0.1083969	0.2149093	0.3137418	0.2820101	0.2419775
3232987955.4376273	0.2488766	0.2899709	0.2123482	0.3301185	0.2035993	0.3567465	0.2575299	0.2633125	0.3557870	0.4466319	0.1408881	0.1084009	0.2148871	0.3137315	0.2820003	0.2419784
3232987955.4475155	0.2488918	0.2899809	0.2123563	0.3301302	0.2035981	0.3567218	0.2575447	0.2633288	0.3557982	0.4466137	0.1408788	0.1083953	0.2148921	0.3137304	0.2820128	0.2419588
3232987955.4574037	0.2489010	0.2899701	0.2123595	0.3301147	0.2035992	0.3567384	0.2575448	0.2633221	0.3558019	0.4466226	0.1408714	0.1083878	0.2149100	0.3137396	0.2820031	0.2419837
3232987955.4672899	0.2488792	0.2899784	0.2123342	0.3301342	0.2035942	0.3567227	0.2575414	0.2633201	0.3557765	0.4466421	0.1408916	0.1083958	0.2149032	0.3137203	0.2819991	0.2419806
3232987955.4771781	0.2488838	0.2899820	0.2123477	0.3301010	0.2035843	0.3567489	0.2575473	0.2633372	0.3557814	0.4466436	0.1408705	0.1083918	0.2148918	0.3137157	0.2819962	0.2419526
3232987955.4870663	0.2488977	0.2899733	0.2123459	0.3301267	0.2035890	0.3567373	0.2575097	0.2633341	0.3557837	0.4466244	0.1408896	0.1083816	0.2149078	0.3137262	0.2820025	0.2419624
3232987955.4969544	0.2488731	0.2899591	0.2123334	0.3301035	0.2035970	0.3567375	0.2575344	0.2632988	0.3557856	0.4466406	0.1408896	0.1084150	0.2148874	0.3137424	0.2819948	0.2419673
3232987955.5068426	0.2488875	0.2899618	0.2123431	0.3301206	0.2035821	0.3567389	0.2575344	0.2633391	0.3557927	0.4466338	0.1408881	0.1083945	0.2148972	0.3137402	0.2819889	0.2419736
3232987955.5167308	0.2488800	0.2899574	0.2123606	0.3301293	0.2035920	0.3567287	0.2575457	0.2633219	0.3557877	0.4466128	0.1409023	0.1083818	0.2149060	0.3137309	0.2820091	0.2419650
3232987955.5266190	0.2488696	0.2899802	0.2123440	0.3301236	0.2035960	0.3567454	0.2575354	0.2633272	0.3558078	0.4466303	0.1408953	0.1083846	0.2149011	0.3137482	0.2820162	0.2419623
3232987955.5365071	0.2488726	0.2899632	0.2123404	0.3301136	0.2036111	0.3567313	0.2575147	0.2633199	0.3557933	0.4466421	0.1408854	0.1084006	0.2148890	0.3137346	0.2819848	0.2419803
3232987955.5463953	0.2488801	0.2899882	0.2123429	0.3301204	0.2035909	0.3567380	0.2575218	0.2633079	0.3558155	0.4466248	0.1408815	0.1083807	0.2149037	0.3137383	0.2819852	0.2419583
3232987955.5562835	0.2488666	0.2899711	0.2123552	0.3301232	0.2035878	0.3567246	0.2575384	0.2633079	0.3558175	0.4466387	0.1408642	0.1083799	0.2148868	0.3137495	0.2820147	0.2419634
3232987955.5661702	0.2488904	0.2899770	0.2123576	0.3301055	0.2035903	0.3567185	0.2575488	0.2633366	0.3558005	0.4466245	0.1408871	0.1084048	0.2148914	0.3137257	0.2819971	0.2419708
3232987955.5760584	0.2488787	0.2899725	0.2123427	0.3301097	0.2035956	0.3567442	0.2575468	0.2633275	0.3558201	0.4466447	0.1408737	0.1083801	0.2149004	0.3137504	0.2819781	0.2419739
3232987955.5859466	0.2488803	0.2899977	0.2123562	0.3301313	0.2036027	0.3567106	0.2575527	0.2633241	0.3557816	0.4466229	0.1408749	0.1083954	0.2148887	0.3137385	0.2819949	0.2419708
3232987955.5958347	0.2488718	0.2899868	0.2123500	0.3301143	0.2036098	0.3567301	0.2575450	0.2633216	0.3557879	0.4466338	0.1408949	0.1083883	0.2149157	0.3137217	0.2819874	0.2419707
3232987955.6057229	0.2488621	0.2899722	0.2123423	0.3301233	0.2036042	0.3567374	0.2574897	0.2633513	0.3557908	0.4466274	0.1408875	0.1083910	0.2148897	0.3137300	0.2819956	0.2419739
3232987955.6156111	0.2488805	0.2899875	0.2123352	0.3301137	0.2036155	0.3567261	0.2575433	0.2633323	0.3557982	0.4466279	0.1408829	0.1084096	0.2149155	0.3137351	0.2819893	0.2419590
3232987955.6254992	0.2488927	0.2899815	0.2123650	0.3301259	0.2036158	0.3567361	0.2575371	0.2633347	0.3558108	0.4466498	0.1408760	0.1083954	0.2148986	0.3137442	0.2820089	0.2419689
3232987955.6353874	0.2488991	0.2899997	0.2123406	0.3301264	0.2035914	0.3567423	0.2575287	0.2633397	0.3558054	0.4466293	0.1408729	0.1084033	0.2149072	0.3137367	0.2820154	0.2419875
3232987955.6452756	0.2488991	0.2899716	0.2123451	0.3301264	0.2035816	0.3567438	0.2575109	0.2633175	0.3557981	0.4466362	0.1408719	0.1083859	0.2149015	0.3137472	0.2819907	0.2419788
3232987955.6551638	0.2488917	0.2899863	0.2123357	0.3301109	0.2035954	0.3567203	0.2575249	0.2633420	0.3557951	0.4466494	0.1408969	0.1083953	0.2149026	0.3137515	0.2820003	0.2419642
3232987955.6650500	0.2488872	0.2899713	0.2123620	0.3301354	0.2035774	0.3567445	0.2575278	0.2633258	0.3557823	0.4466321	0.1408791	0.1083784	0.2148954	0.3137329	0.2819967	0.2419788
3232987955.6749382	0.2488847	0.2899747	0.2123334	0.3301165	0.2036008	0.3567584	0.2575377	0.2633122	0.3558048	0.4466422	0.1408897	0.1083887	0.2149094	0.3137408	0.2819967	0.2419742
3232987955.6848264	0.2488880	0.2899790	0.2123416	0.3301249	0.2035823	0.3567353	0.2575255	0.2633413	0.3558080	0.4466312	0.1408742	0.1084230	0.2148891	0.3137426	0.2820093	0.2419663
3232987955.6947145	0.2488921	0.2899690	0.2123317	0.3301288	0.2036044	0.3567376	0.2575363	0.2633464	0.3557874	0.4466282	0.1408714	0.1083937	0.2149133	0.3137281	0.2820015	0.2419681
3232987955.7046027	0.2488857	0.2899851	0.2123464	0.3301267	0.2035963	0.3567083	0.2575246	0.2633265	0.3557940	0.4466178	0.1408701	0.1083990	0.2148945	0.3137478	0.2820084	0.2419699
3232987955.7144909	0.2488662	0.2899557	0.2123408	0.3301075	0.2035982	0.3567341	0.2575219	0.2633290	0.3557875	0.4466489	0.1408830	0.1084038	0.2149171	0.3137618	0.2820083	0.2419574
3232987955.7243791	0.2488793	0.2899933	0.2123545	0.3301109	0.2035935	0.3567177	0.2575341	0.2633304	0.3558046	0.4466230	0.1408707	0.1083950	0.2148951	0.3137313	0.2819993	0.2419569
3232987955.7342672	0.2488751	0.2899769	0.2123475	0.3301160	0.2036069	0.3567394	0.2575433	0.2633318	0.3558106	0.4466365	0.1408961	0.1084210	0.2149128	0.3137247	0.2820138	0.2419656
3232987955.7441554	0.2488729	0.2899763	0.2123364	0.3301303	0.2036007	0.3567425	0.2575320	0.2633247	0.3558207	0.4466304	0.1408875	0.1083900	0.2149007	0.3137272	0.2820023	0.2419694
3232987955.7540436	0.2488944	0.2899834	0.2123368	0.3301188	0.2036045	0.3567311	0.2575264	0.2633214	0.3557979	0.4466317	0.1408849	0.1083947	0.2149059	0.3137383	0.2819920	0.2419444
3232987955.7639303	0.2488725	0.2899870	0.2123454	0.3301180	0.2035996	0.3567302	0.2575152	0.2633079	0.3557890	0.4466390	0.1408828	0.1083902	0.2149014	0.3137129	0.2819932	0.2419671
3232987955.7738185	0.2488870	0.2899607	0.2123394	0.3301255	0.2035798	0.3567444	0.2575381	0.2633547	0.3557913	0.4466202	0.1408779	0.1083861	0.2149009	0.3137513	0.2820140	0.2419671
3232987955.7837067	0.2488916	0.2899839	0.2123370	0.3301285	0.2035924	0.3567518	0.2575423	0.2633273	0.3557997	0.4466135	0.1408932	0.1083942	0.2149225	0.3137156	0.2820171	0.2419753
3232987955.7935948	0.2488841	0.2899977	0.2123544	0.3301233	0.2035850	0.3567271	0.2575276	0.2633220	0.3557881	0.4466255	0.1408982	0.1084063	0.2148966	0.3137335	0.2820003	0.2419638
3232987955.8034830	0.2488885	0.2899819	0.2123450	0.3301254	0.2035994	0.3567227	0.2575545	0.2633325	0.3558061	0.4466302	0.1408814	0.1083744	0.2149009	0.3137121	0.2819938	0.2419687
3232987955.8133712	0.2488594	0.2899629	0.2123279	0.3301102	0.2035899	0.3567498	0.2575410	0.2633280	0.3558002	0.4466299	0.1408958	0.1083883	0.2148894	0.3137146	0.2820076	0.2419560
3232987955.8232594	0.2488861	0.2899696	0.2123332	0.3301135	0.2035922	0.3567254	0.2575359	0.2633309	0.3557956	0.4466364	0.1408895	0.1083998	0.2148950	0.3137233	0.2820095	0.2419688
3232987955.8331475	0.2488696	0.2899852	0.2123356	0.3301107	0.2035899	0.3567421	0.2575247	0.2633324	0.3558046	0.4466284	0.1408654	0.1084052	0.2148916	0.3137238	0.2820225	0.2419758
3232987955.8430357	0.2488779	0.2899698	0.2123429	0.3301288	0.2035997	0.3567443	0.2575449	0.2633274	0.3557941	0.4466249	0.1408689	0.1084097	0.2148911	0.3137274	0.2820042	0.2419429
3232987955.8529239	0.2488668	0.2899899	0.2123186	0.3301200	0.2035911	0.3567289	0.2575193	0.2633336	0.3557952	0.4466174	0.1408713	0.1084064	0.2149003	0.3137120	0.2820326	0.2419678
3232987955.8628101	0.2488801	0.2899523	0.2123296	0.3301309	0.2035764	0.3567294	0.2575227	0.2633345	0.3558039	0.4466281	0.1408899	0.1083968	0.2148998	0.3137235	0.2820045	0.2419830
3232987955.8726983	0.2488871	0.2899882	0.2123508	0.3301343	0.2035990	0.3567276	0.2575314	0.2633414	0.3558043	0.4466221	0.1408751	0.1083850	0.2149083	0.3137167	0.2820037	0.2419715
3232987955.8825865	0.2488951	0.2899622	0.2123413	0.3301098	0.2035890	0.3567379	0.2575482	0.2633337	0.3557965	0.4466356	0.1408760	0.1084101	0.2149041	0.3137194	0.2820034	0.2419858
3232987955.8924746	0.2488826	0.2899762	0.2123245	0.3301161	0.2035945	0.3567316	0.2575294	0.2633296	0.3557960	0.4466441	0.1408873	0.1083937	0.2148973	0.3137166	0.2820045	0.2419729
3232987955.9023628	0.2488801	0.2899743	0.2123406	0.3301126	0.2035876	0.3567371	0.2575365	0.2633141	0.3557941	0.4466449	0.1408780	0.1083880	0.2148967	0.3137318	0.2819996	0.2419756
3232987955.9122510	0.2488793	0.2899746	0.2123277	0.3301028	0.2035851	0.3567080	0.2575395	0.2633442	0.3557988	0.4466280	0.1408901	0.1083894	0.2148932	0.3137286	0.2819966	0.2419597
3232987955.9221392	0.2488951	0.2899813	0.2123259	0.3301259	0.2036091	0.3567117	0.2575289	0.2633404	0.3557987	0.4466328	0.1408736	0.1083805	0.2148864	0.3137151	0.2820199	0.2419893
3232987955.9320273	0.2488879	0.2899490	0.2123511	0.3301120	0.2035951	0.3567319	0.2575324	0.2633149	0.3557930	0.4466209	0.1408878	0.1083976	0.2148920	0.3137362	0.2819994	0.2419662
3232987955.9419155	0.2488623	0.2899812	0.2123429	0.3301180	0.2035863	0.3567362	0.2575392	0.2633345	0.3557994	0.4466183	0.1408675	0.1083911	0.2148953	0.3137282	0.2820008	0.2419666
3232987955.9518037	0.2488974	0.2899761	0.2123515	0.3301171	0.2035879	0.3567186	0.2575478	0.2633390	0.3558056	0.4466210	0.1408879	0.1083789	0.2148936	0.3137273	0.2820004	0.2419700
3232987955.9616899	0.2488745	0.2899695	0.2123221	0.3301159	0.2035931	0.3567175	0.2575347	0.2633245	0.3557990	0.4466114	0.1409038	0.1083835	0.2148845	0.3137301	0.2820085	0.2419442
3232987955.9715781	0.2488814	0.2899775	0.2123438	0.3301164	0.2035823	0.3567435	0.2575350	0.2633226	0.3557896	0.4466304	0.1408898	0.1083994	0.2148824	0.3137199	0.2819949	0.2419532
3232987955.9814663	0.2488870	0.2899689	0.2123417	0.3301211	0.2035779	0.3567333	0.2575200	0.2633354	0.3557969	0.4466045	0.1408814	0.1083868	0.2149010	0.3137276	0.2819936	0.2419526
3232987955.9913545	0.2489006	0.2899760	0.2123535	0.3301153	0.2036114	0.3567451	0.2575225	0.2633327	0.3557978	0.4466131	0.1408855	0.1083996	0.2148973	0.3137199	0.2819941	0.2419694
3232987956.0012426	0.2488846	0.2899813	0.2123451	0.3301140	0.2035877	0.3567283	0.2575299	0.2633326	0.3558026	0.4466206	0.1408828	0.1083735	0.2148811	0.3137100	0.2820074	0.2419546
3232987956.0111308	0.2488584	0.2899453	0.2123412	0.3301214	0.2035738	0.3567125	0.2575337	0.2633223	0.3557929	0.4466268	0.1408769	0.1083823	0.2148976	0.3137209	0.2819927	0.2419634
3232987956.0210190	0.2488765	0.2899758	0.2123431	0.3301078	0.2035919	0.3567107	0.2575276	0.2633334	0.3557967	0.4466083	0.1408953	0.1083760	0.2149215	0.3137344	0.2819938	0.2419626
3232987956.0309072	0.2488526	0.2899585	0.2123234	0.3301179	0.2036026	0.3567427	0.2575294	0.2633121	0.3558074	0.4466134	0.1408876	0.1083920	0.2148967	0.3137321	0.2819920	0.2419559
3232987956.0407953	0.2488594	0.2899618	0.2123455	0.3301264	0.2036071	0.3567278	0.2575287	0.2633266	0.3557882	0.4466221	0.1408925	0.1083840	0.2148737	0.3137396	0.2819861	0.2419579
3232987956.0506835	0.2488813	0.2899696	0.2123470	0.3301017	0.2035982	0.3567404	0.2575394	0.2633275	0.3557940	0.4466132	0.1408857	0.1083828	0.2148947	0.3137288	0.2819700	0.2419606
3232987956.0605702	0.2488774	0.2899528	0.2123415	0.3301063	0.2035969	0.3567181	0.2575191	0.2633323	0.3557864	0.4466138	0.1408867	0.1083894	0.2148938	0.3137312	0.2819992	0.2419508
3232987956.0704584	0.2488681	0.2899656	0.2123258	0.3300976	0.2035878	0.3567229	0.2575209	0.2633116	0.3557949	0.4466242	0.1408838	0.1083848	0.2148903	0.3137125	0.2820050	0.2419652
3232987956.0803466	0.2488718	0.2899604	0.2123424	0.3300885	0.2035975	0.3567195	0.2575179	0.2633343	0.3557849	0.4466031	0.1408884	0.1083871	0.2149044	0.3137240	0.2819980	0.2419611
3232987956.0902348	0.2488827	0.2899791	0.2123414	0.3301148	0.2036024	0.3567297	0.2575339	0.2633136	0.3557866	0.4466190	0.1408766	0.1084062	0.2149035	0.3137215	0.2820121	0.2419578
3232987956.1001229	0.2488777	0.2899775	0.2123476	0.3301151	0.2035787	0.3567193	0.2575212	0.2633043	0.3557808	0.4466064	0.1408951	0.1084091	0.2148973	0.3137123	0.2819959	0.2419487
3232987956.1100111	0.2488948	0.2899677	0.2123489	0.3300923	0.2036078	0.3567242	0.2575246	0.2633245	0.3557927	0.4465993	0.1408824	0.1083920	0.2149150	0.3137079	0.2819826	0.2419458
3232987956.1198993	0.2488765	0.2899707	0.2123459	0.3300970	0.2036000	0.3567333	0.2575429	0.2633183	0.3557951	0.4466243	0.1408713	0.1083695	0.2148816	0.3137037	0.2819973	0.2419508
3232987956.1297874	0.2488698	0.2899774	0.2123300	0.3300981	0.2036019	0.3567271	0.2575047	0.2633322	0.3558111	0.4466036	0.1408901	0.1083815	0.2149037	0.3137227	0.2819923	0.2419583
3232987956.1396756	0.2488688	0.2899742	0.2123446	0.3300901	0.2035878	0.3567172	0.2575371	0.2633248	0.3557740	0.4466188	0.1408934	0.1083779	0.2149096	0.3137266	0.2820059	0.2419534
3232987956.1495638	0.2488895	0.2899652	0.2123313	0.3301313	0.2035983	0.3567253	0.2575428	0.2633247	0.3557776	0.4465967	0.1408828	0.1084056	0.2148887	0.3136873	0.2819863	0.2419554
3232987956.1594501	0.2488886	0.2899820	0.2123443	0.3300976	0.2036015	0.3567214	0.2575154	0.2633158	0.3557972	0.4466113	0.1408767	0.1084019	0.2148664	0.3136981	0.2820134	0.2419622
3232987956.1693382	0.2488750	0.2899654	0.2123258	0.3301066	0.2036056	0.3567170	0.2575315	0.2633205	0.3557724	0.4466001	0.1408853	0.1083737	0.2149105	0.3137238	0.2819926	0.2419506
3232987956.1792264	0.2488703	0.2899505	0.2123354	0.3301041	0.2035801	0.3567216	0.2575300	0.2633238	0.3557962	0.4466060	0.1408650	0.1084028	0.2148840	0.3137041	0.2819944	0.2419501
3232987956.1891146	0.2488740	0.2899520	0.2123181	0.3301034	0.2035837	0.3567318	0.2575129	0.2633347	0.3557936	0.4466098	0.1408614	0.1083787	0.2148936	0.3137183	0.2820029	0.2419724
3232987956.1990027	0.2488805	0.2899699	0.2123498	0.3301037	0.2035960	0.3567124	0.2575307	0.2633068	0.3557913	0.4466079	0.1408885	0.1083857	0.2148892	0.3136975	0.2820090	0.2419717
3232987956.2088909	0.2488736	0.2899565	0.2123635	0.3301046	0.2036098	0.3567080	0.2575425	0.2633299	0.3557912	0.4466016	0.1408867	0.1083889	0.2148746	0.3137196	0.2819972	0.2419606
3232987956.2187791	0.2488759	0.2899522	0.2123366	0.3301068	0.2035816	0.3567027	0.2575390	0.2633230	0.3557987	0.4466001	0.1408822	0.1083945	0.2148864	0.3137048	0.2819855	0.2419589
3232987956.2286673	0.2488791	0.2899750	0.2123454	0.3300988	0.2035892	0.3567260	0.2575011	0.2633319	0.3557931	0.4466197	0.1408483	0.1083895	0.2148911	0.3137236	0.2819940	0.2419815
3232987956.2385554	0.2488841	0.2899618	0.2123275	0.3300947	0.2035981	0.3567125	0.2575253	0.2633090	0.3557943	0.4466245	0.1408825	0.1083888	0.2148944	0.3137149	0.2820021	0.2419594
3232987956.2484436	0.2488681	0.2899688	0.2123575	0.3300946	0.2035851	0.3567133	0.2575346	0.2633290	0.3557779	0.4466174	0.1408746	0.1083717	0.2148924	0.3137131	0.2819994	0.2419596
3232987956.2583299	0.2488763	0.2899642	0.2123524	0.3301112	0.2035996	0.3567306	0.2575140	0.2633199	0.3557811	0.4466072	0.1408826	0.1083891	0.2149043	0.3137155	0.2819990	0.2419710
3232987956.2682180	0.2488756	0.2899691	0.2123280	0.3301046	0.2035920	0.3567278	0.2575243	0.2633305	0.3557724	0.4466148	0.1408778	0.1083845	0.2148981	0.3137086	0.2819914	0.2419422
3232987956.2781062	0.2488712	0.2899679	0.2123491	0.3301096	0.2036065	0.3567197	0.2575187	0.2633130	0.3557952	0.4466078	0.1408860	0.1083851	0.2148967	0.3137036	0.2819964	0.2419507
3232987956.2879944	0.2488610	0.2899566	0.2123367	0.3300803	0.2035902	0.3567070	0.2575271	0.2633122	0.3557775	0.4466204	0.1408863	0.1083840	0.2148854	0.3137057	0.2819890	0.2419619
3232987956.2978826	0.2488533	0.2899623	0.2123330	0.3301226	0.2035864	0.3567125	0.2575027	0.2633237	0.3557751	0.4466072	0.1408828	0.1083803	0.2149053	0.3137355	0.2819824	0.2419606
3232987956.3077707	0.2488897	0.2899765	0.2123497	0.3301087	0.2035728	0.3567278	0.2575287	0.2633246	0.3557822	0.4466213	0.1408889	0.1083865	0.2148955	0.3137157	0.2819831	0.2419396
3232987956.3176589	0.2488687	0.2899451	0.2123471	0.3301020	0.2035746	0.3567211	0.2575299	0.2633118	0.3557767	0.4466193	0.1408908	0.1083738	0.2148904	0.3137143	0.2819964	0.2419569
3232987956.3275471	0.2488908	0.2899622	0.2123384	0.3300919	0.2036014	0.3567212	0.2575406	0.2633162	0.3557861	0.4466156	0.1408539	0.1084125	0.2148739	0.3137110	0.2819935	0.2419661
3232987956.3374352	0.2488586	0.2899646	0.2123367	0.3300945	0.2035943	0.3567159	0.2575125	0.2633179	0.3557746	0.4466034	0.1408679	0.1083822	0.2148976	0.3137204	0.2819835	0.2419545
3232987956.3473234	0.2488779	0.2899760	0.2123371	0.3300780	0.2035802	0.3567102	0.2575248	0.2633002	0.3557806	0.4466169	0.1408748	0.1083952	0.2148865	0.3137029	0.2820032	0.2419579
3232987956.3572102	0.2488751	0.2899560	0.2123304	0.3301077	0.2036071	0.3567074	0.2575108	0.2633132	0.3557804	0.4466220	0.1408863	0.1083994	0.2148803	0.3137226	0.2819899	0.2419557
3232987956.3670983	0.2488751	0.2899701	0.2123554	0.3301018	0.2035774	0.3567263	0.2575138	0.2633060	0.3558006	0.4466024	0.1408857	0.1083987	0.2148874	0.3136968	0.2819872	0.2419637
3232987956.3769865	0.2488744	0.2899613	0.2123285	0.3300935	0.2035746	0.3567229	0.2575254	0.2633096	0.3558121	0.4466062	0.1408751	0.1083720	0.2148764	0.3137246	0.2820063	0.2419567
3232987956.3868747	0.2488731	0.2899790	0.2123196	0.3300991	0.2035936	0.3567310	0.2575181	0.2633088	0.3557937	0.4466052	0.1408887	0.1083856	0.2149016	0.3137167	0.2820056	0.2419480
3232987956.3967628	0.2488777	0.2899754	0.2123526	0.3300965	0.2035853	0.3567111	0.2575156	0.2633203	0.3557909	0.4465886	0.1408730	0.1083768	0.2148930	0.3137142	0.2819794	0.2419561
3232987956.4066510	0.2488792	0.2899610	0.2123350	0.3301008	0.2035751	0.3567067	0.2575213	0.2633155	0.3557936	0.4466113	0.1408797	0.1083886	0.2148987	0.3137121	0.2820054	0.2419268
3232987956.4165392	0.2488683	0.2899621	0.2123376	0.3300814	0.2035928	0.3567068	0.2575162	0.2633096	0.3557778	0.4466245	0.1408701	0.1083860	0.2148820	0.3137234	0.2819829	0.2419460
3232987956.4264274	0.2488656	0.2899515	0.2123503	0.3301065	0.2035964	0.3567199	0.2575333	0.2633097	0.3557750	0.4466033	0.1408920	0.1083636	0.2148896	0.3137296	0.2819935	0.2419401
3232987956.4363155	0.2488612	0.2899541	0.2123337	0.3301024	0.2035793	0.3567153	0.2575166	0.2633178	0.3557823	0.4466260	0.1408917	0.1083739	0.2148906	0.3137150	0.2819936	0.2419578
3232987956.4462037	0.2488568	0.2899566	0.2123403	0.3300955	0.2035794	0.3567072	0.2575105	0.2633291	0.3557803	0.4465981	0.1408793	0.1083814	0.2148786	0.3137075	0.2819812	0.2419452
3232987956.4560900	0.2488726	0.2899594	0.2123366	0.3301008	0.2035794	0.3567263	0.2575269	0.2633071	0.3557881	0.4466090	0.1408886	0.1083874	0.2148959	0.3137199	0.2819769	0.2419575
3232987956.4659781	0.2488573	0.2899537	0.2123350	0.3301026	0.2035755	0.3567189	0.2575401	0.2633245	0.3557882	0.4465972	0.1408883	0.1083835	0.2148948	0.3137141	0.2820073	0.2419605
3232987956.4758663	0.2488645	0.2899602	0.2123283	0.3300980	0.2035883	0.3567121	0.2575264	0.2633219	0.3557862	0.4466125	0.1408869	0.1083906	0.2148865	0.3137303	0.2819860	0.2419553
3232987956.4857545	0.2488828	0.2899573	0.2123361	0.3301025	0.2035859	0.3567339	0.2575294	0.2633084	0.3557976	0.4466037	0.1408894	0.1083885	0.2148870	0.3136989	0.2820051	0.2419496
3232987956.4956427	0.2488872	0.2899713	0.2123433	0.3301069	0.2035836	0.3567124	0.2575336	0.2633163	0.3557783	0.4466091	0.1408951	0.1083819	0.2148902	0.3137171	0.2820020	0.2419433
3232987956.5055308	0.2488611	0.2899702	0.2123353	0.3300900	0.2035937	0.3567210	0.2575245	0.2633201	0.3557747	0.4466249	0.1408893	0.1083805	0.2149026	0.3137162	0.2820018	0.2419596
3232987956.5154190	0.2488805	0.2899777	0.2123383	0.3301150	0.2035873	0.3567159	0.2575251	0.2633162	0.3557759	0.4466124	0.1408958	0.1083792	0.2148747	0.3137264	0.2820147	0.2419800
3232987956.5253072	0.2488819	0.2899729	0.2123434	0.3301121	0.2035714	0.3567122	0.2575342	0.2633150	0.3557836	0.4466121	0.1408949	0.1083938	0.2148803	0.3137024	0.2820113	0.2419568
3232987956.5351953	0.2488805	0.2899677	0.2123360	0.3300928	0.2035819	0.3567200	0.2575226	0.2633106	0.3557912	0.4466280	0.1408963	0.1083853	0.2148989	0.3137061	0.2820004	0.2419532
3232987956.5450835	0.2488653	0.2899617	0.2123403	0.3300910	0.2035932	0.3567285	0.2575240	0.2633215	0.3557842	0.4465976	0.1408740	0.1083827	0.2148822	0.3136917	0.2819838	0.2419611
3232987956.5549703	0.2488689	0.2899503	0.2123546	0.3300953	0.2035818	0.3567166	0.2575269	0.2633095	0.3557845	0.4466072	0.1408789	0.1083871	0.2148856	0.3137033	0.2819776	0.2419474
3232987956.5648584	0.2488574	0.2899497	0.2123421	0.3301185	0.2035885	0.3567349	0.2575175	0.2633048	0.3557884	0.4466027	0.1408820	0.1083821	0.2149130	0.3137223	0.2819783	0.2419682
3232987956.5747466	0.2488838	0.2899567	0.2123310	0.3301063	0.2035898	0.3567261	0.2575202	0.2633329	0.3557888	0.4466202	0.1408780	0.1083788	0.2148890	0.3137194	0.2819733	0.2419512
3232987956.5846348	0.2488694	0.2899658	0.2123456	0.3301131	0.2035989	0.3567184	0.2575438	0.2633099	0.3557965	0.4466046	0.1408739	0.1083840	0.2148873	0.3137023	0.2819883	0.2419720
3232987956.5945230	0.2488637	0.2899639	0.2123313	0.3301071	0.2035835	0.3567282	0.2575133	0.2633312	0.3557895	0.4466005	0.1408612	0.1083847	0.2148747	0.3137160	0.2819917	0.2419645
3232987956.6044111	0.2488679	0.2899645	0.2123272	0.3301122	0.2035923	0.3567294	0.2575123	0.2633020	0.3557805	0.4466079	0.1408787	0.1083814	0.2148880	0.3137046	0.2820141	0.2419454
3232987956.6142993	0.2488649	0.2899643	0.2123497	0.3301086	0.2035757	0.3567286	0.2575200	0.2633238	0.3557681	0.4466025	0.1408787	0.1083936	0.2148718	0.3137121	0.2819948	0.2419494
3232987956.6241875	0.2488977	0.2899669	0.2123553	0.3301042	0.2035852	0.3567369	0.2575409	0.2633170	0.3557714	0.4466184	0.1408698	0.1084058	0.2148895	0.3137103	0.2819861	0.2419505
3232987956.6340756	0.2488816	0.2899844	0.2123524	0.3301021	0.2036090	0.3567282	0.2575223	0.2633205	0.3557980	0.4465943	0.1408835	0.1083875	0.2148825	0.3137330	0.2819833	0.2419456
3232987956.6439638	0.2488672	0.2899682	0.2123354	0.3301008	0.2036086	0.3567082	0.2575259	0.2633102	0.3557755	0.4466139	0.1408665	0.1083997	0.2148741	0.3137131	0.2819926	0.2419627
3232987956.6538501	0.2488700	0.2899529	0.2123473	0.3301274	0.2035879	0.3567463	0.2575433	0.2633232	0.3557865	0.4466130	0.1408943	0.1083867	0.2148819	0.3137227	0.2819728	0.2419389
3232987956.6637382	0.2488633	0.2899467	0.2123312	0.3301073	0.2036028	0.3567177	0.2575069	0.2633135	0.3557721	0.4465984	0.1408807	0.1083965	0.2148866	0.3137241	0.2819814	0.2419471
3232987956.6736264	0.2488768	0.2899875	0.2123394	0.3301072	0.2036046	0.3567236	0.2575223	0.2633194	0.3557819	0.4466138	0.1408684	0.1083821	0.2148785	0.3137270	0.2819963	0.2419499
3232987956.6835146	0.2488733	0.2899784	0.2123469	0.3301197	0.2035947	0.3567100	0.2575253	0.2633280	0.3557777	0.4466163	0.1408727	0.1083892	0.2148839	0.3137232	0.2819929	0.2419718
3232987956.6934028	0.2488757	0.2899720	0.2123310	0.3301189	0.2035918	0.3567198	0.2575411	0.2633428	0.3557745	0.4466008	0.1408766	0.1083950	0.2148980	0.3137017	0.2819823	0.2419455
3232987956.7032909	0.2488695	0.2899534	0.2123355	0.3301117	0.2035873	0.3567106	0.2575221	0.2632956	0.3557802	0.4466143	0.1408719	0.1083868	0.2148780	0.3137125	0.2819997	0.2419513
3232987956.7131791	0.2488786	0.2899598	0.2123391	0.3300914	0.2035808	0.3567259	0.2575144	0.2633245	0.3557825	0.4466114	0.1408878	0.1083890	0.2148793	0.3137029	0.2819776	0.2419516
3232987956.7230673	0.2488809	0.2899614	0.2123486	0.3301067	0.2035831	0.3567213	0.2575371	0.2633311	0.3557910	0.4466307	0.1408770	0.1083858	0.2148772	0.3137198	0.2819840	0.2419553
3232987956.7329555	0.2488905	0.2899712	0.2123458	0.3301189	0.2035800	0.3567145	0.2575255	0.2633201	0.3557824	0.4466023	0.1408758	0.1083679	0.2148892	0.3137045	0.2819920	0.2419621
3232987956.7428436	0.2488820	0.2899489	0.2123408	0.3301260	0.2035926	0.3567300	0.2575426	0.2633027	0.3557669	0.4466060	0.1408808	0.1083855	0.2148727	0.3137164	0.2819886	0.2419558
3232987956.7527299	0.2488612	0.2899773	0.2123318	0.3301123	0.2035879	0.3567429	0.2575196	0.2633289	0.3557761	0.4466143	0.1408727	0.1083573	0.2148801	0.3137221	0.2819946	0.2419406
3232987956.7626181	0.2488633	0.2899776	0.2123208	0.3301001	0.2035801	0.3567239	0.2575232	0.2633335	0.3557753	0.4465939	0.1408777	0.1083942	0.2148652	0.3137218	0.2819838	0.2419638
3232987956.7725062	0.2488802	0.2899718	0.2123318	0.3300963	0.2036006	0.3567253	0.2575130	0.2633133	0.3557749	0.4465989	0.1408794	0.1083782	0.2148850	0.3137258	0.2819901	0.2419490
3232987956.7823944	0.2488642	0.2899772	0.2123334	0.3300985	0.2035847	0.3567252	0.2575140	0.2633225	0.3557855	0.4465975	0.1408775	0.1084065	0.2148771	0.3137089	0.2820112	0.2419403
3232987956.7922826	0.2488866	0.2899664	0.2123365	0.3301027	0.2035970	0.3567392	0.2575140	0.2633023	0.3557787	0.4466127	0.1408744	0.1083913	0.2148895	0.3137232	0.2819586	0.2419617
3232987956.8021708	0.2488888	0.2899564	0.2123431	0.3301207	0.2035914	0.3567298	0.2575228	0.2633130	0.3557647	0.4466168	0.1408861	0.1083810	0.2149055	0.3137121	0.2819819	0.2419611
3232987956.8120589	0.2488631	0.2899799	0.2123305	0.3301092	0.2035688	0.3567219	0.2575168	0.2633173	0.3557897	0.4466280	0.1408811	0.1083853	0.2148923	0.3137088	0.2819833	0.2419573
3232987956.8219471	0.2488513	0.2899599	0.2123242	0.3301196	0.2035759	0.3567274	0.2575013	0.2633173	0.3557805	0.4466189	0.1408734	0.1083885	0.2148799	0.3137111	0.2819832	0.2419884
3232987956.8318353	0.2488727	0.2899574	0.2123259	0.3301148	0.2035807	0.3567456	0.2575156	0.2633209	0.3557902	0.4466096	0.1408714	0.1083942	0.2148839	0.3137284	0.2819821	0.2419548
3232987956.8417234	0.2488990	0.2899621	0.2123320	0.3301138	0.2035845	0.3567277	0.2575266	0.2633219	0.3557851	0.4466178	0.1409013	0.1083913	0.2148823	0.3137217	0.2820006	0.2419677
3232987956.8516102	0.2488766	0.2899660	0.2123400	0.3300892	0.2035862	0.3567263	0.2575300	0.2633209	0.3557757	0.4466163	0.1408762	0.1083852	0.2148710	0.3137191	0.2819930	0.2419421
3232987956.8614984	0.2488660	0.2899561	0.2123347	0.3300994	0.2036004	0.3567167	0.2575162	0.2633270	0.3557943	0.4466233	0.1408731	0.1083832	0.2148778	0.3137233	0.2819937	0.2419649
3232987956.8713865	0.2488699	0.2899671	0.2123245	0.3301133	0.2035860	0.3567451	0.2575211	0.2633213	0.3557895	0.4466160	0.1408789	0.1084015	0.2148872	0.3137352	0.2819827	0.2419648
3232987956.8812747	0.2488626	0.2899574	0.2123249	0.3300978	0.2035681	0.3567349	0.2575232	0.2633164	0.3557808	0.4466358	0.1408945	0.1083852	0.2148994	0.3137133	0.2819910	0.2419550
3232987956.8911629	0.2488762	0.2899732	0.2123375	0.3301051	0.2035866	0.3567286	0.2575273	0.2633158	0.3557798	0.4466116	0.1408819	0.1083747	0.2148779	0.3137115	0.2819976	0.2419486
3232987956.9010510	0.2488695	0.2899659	0.2123239	0.3301114	0.2035905	0.3567302	0.2575303	0.2633318	0.3557746	0.4466069	0.1408797	0.1083918	0.2148548	0.3137188	0.2819984	0.2419698
3232987956.9109392	0.2488678	0.2899867	0.2123433	0.3300918	0.2035837	0.3567346	0.2575232	0.2633247	0.3557844	0.4466153	0.1408729	0.1083854	0.2148958	0.3137209	0.2820052	0.2419510
3232987956.9208274	0.2488642	0.2899832	0.2123073	0.3301203	0.2035872	0.3567177	0.2575189	0.2633357	0.3557867	0.4466131	0.1408914	0.1084088	0.2148729	0.3137136	0.2819866	0.2419695
3232987956.9307156	0.2488767	0.2899682	0.2123308	0.3300989	0.2035769	0.3567250	0.2575166	0.2633271	0.3557866	0.4466253	0.1408740	0.1083816	0.2148944	0.3137237	0.2819762	0.2419679
3232987956.9406037	0.2488719	0.2899845	0.2123316	0.3301034	0.2036003	0.3567439	0.2575195	0.2633206	0.3557777	0.4466155	0.1408642	0.1083981	0.2148807	0.3137087	0.2819733	0.2419597
