3232988037.0432901	0.2282384	0.2667277	0.1956092	0.3011436	0.1887348	0.3256272	0.2350240	0.2422291	0.2943047	0.3828425	0.2064654	0.1863392	0.2163274	0.3204004	0.2846891	0.2494911
3232988037.0531783	0.2282453	0.2667214	0.1955997	0.3011512	0.1887245	0.3255923	0.2350365	0.2422616	0.2943134	0.3828444	0.2064679	0.1863533	0.2163447	0.3204127	0.2846860	0.2494945
3232988037.0630665	0.2282445	0.2667152	0.1955998	0.3011568	0.1886976	0.3255770	0.2350205	0.2422377	0.2943147	0.3828530	0.2064716	0.1863365	0.2163432	0.3204155	0.2846878	0.2494884
3232988037.0729547	0.2282538	0.2666929	0.1956147	0.3011365	0.1887280	0.3255835	0.2350323	0.2422428	0.2943221	0.3828550	0.2064935	0.1863402	0.2163385	0.3204189	0.2847006	0.2494860
3232988037.0828428	0.2282609	0.2667395	0.1956049	0.3011621	0.1887359	0.3255846	0.2350306	0.2422461	0.2943213	0.3828441	0.2064737	0.1863332	0.2163257	0.3204166	0.2846740	0.2495060
3232988037.0927310	0.2282658	0.2667153	0.1956145	0.3011666	0.1887212	0.3255891	0.2350312	0.2422374	0.2943230	0.3828451	0.2064548	0.1863373	0.2163392	0.3204156	0.2846812	0.2494860
3232988037.1026192	0.2282501	0.2667291	0.1956109	0.3011536	0.1887375	0.3255987	0.2350296	0.2422621	0.2943159	0.3828707	0.2064623	0.1863370	0.2163245	0.3204204	0.2846791	0.2494873
3232988037.1125073	0.2282367	0.2667230	0.1956057	0.3011515	0.1887184	0.3255892	0.2350555	0.2422494	0.2943075	0.3828517	0.2064953	0.1863456	0.2163388	0.3204068	0.2846760	0.2495075
3232988037.1223955	0.2282466	0.2667081	0.1955901	0.3011441	0.1887087	0.3255945	0.2350216	0.2422343	0.2943168	0.3828607	0.2064953	0.1863478	0.2163330	0.3204072	0.2846838	0.2495167
3232988037.1322837	0.2282549	0.2667164	0.1956137	0.3011533	0.1887232	0.3256018	0.2350318	0.2422315	0.2943324	0.3828617	0.2064790	0.1863365	0.2163403	0.3204102	0.2846890	0.2495026
3232988037.1421700	0.2282619	0.2667184	0.1956107	0.3011562	0.1887189	0.3255963	0.2350180	0.2422347	0.2943146	0.3828648	0.2064564	0.1863368	0.2163433	0.3204321	0.2846774	0.2495121
3232988037.1520581	0.2282479	0.2667175	0.1955957	0.3011666	0.1887107	0.3255960	0.2350288	0.2422645	0.2943157	0.3828671	0.2065043	0.1863683	0.2163218	0.3204259	0.2847000	0.2495064
3232988037.1619463	0.2282430	0.2667194	0.1956179	0.3011618	0.1887417	0.3256017	0.2350325	0.2422459	0.2943327	0.3828650	0.2064759	0.1863269	0.2163307	0.3204159	0.2846928	0.2494940
3232988037.1718345	0.2282414	0.2667281	0.1955851	0.3011579	0.1887308	0.3256010	0.2350348	0.2422426	0.2943439	0.3828683	0.2064768	0.1863570	0.2163318	0.3204120	0.2846829	0.2494958
3232988037.1817226	0.2282628	0.2667221	0.1956068	0.3011618	0.1887246	0.3255933	0.2350237	0.2422445	0.2943323	0.3828609	0.2064797	0.1863309	0.2163309	0.3204349	0.2846857	0.2495139
3232988037.1916108	0.2282489	0.2667035	0.1955922	0.3011692	0.1887259	0.3256185	0.2350262	0.2422464	0.2943195	0.3828767	0.2064701	0.1863487	0.2163307	0.3204192	0.2846860	0.2495228
3232988037.2014990	0.2282306	0.2667143	0.1956217	0.3011746	0.1887443	0.3255913	0.2350131	0.2422467	0.2943207	0.3828871	0.2064645	0.1863378	0.2163272	0.3204313	0.2846850	0.2495107
3232988037.2113872	0.2282613	0.2667170	0.1956130	0.3011751	0.1887172	0.3255916	0.2350365	0.2422311	0.2943369	0.3828710	0.2064613	0.1863551	0.2163501	0.3204023	0.2846865	0.2494913
3232988037.2212753	0.2282642	0.2667209	0.1955964	0.3011710	0.1887321	0.3255897	0.2350288	0.2422363	0.2943294	0.3828597	0.2064552	0.1863566	0.2163226	0.3204252	0.2846872	0.2495045
3232988037.2311635	0.2282637	0.2667204	0.1955860	0.3011490	0.1887291	0.3255893	0.2350497	0.2422345	0.2943198	0.3828624	0.2064732	0.1863564	0.2163367	0.3204123	0.2847041	0.2495026
3232988037.2410502	0.2282357	0.2667380	0.1956133	0.3011676	0.1887333	0.3256024	0.2350336	0.2422650	0.2943204	0.3828525	0.2064657	0.1863545	0.2163559	0.3204452	0.2846710	0.2495030
3232988037.2509384	0.2282435	0.2667025	0.1956072	0.3011678	0.1887285	0.3256003	0.2350284	0.2422594	0.2943197	0.3828414	0.2064713	0.1863323	0.2163412	0.3204418	0.2846643	0.2494931
3232988037.2608266	0.2282289	0.2667203	0.1956016	0.3011618	0.1887316	0.3256065	0.2350338	0.2422465	0.2943142	0.3828531	0.2064619	0.1863452	0.2163219	0.3204134	0.2846959	0.2495023
3232988037.2707148	0.2282291	0.2667136	0.1956100	0.3011497	0.1887270	0.3255987	0.2350247	0.2422384	0.2942859	0.3828642	0.2064704	0.1863387	0.2163208	0.3203995	0.2846886	0.2494960
3232988037.2806029	0.2282559	0.2667111	0.1955867	0.3011584	0.1887190	0.3255937	0.2350256	0.2422555	0.2943139	0.3828336	0.2064565	0.1863546	0.2163205	0.3204241	0.2846903	0.2495006
3232988037.2904911	0.2282470	0.2667171	0.1955990	0.3011661	0.1887056	0.3256098	0.2350326	0.2422515	0.2943052	0.3828576	0.2064419	0.1863419	0.2163240	0.3204031	0.2846906	0.2495010
3232988037.3003793	0.2282555	0.2667290	0.1956041	0.3011624	0.1887167	0.3256092	0.2350374	0.2422560	0.2943299	0.3828458	0.2064693	0.1863646	0.2163359	0.3204118	0.2846781	0.2495088
3232988037.3102674	0.2282519	0.2667156	0.1955969	0.3011736	0.1887226	0.3255854	0.2350302	0.2422233	0.2943024	0.3828537	0.2064576	0.1863416	0.2163319	0.3204285	0.2847010	0.2495098
3232988037.3201556	0.2282368	0.2667181	0.1956163	0.3011574	0.1887191	0.3256023	0.2350308	0.2422657	0.2943088	0.3828578	0.2064713	0.1863604	0.2163458	0.3204023	0.2846970	0.2494955
3232988037.3300438	0.2282376	0.2667190	0.1956100	0.3011616	0.1887023	0.3255918	0.2350212	0.2422427	0.2943080	0.3828436	0.2064597	0.1863342	0.2163510	0.3204308	0.2846678	0.2495257
3232988037.3399301	0.2282452	0.2667284	0.1956085	0.3011654	0.1887066	0.3255811	0.2350230	0.2422586	0.2943046	0.3828523	0.2064705	0.1863465	0.2163260	0.3204332	0.2846915	0.2495049
3232988037.3498182	0.2282594	0.2667374	0.1956051	0.3011695	0.1887227	0.3256185	0.2350360	0.2422553	0.2943326	0.3828601	0.2064688	0.1863442	0.2163320	0.3204236	0.2846953	0.2495128
3232988037.3597064	0.2282638	0.2667273	0.1956188	0.3011661	0.1887084	0.3256116	0.2350283	0.2422438	0.2943120	0.3828438	0.2064767	0.1863294	0.2163321	0.3204194	0.2846788	0.2495141
3232988037.3695946	0.2282510	0.2667310	0.1955945	0.3011411	0.1887189	0.3256028	0.2350284	0.2422694	0.2943204	0.3828607	0.2064690	0.1863643	0.2163243	0.3204117	0.2846845	0.2495080
3232988037.3794827	0.2282553	0.2667210	0.1956032	0.3011608	0.1887150	0.3255917	0.2350389	0.2422492	0.2943248	0.3828704	0.2064822	0.1863619	0.2163288	0.3204160	0.2846961	0.2495205
3232988037.3893709	0.2282546	0.2667251	0.1955906	0.3011594	0.1887205	0.3255988	0.2350159	0.2422609	0.2943183	0.3828375	0.2064799	0.1863425	0.2163217	0.3204048	0.2846753	0.2495196
3232988037.3992591	0.2282545	0.2667253	0.1955937	0.3011654	0.1887099	0.3256143	0.2350277	0.2422458	0.2943222	0.3828621	0.2064715	0.1863524	0.2163290	0.3204060	0.2846827	0.2495182
3232988037.4091473	0.2282403	0.2667227	0.1956020	0.3011587	0.1887247	0.3256045	0.2350428	0.2422669	0.2943169	0.3828693	0.2064725	0.1863556	0.2163318	0.3204296	0.2846896	0.2495132
3232988037.4190354	0.2282471	0.2667064	0.1956043	0.3011471	0.1887131	0.3255961	0.2350313	0.2422537	0.2943101	0.3828529	0.2064538	0.1863452	0.2163248	0.3204171	0.2846828	0.2495154
3232988037.4289236	0.2282537	0.2667236	0.1956051	0.3011770	0.1887468	0.3256125	0.2350312	0.2422716	0.2943161	0.3828853	0.2064776	0.1863253	0.2163368	0.3204099	0.2846705	0.2494950
3232988037.4388099	0.2282392	0.2667237	0.1956074	0.3011705	0.1887225	0.3256042	0.2350183	0.2422677	0.2943293	0.3828649	0.2064622	0.1863553	0.2163293	0.3204299	0.2846888	0.2495182
3232988037.4486980	0.2282380	0.2667398	0.1956115	0.3011528	0.1887185	0.3256079	0.2350251	0.2422591	0.2942990	0.3828654	0.2064574	0.1863605	0.2163281	0.3204157	0.2846966	0.2495261
3232988037.4585862	0.2282383	0.2667323	0.1955919	0.3011766	0.1887036	0.3256013	0.2350506	0.2422328	0.2943200	0.3828639	0.2064610	0.1863549	0.2163279	0.3204228	0.2846845	0.2494949
3232988037.4684744	0.2282268	0.2667211	0.1955968	0.3011705	0.1887182	0.3256181	0.2350303	0.2422435	0.2943230	0.3828531	0.2064707	0.1863458	0.2163214	0.3204025	0.2846671	0.2495041
3232988037.4783626	0.2282583	0.2667176	0.1955971	0.3011752	0.1887005	0.3256008	0.2350260	0.2422561	0.2943136	0.3828673	0.2064631	0.1863548	0.2163414	0.3204219	0.2846873	0.2495205
3232988037.4882507	0.2282240	0.2667367	0.1956127	0.3011593	0.1887247	0.3256141	0.2350327	0.2422681	0.2943105	0.3828564	0.2064730	0.1863353	0.2163162	0.3204515	0.2846733	0.2494928
3232988037.4981389	0.2282329	0.2667216	0.1956028	0.3011752	0.1887245	0.3256076	0.2350207	0.2422464	0.2942946	0.3828765	0.2064612	0.1863497	0.2163279	0.3204305	0.2846834	0.2495090
3232988037.5080271	0.2282359	0.2667291	0.1955963	0.3011883	0.1887181	0.3256210	0.2350394	0.2422604	0.2943091	0.3828657	0.2064590	0.1863422	0.2163316	0.3204203	0.2846923	0.2495183
3232988037.5179152	0.2282378	0.2667239	0.1956064	0.3011720	0.1887057	0.3256127	0.2350192	0.2422529	0.2943123	0.3828859	0.2064632	0.1863546	0.2163170	0.3204182	0.2846715	0.2495109
3232988037.5278034	0.2282419	0.2667451	0.1956134	0.3011597	0.1887146	0.3256146	0.2350122	0.2422520	0.2943112	0.3828615	0.2064719	0.1863366	0.2163289	0.3204170	0.2847033	0.2495287
3232988037.5376902	0.2282429	0.2667212	0.1956012	0.3011597	0.1887272	0.3256046	0.2350142	0.2422443	0.2943068	0.3828536	0.2064573	0.1863486	0.2163267	0.3203971	0.2846840	0.2495187
3232988037.5475783	0.2282477	0.2667456	0.1956062	0.3011710	0.1887114	0.3256019	0.2350247	0.2422509	0.2943112	0.3828624	0.2064673	0.1863546	0.2163248	0.3204113	0.2847053	0.2494987
3232988037.5574665	0.2282405	0.2667432	0.1955989	0.3011692	0.1887033	0.3255886	0.2350266	0.2422517	0.2942933	0.3828525	0.2064643	0.1863499	0.2163241	0.3204332	0.2846850	0.2495024
3232988037.5673547	0.2282492	0.2667363	0.1956054	0.3011553	0.1887316	0.3256171	0.2350133	0.2422576	0.2943040	0.3828617	0.2064645	0.1863394	0.2163080	0.3204168	0.2846716	0.2495054
3232988037.5772428	0.2282408	0.2667329	0.1956051	0.3011702	0.1887169	0.3256135	0.2350378	0.2422696	0.2943092	0.3828510	0.2064707	0.1863536	0.2163250	0.3204216	0.2846775	0.2494934
3232988037.5871310	0.2282450	0.2667244	0.1955812	0.3011587	0.1887152	0.3256011	0.2350311	0.2422634	0.2942981	0.3828590	0.2064622	0.1863643	0.2163041	0.3204130	0.2846802	0.2495108
3232988037.5970192	0.2282292	0.2667288	0.1955977	0.3011669	0.1887301	0.3255980	0.2350202	0.2422534	0.2943059	0.3828503	0.2064760	0.1863075	0.2163233	0.3204250	0.2846815	0.2495196
3232988037.6069074	0.2282363	0.2667157	0.1956020	0.3011684	0.1887319	0.3256041	0.2350220	0.2422422	0.2943143	0.3828533	0.2064544	0.1863437	0.2163373	0.3204181	0.2846777	0.2495057
3232988037.6167955	0.2282381	0.2667196	0.1956064	0.3011593	0.1887327	0.3256082	0.2350327	0.2422522	0.2942873	0.3828490	0.2064608	0.1863465	0.2163196	0.3204228	0.2846680	0.2495070
3232988037.6266837	0.2282340	0.2667320	0.1956019	0.3011662	0.1887174	0.3256165	0.2350317	0.2422613	0.2942863	0.3828581	0.2064653	0.1863721	0.2163061	0.3204159	0.2846707	0.2494954
3232988037.6365700	0.2282482	0.2667117	0.1956139	0.3011632	0.1887188	0.3256264	0.2350311	0.2422519	0.2942934	0.3828590	0.2064551	0.1863285	0.2163064	0.3204123	0.2846620	0.2495140
3232988037.6464581	0.2282449	0.2667310	0.1955847	0.3011707	0.1886997	0.3256046	0.2350179	0.2422460	0.2942987	0.3828779	0.2064376	0.1863598	0.2163206	0.3204172	0.2846600	0.2495092
3232988037.6563463	0.2282391	0.2667335	0.1956034	0.3011583	0.1887111	0.3256114	0.2350228	0.2422570	0.2942836	0.3828487	0.2064320	0.1863452	0.2163015	0.3204179	0.2846696	0.2495047
3232988037.6662345	0.2282444	0.2667247	0.1956016	0.3011599	0.1887297	0.3255987	0.2350256	0.2422412	0.2942993	0.3828379	0.2064502	0.1863270	0.2163043	0.3204002	0.2846744	0.2494887
3232988037.6761227	0.2282393	0.2667271	0.1956140	0.3011751	0.1887311	0.3256285	0.2350203	0.2422557	0.2942946	0.3828511	0.2064550	0.1863449	0.2163023	0.3204077	0.2846933	0.2494858
3232988037.6860108	0.2282413	0.2667358	0.1955933	0.3011582	0.1887137	0.3256097	0.2350283	0.2422793	0.2942882	0.3828677	0.2064453	0.1863436	0.2163135	0.3203998	0.2846693	0.2495041
3232988037.6958990	0.2282421	0.2667216	0.1956140	0.3011736	0.1887186	0.3256208	0.2350226	0.2422590	0.2943113	0.3828473	0.2064361	0.1863509	0.2163230	0.3204186	0.2846459	0.2494853
3232988037.7057872	0.2282140	0.2667366	0.1955900	0.3011511	0.1887182	0.3256171	0.2350036	0.2422621	0.2942848	0.3828484	0.2064486	0.1863257	0.2162964	0.3204118	0.2846713	0.2495015
3232988037.7156754	0.2282457	0.2667232	0.1955904	0.3011440	0.1887037	0.3256009	0.2350304	0.2422569	0.2942753	0.3828460	0.2064387	0.1863454	0.2163015	0.3204232	0.2846460	0.2495094
3232988037.7255635	0.2282251	0.2667172	0.1956025	0.3011583	0.1887480	0.3255985	0.2350394	0.2422473	0.2942986	0.3828342	0.2064451	0.1863310	0.2163293	0.3204001	0.2846875	0.2494922
3232988037.7354503	0.2282312	0.2667102	0.1956092	0.3011610	0.1887318	0.3255977	0.2350329	0.2422465	0.2943034	0.3828266	0.2064585	0.1863433	0.2163082	0.3204152	0.2846684	0.2494863
3232988037.7453384	0.2282423	0.2667441	0.1955990	0.3011777	0.1887328	0.3256052	0.2350115	0.2422366	0.2943033	0.3828349	0.2064316	0.1863259	0.2162989	0.3203970	0.2846654	0.2494959
3232988037.7552266	0.2282166	0.2667224	0.1955787	0.3011609	0.1887086	0.3256123	0.2350294	0.2422502	0.2942898	0.3828412	0.2064416	0.1863751	0.2163109	0.3204042	0.2846594	0.2495104
3232988037.7651148	0.2282459	0.2667385	0.1955852	0.3011634	0.1887268	0.3255968	0.2350234	0.2422550	0.2942838	0.3828285	0.2064568	0.1863515	0.2163060	0.3203963	0.2846554	0.2494928
3232988037.7750030	0.2282521	0.2667319	0.1955947	0.3011508	0.1887270	0.3256118	0.2350179	0.2422508	0.2942762	0.3828458	0.2064541	0.1863481	0.2163168	0.3203870	0.2846560	0.2494855
3232988037.7848911	0.2282412	0.2667237	0.1955939	0.3011771	0.1887170	0.3255939	0.2350161	0.2422461	0.2942739	0.3828509	0.2064569	0.1863095	0.2163130	0.3204039	0.2846698	0.2494986
3232988037.7947793	0.2282509	0.2667363	0.1956234	0.3011449	0.1887343	0.3256132	0.2350169	0.2422575	0.2942792	0.3828318	0.2064428	0.1863263	0.2163059	0.3203963	0.2846621	0.2495029
3232988037.8046675	0.2282472	0.2667287	0.1955979	0.3011380	0.1887095	0.3255889	0.2350326	0.2422597	0.2942808	0.3828233	0.2064394	0.1863233	0.2162913	0.3203955	0.2846608	0.2494869
3232988037.8145556	0.2282280	0.2667211	0.1955894	0.3011504	0.1886961	0.3256018	0.2350246	0.2422446	0.2942895	0.3828295	0.2064553	0.1863306	0.2163195	0.3203916	0.2846568	0.2494754
3232988037.8244438	0.2282386	0.2667278	0.1955972	0.3011650	0.1887295	0.3256152	0.2350110	0.2422320	0.2942803	0.3828291	0.2064542	0.1863217	0.2162907	0.3203946	0.2846474	0.2494817
3232988037.8343301	0.2282415	0.2667319	0.1955999	0.3011688	0.1887371	0.3256055	0.2350422	0.2422441	0.2942872	0.3828513	0.2064416	0.1863310	0.2163127	0.3203915	0.2846561	0.2494856
3232988037.8442183	0.2282506	0.2667315	0.1956102	0.3011615	0.1887092	0.3255998	0.2350299	0.2422670	0.2942752	0.3828354	0.2064448	0.1863397	0.2162940	0.3203853	0.2846519	0.2494905
3232988037.8541064	0.2282346	0.2667225	0.1955860	0.3011481	0.1887021	0.3256028	0.2350245	0.2422270	0.2942770	0.3828229	0.2064441	0.1863499	0.2163084	0.3203752	0.2846499	0.2494947
3232988037.8639946	0.2282393	0.2667228	0.1955879	0.3011540	0.1887092	0.3255996	0.2350405	0.2422422	0.2942886	0.3828191	0.2064431	0.1863096	0.2163010	0.3203836	0.2846712	0.2494753
3232988037.8738828	0.2282429	0.2667185	0.1956047	0.3011709	0.1887321	0.3255885	0.2350274	0.2422503	0.2942807	0.3828236	0.2064508	0.1863341	0.2163005	0.3203721	0.2846550	0.2494792
3232988037.8837709	0.2282524	0.2667288	0.1956085	0.3011436	0.1887121	0.3256188	0.2350272	0.2422470	0.2942984	0.3828224	0.2064520	0.1863334	0.2162969	0.3203840	0.2846684	0.2494837
3232988037.8936591	0.2282483	0.2667390	0.1956114	0.3011387	0.1887113	0.3255965	0.2350195	0.2422449	0.2942920	0.3828221	0.2064597	0.1863240	0.2162924	0.3203978	0.2846664	0.2494893
3232988037.9035473	0.2282493	0.2667289	0.1955904	0.3011599	0.1887145	0.3256063	0.2350150	0.2422565	0.2943114	0.3828134	0.2064568	0.1863293	0.2162898	0.3203785	0.2846458	0.2494782
3232988037.9134355	0.2282385	0.2667075	0.1955947	0.3011559	0.1887318	0.3256058	0.2350175	0.2422399	0.2942849	0.3828305	0.2064546	0.1863438	0.2162990	0.3203684	0.2846479	0.2494691
3232988037.9233236	0.2282320	0.2667281	0.1956076	0.3011704	0.1887251	0.3256003	0.2350351	0.2422500	0.2942957	0.3828159	0.2064440	0.1863250	0.2163152	0.3203854	0.2846506	0.2494794
3232988037.9332099	0.2282465	0.2667036	0.1955946	0.3011574	0.1887306	0.3255931	0.2350321	0.2422357	0.2943041	0.3828191	0.2064563	0.1863164	0.2163205	0.3203861	0.2846880	0.2494718
3232988037.9430981	0.2282434	0.2667069	0.1955948	0.3011484	0.1887187	0.3255969	0.2350359	0.2422585	0.2942892	0.3828185	0.2064643	0.1863221	0.2163054	0.3203846	0.2846609	0.2494861
3232988037.9529862	0.2282420	0.2667144	0.1956077	0.3011366	0.1887312	0.3255688	0.2350285	0.2422474	0.2943037	0.3828088	0.2064537	0.1863265	0.2163361	0.3203846	0.2846669	0.2494792
3232988037.9628744	0.2282103	0.2667092	0.1955855	0.3011511	0.1887164	0.3256007	0.2350172	0.2422405	0.2942942	0.3828294	0.2064427	0.1863199	0.2163066	0.3203818	0.2846713	0.2494776
3232988037.9727626	0.2282341	0.2667143	0.1955853	0.3011510	0.1887136	0.3255910	0.2350281	0.2422475	0.2943123	0.3828275	0.2064565	0.1863241	0.2163067	0.3203937	0.2846549	0.2494726
3232988037.9826508	0.2282221	0.2667258	0.1955913	0.3011537	0.1886996	0.3255963	0.2350303	0.2422528	0.2942985	0.3828347	0.2064479	0.1863370	0.2163251	0.3203880	0.2846711	0.2494737
3232988037.9925389	0.2282405	0.2667175	0.1956057	0.3011549	0.1887268	0.3256024	0.2350284	0.2422392	0.2943027	0.3828252	0.2064619	0.1863321	0.2163087	0.3203755	0.2846772	0.2494886
3232988038.0024271	0.2282550	0.2667094	0.1956045	0.3011471	0.1887342	0.3255882	0.2350321	0.2422447	0.2942914	0.3828295	0.2064443	0.1863427	0.2163012	0.3203951	0.2846824	0.2494652
3232988038.0123153	0.2282376	0.2667204	0.1955855	0.3011564	0.1887227	0.3255817	0.2350345	0.2422441	0.2942876	0.3828116	0.2064721	0.1863233	0.2163308	0.3203836	0.2846511	0.2494743
3232988038.0222034	0.2282328	0.2667056	0.1955829	0.3011431	0.1887226	0.3255923	0.2350364	0.2422273	0.2942905	0.3828231	0.2064621	0.1863182	0.2163287	0.3203937	0.2846660	0.2494795
3232988038.0320902	0.2282270	0.2667138	0.1955770	0.3011456	0.1887217	0.3255894	0.2350407	0.2422431	0.2942888	0.3828139	0.2064758	0.1863436	0.2163066	0.3203636	0.2846502	0.2494794
3232988038.0419784	0.2282453	0.2667183	0.1956026	0.3011637	0.1887281	0.3255768	0.2350283	0.2422308	0.2943092	0.3828256	0.2064457	0.1863207	0.2163337	0.3203854	0.2846772	0.2494752
3232988038.0518665	0.2282291	0.2667289	0.1956106	0.3011477	0.1887222	0.3255902	0.2350361	0.2422372	0.2943129	0.3828147	0.2064629	0.1863315	0.2163198	0.3203942	0.2846686	0.2494674
3232988038.0617547	0.2282409	0.2667116	0.1955824	0.3011264	0.1887285	0.3255969	0.2350208	0.2422209	0.2943064	0.3828165	0.2064531	0.1863120	0.2163144	0.3203707	0.2846501	0.2494772
3232988038.0716429	0.2282367	0.2667071	0.1956080	0.3011374	0.1886908	0.3255861	0.2350404	0.2422422	0.2943199	0.3828081	0.2064593	0.1863128	0.2163293	0.3203944	0.2846875	0.2494671
3232988038.0815310	0.2282407	0.2666973	0.1955924	0.3011420	0.1887122	0.3255745	0.2350180	0.2422279	0.2942976	0.3828431	0.2064623	0.1863185	0.2163087	0.3203779	0.2846606	0.2494839
3232988038.0914192	0.2282671	0.2667066	0.1955952	0.3011464	0.1887240	0.3255872	0.2350284	0.2422305	0.2942925	0.3828126	0.2064616	0.1863323	0.2163375	0.3203850	0.2846882	0.2494869
3232988038.1013074	0.2282479	0.2666999	0.1956266	0.3011517	0.1887246	0.3255995	0.2350595	0.2422301	0.2942997	0.3828332	0.2064587	0.1863152	0.2163145	0.3203977	0.2846728	0.2494845
3232988038.1111956	0.2282486	0.2667018	0.1955909	0.3011377	0.1887177	0.3255660	0.2350267	0.2422370	0.2943206	0.3828203	0.2064628	0.1863178	0.2163319	0.3204033	0.2846709	0.2494817
3232988038.1210837	0.2282305	0.2667166	0.1955771	0.3011699	0.1887054	0.3255876	0.2350174	0.2422282	0.2943165	0.3828120	0.2064709	0.1863267	0.2163333	0.3203850	0.2846841	0.2494784
3232988038.1309700	0.2282323	0.2666990	0.1956014	0.3011549	0.1887157	0.3255989	0.2350152	0.2422684	0.2943119	0.3828370	0.2064516	0.1863229	0.2163323	0.3204011	0.2846775	0.2494827
3232988038.1408582	0.2282338	0.2667024	0.1955949	0.3011489	0.1887152	0.3255760	0.2349959	0.2422287	0.2943121	0.3828149	0.2064791	0.1863281	0.2163197	0.3203869	0.2846789	0.2494796
3232988038.1507463	0.2282382	0.2667065	0.1956103	0.3011449	0.1887322	0.3255846	0.2350012	0.2422310	0.2942980	0.3828181	0.2064696	0.1863414	0.2163140	0.3203958	0.2846882	0.2494734
3232988038.1606345	0.2282566	0.2667107	0.1956090	0.3011198	0.1887165	0.3255809	0.2350130	0.2422367	0.2943181	0.3828044	0.2064736	0.1863168	0.2163298	0.3203848	0.2846749	0.2494690
3232988038.1705227	0.2282473	0.2667066	0.1955994	0.3011386	0.1887063	0.3255909	0.2350110	0.2422271	0.2942997	0.3828289	0.2064746	0.1863313	0.2163338	0.3203839	0.2846911	0.2494762
3232988038.1804109	0.2282483	0.2667134	0.1955957	0.3011304	0.1887026	0.3255867	0.2350354	0.2422174	0.2943175	0.3828305	0.2064687	0.1863494	0.2163235	0.3203970	0.2846798	0.2494824
3232988038.1902990	0.2282264	0.2667017	0.1955943	0.3011387	0.1887158	0.3255861	0.2350290	0.2422242	0.2943178	0.3828304	0.2064592	0.1863358	0.2163207	0.3203793	0.2846901	0.2494919
3232988038.2001872	0.2282191	0.2667153	0.1955987	0.3011349	0.1887103	0.3255779	0.2350302	0.2422551	0.2943089	0.3828067	0.2064785	0.1863125	0.2163093	0.3204031	0.2846845	0.2494813
3232988038.2100754	0.2282340	0.2667146	0.1955891	0.3011401	0.1887270	0.3255773	0.2350249	0.2422422	0.2943103	0.3828279	0.2064686	0.1863240	0.2163175	0.3203802	0.2846874	0.2494808
3232988038.2199635	0.2282395	0.2667171	0.1955823	0.3011219	0.1887213	0.3255816	0.2350229	0.2422442	0.2943225	0.3828231	0.2064608	0.1863402	0.2163255	0.3203920	0.2846752	0.2494935
3232988038.2298503	0.2282281	0.2667034	0.1956074	0.3011547	0.1887032	0.3255764	0.2350255	0.2422494	0.2943050	0.3828307	0.2064744	0.1863288	0.2163403	0.3203847	0.2846859	0.2494822
3232988038.2397385	0.2282523	0.2666916	0.1955799	0.3011325	0.1887098	0.3255802	0.2350084	0.2422387	0.2943011	0.3828161	0.2064665	0.1863274	0.2163256	0.3204071	0.2846922	0.2494856
3232988038.2496266	0.2282236	0.2667006	0.1956066	0.3011258	0.1887351	0.3255695	0.2350155	0.2422313	0.2943043	0.3828395	0.2064613	0.1863311	0.2163233	0.3203907	0.2846733	0.2494924
3232988038.2595148	0.2282343	0.2667068	0.1956140	0.3011342	0.1887197	0.3256009	0.2350512	0.2422404	0.2943071	0.3828167	0.2064766	0.1863330	0.2163236	0.3203764	0.2846756	0.2494667
3232988038.2694030	0.2282219	0.2667048	0.1955918	0.3011628	0.1887151	0.3255800	0.2350256	0.2422113	0.2943100	0.3828184	0.2064779	0.1863304	0.2163286	0.3203924	0.2846788	0.2494878
3232988038.2792912	0.2282394	0.2667053	0.1956017	0.3011489	0.1887233	0.3255797	0.2350113	0.2422271	0.2943122	0.3828119	0.2064500	0.1863421	0.2163181	0.3203963	0.2846893	0.2494679
3232988038.2891793	0.2282321	0.2667107	0.1955920	0.3011196	0.1887113	0.3255872	0.2350226	0.2422336	0.2943152	0.3828232	0.2064585	0.1863273	0.2163243	0.3204032	0.2846689	0.2495034
3232988038.2990675	0.2282462	0.2667030	0.1956001	0.3011430	0.1887166	0.3255831	0.2350142	0.2422048	0.2943144	0.3828220	0.2064535	0.1863330	0.2163298	0.3203969	0.2846946	0.2494873
3232988038.3089557	0.2282461	0.2667063	0.1956012	0.3011395	0.1887228	0.3255907	0.2350116	0.2422321	0.2943126	0.3828169	0.2064621	0.1863234	0.2163291	0.3203941	0.2846796	0.2495055
3232988038.3188438	0.2282325	0.2667016	0.1956055	0.3011430	0.1887181	0.3255741	0.2350188	0.2422401	0.2943003	0.3828193	0.2064589	0.1863328	0.2163452	0.3203974	0.2846906	0.2494901
3232988038.3287301	0.2282407	0.2667054	0.1955940	0.3011262	0.1887173	0.3255774	0.2350278	0.2422289	0.2943234	0.3828184	0.2064600	0.1863299	0.2163392	0.3204120	0.2846730	0.2494895
3232988038.3386183	0.2282304	0.2666940	0.1955991	0.3011296	0.1887088	0.3255860	0.2350143	0.2422217	0.2943138	0.3828274	0.2064718	0.1863339	0.2163272	0.3203863	0.2847014	0.2494861
3232988038.3485064	0.2282257	0.2667024	0.1955830	0.3011431	0.1887289	0.3255815	0.2350259	0.2422146	0.2942963	0.3828111	0.2064811	0.1863256	0.2163318	0.3204111	0.2846618	0.2494831
3232988038.3583946	0.2282480	0.2666949	0.1956168	0.3011381	0.1887077	0.3255891	0.2350346	0.2422245	0.2943062	0.3828348	0.2064601	0.1863470	0.2163328	0.3203673	0.2846823	0.2494840
3232988038.3682828	0.2282282	0.2667070	0.1955896	0.3011334	0.1886992	0.3255840	0.2350156	0.2422328	0.2943116	0.3828278	0.2064652	0.1863316	0.2163317	0.3203978	0.2846797	0.2494871
3232988038.3781710	0.2282504	0.2667210	0.1955990	0.3011245	0.1887148	0.3255842	0.2350316	0.2422336	0.2942926	0.3828373	0.2064499	0.1863298	0.2163256	0.3203946	0.2846900	0.2494936
3232988038.3880591	0.2282469	0.2666950	0.1955803	0.3011395	0.1887232	0.3255733	0.2350112	0.2422423	0.2943066	0.3828305	0.2064686	0.1863335	0.2163227	0.3203893	0.2847095	0.2494794
3232988038.3979473	0.2282541	0.2666923	0.1955867	0.3011264	0.1887220	0.3255760	0.2350195	0.2422184	0.2943022	0.3828557	0.2064645	0.1863279	0.2163190	0.3203863	0.2846786	0.2494848
3232988038.4078355	0.2282272	0.2667108	0.1955993	0.3011302	0.1887093	0.3255724	0.2350140	0.2422344	0.2943211	0.3828047	0.2064597	0.1863345	0.2163363	0.3203874	0.2846875	0.2494892
3232988038.4177237	0.2282276	0.2667129	0.1955999	0.3011353	0.1887198	0.3255730	0.2350418	0.2422214	0.2943203	0.3828388	0.2064721	0.1863438	0.2163372	0.3203932	0.2846777	0.2494941
3232988038.4276099	0.2282529	0.2666910	0.1955828	0.3011498	0.1887102	0.3256053	0.2350187	0.2422354	0.2943245	0.3828416	0.2064730	0.1863458	0.2163630	0.3204168	0.2846774	0.2494836
3232988038.4374981	0.2282421	0.2667116	0.1955903	0.3011542	0.1887137	0.3255725	0.2350133	0.2422394	0.2943107	0.3828300	0.2064658	0.1863417	0.2163355	0.3204034	0.2846872	0.2495014
3232988038.4473863	0.2282353	0.2667193	0.1955835	0.3011295	0.1887127	0.3255859	0.2350208	0.2422112	0.2943195	0.3828200	0.2064681	0.1863321	0.2163453	0.3203986	0.2847106	0.2494824
3232988038.4572744	0.2282224	0.2666972	0.1956014	0.3011415	0.1887143	0.3255736	0.2350253	0.2422393	0.2943063	0.3828333	0.2064640	0.1863257	0.2163222	0.3204088	0.2846738	0.2494968
3232988038.4671626	0.2282277	0.2667225	0.1955970	0.3011260	0.1887141	0.3255773	0.2350048	0.2422342	0.2943088	0.3828450	0.2064712	0.1863330	0.2163144	0.3203985	0.2847002	0.2494983
3232988038.4770508	0.2282384	0.2667249	0.1956115	0.3011194	0.1887232	0.3255885	0.2350254	0.2422354	0.2943387	0.3828384	0.2064634	0.1863303	0.2163437	0.3204131	0.2846791	0.2494867
3232988038.4869390	0.2282391	0.2667088	0.1956022	0.3011405	0.1887229	0.3256041	0.2350152	0.2422541	0.2943215	0.3828378	0.2064667	0.1863446	0.2163374	0.3204099	0.2846791	0.2494992
3232988038.4968271	0.2282206	0.2667189	0.1955927	0.3011512	0.1887310	0.3255842	0.2350117	0.2422369	0.2943168	0.3828417	0.2064693	0.1863327	0.2163264	0.3203990	0.2846908	0.2494977
3232988038.5067153	0.2282232	0.2666881	0.1956020	0.3011452	0.1887138	0.3255827	0.2350084	0.2422621	0.2943146	0.3828396	0.2064662	0.1863422	0.2163292	0.3204036	0.2846778	0.2494865
3232988038.5166035	0.2282225	0.2667158	0.1955854	0.3011318	0.1887255	0.3255664	0.2350376	0.2422391	0.2943110	0.3828486	0.2064710	0.1863549	0.2163393	0.3203995	0.2846815	0.2495170
3232988038.5264902	0.2282364	0.2667019	0.1955935	0.3011440	0.1887120	0.3255925	0.2350386	0.2422305	0.2943124	0.3828321	0.2064579	0.1863439	0.2163386	0.3204129	0.2846964	0.2494857
3232988038.5363784	0.2282498	0.2667052	0.1955782	0.3011618	0.1887212	0.3255803	0.2350307	0.2422348	0.2943001	0.3828263	0.2064624	0.1863498	0.2163339	0.3204066	0.2846926	0.2494926
3232988038.5462666	0.2282429	0.2667198	0.1955899	0.3011451	0.1887110	0.3255974	0.2350086	0.2422337	0.2943189	0.3828368	0.2064723	0.1863486	0.2163362	0.3204045	0.2846658	0.2494904
3232988038.5561547	0.2282430	0.2667220	0.1955880	0.3011436	0.1887102	0.3255787	0.2350065	0.2422262	0.2943118	0.3828213	0.2064810	0.1863145	0.2163146	0.3203962	0.2847001	0.2495066
3232988038.5660429	0.2282433	0.2667016	0.1955917	0.3011542	0.1887151	0.3255835	0.2350220	0.2422416	0.2943136	0.3828452	0.2064676	0.1863435	0.2163224	0.3203907	0.2846694	0.2494868
3232988038.5759311	0.2282327	0.2667197	0.1955935	0.3011639	0.1886989	0.3255860	0.2350166	0.2422444	0.2943155	0.3828432	0.2064720	0.1863400	0.2163280	0.3204033	0.2846704	0.2494978
3232988038.5858192	0.2282293	0.2667288	0.1956080	0.3011434	0.1887030	0.3255945	0.2350243	0.2422556	0.2943360	0.3828489	0.2064631	0.1863284	0.2163190	0.3204119	0.2846759	0.2495043
3232988038.5957074	0.2282347	0.2667449	0.1956034	0.3011412	0.1887167	0.3255970	0.2350237	0.2422403	0.2943164	0.3828378	0.2064595	0.1863296	0.2163199	0.3203983	0.2846814	0.2495224
3232988038.6055956	0.2282408	0.2667184	0.1955936	0.3011492	0.1887358	0.3255944	0.2350228	0.2422371	0.2943104	0.3828523	0.2064562	0.1863390	0.2163125	0.3204309	0.2846790	0.2494988
3232988038.6154838	0.2282348	0.2667156	0.1956111	0.3011508	0.1887241	0.3255980	0.2350230	0.2422482	0.2943227	0.3828464	0.2064668	0.1863415	0.2163218	0.3204111	0.2846764	0.2495038
3232988038.6253700	0.2282365	0.2667241	0.1955864	0.3011646	0.1887159	0.3255940	0.2350476	0.2422458	0.2943236	0.3828607	0.2064775	0.1863290	0.2163406	0.3204248	0.2846705	0.2494934
3232988038.6352582	0.2282296	0.2667126	0.1955860	0.3011620	0.1887161	0.3255992	0.2350192	0.2422519	0.2943062	0.3828630	0.2064593	0.1863329	0.2163362	0.3204237	0.2846684	0.2494973
3232988038.6451464	0.2282252	0.2667234	0.1956056	0.3011507	0.1887044	0.3255978	0.2350200	0.2422477	0.2943157	0.3828600	0.2064692	0.1863464	0.2163347	0.3204299	0.2846788	0.2494990
3232988038.6550345	0.2282424	0.2667428	0.1955899	0.3011545	0.1887286	0.3255948	0.2350216	0.2422275	0.2943134	0.3828464	0.2064592	0.1863264	0.2163388	0.3204216	0.2846734	0.2495024
3232988038.6649227	0.2282433	0.2667237	0.1955985	0.3011729	0.1887122	0.3255820	0.2349994	0.2422546	0.2943248	0.3828597	0.2064582	0.1863380	0.2163139	0.3204072	0.2846776	0.2495005
3232988038.6748109	0.2282207	0.2667185	0.1956101	0.3011592	0.1887118	0.3256174	0.2350553	0.2422501	0.2943270	0.3828491	0.2064737	0.1863274	0.2163437	0.3204123	0.2846948	0.2495169
3232988038.6846991	0.2282417	0.2667252	0.1956045	0.3011560	0.1887046	0.3256160	0.2350315	0.2422584	0.2943091	0.3828657	0.2064718	0.1863528	0.2163399	0.3204101	0.2846835	0.2495119
3232988038.6945872	0.2282416	0.2667300	0.1956063	0.3011763	0.1887165	0.3256139	0.2350237	0.2422513	0.2943175	0.3828701	0.2064848	0.1863316	0.2163339	0.3204329	0.2846824	0.2494917
3232988038.7044754	0.2282280	0.2667310	0.1955923	0.3011559	0.1887146	0.3255947	0.2350373	0.2422628	0.2943260	0.3828577	0.2064488	0.1863297	0.2163253	0.3204164	0.2846858	0.2494977
3232988038.7143636	0.2282360	0.2667235	0.1955808	0.3011554	0.1887123	0.3255996	0.2350283	0.2422546	0.2943139	0.3828648	0.2064825	0.1863579	0.2163224	0.3204306	0.2847000	0.2494980
3232988038.7242503	0.2282470	0.2667276	0.1955895	0.3011633	0.1887179	0.3256131	0.2350075	0.2422559	0.2943241	0.3828742	0.2064775	0.1863414	0.2163437	0.3204203	0.2846794	0.2494955
3232988038.7341385	0.2282447	0.2667435	0.1955928	0.3011682	0.1887238	0.3256124	0.2350400	0.2422488	0.2943302	0.3828556	0.2064635	0.1863493	0.2163220	0.3204227	0.2846868	0.2495189
3232988038.7440267	0.2282499	0.2667310	0.1956005	0.3011635	0.1887115	0.3256044	0.2350167	0.2422624	0.2943349	0.3828448	0.2064696	0.1863610	0.2163250	0.3204196	0.2846752	0.2494999
3232988038.7539148	0.2282316	0.2667319	0.1955845	0.3011671	0.1887187	0.3256008	0.2350273	0.2422479	0.2942951	0.3828552	0.2064672	0.1863394	0.2163304	0.3204496	0.2846746	0.2495003
3232988038.7638030	0.2282369	0.2667247	0.1955898	0.3011565	0.1886940	0.3256004	0.2350002	0.2422450	0.2943144	0.3828673	0.2064599	0.1863507	0.2163158	0.3204340	0.2846673	0.2495130
3232988038.7736912	0.2282316	0.2667288	0.1955789	0.3011741	0.1887014	0.3256055	0.2350317	0.2422708	0.2942983	0.3828691	0.2064703	0.1863589	0.2163392	0.3204151	0.2846874	0.2495177
3232988038.7835793	0.2282363	0.2667412	0.1955955	0.3011737	0.1887224	0.3256071	0.2350166	0.2422463	0.2943080	0.3828822	0.2064837	0.1863595	0.2163593	0.3204357	0.2846960	0.2495198
3232988038.7934675	0.2282404	0.2667328	0.1955923	0.3011799	0.1887016	0.3256290	0.2350231	0.2422686	0.2943191	0.3828658	0.2064731	0.1863599	0.2163327	0.3204460	0.2846811	0.2495038
3232988038.8033557	0.2282340	0.2667364	0.1955974	0.3011783	0.1887173	0.3256109	0.2350265	0.2422460	0.2943289	0.3828593	0.2064519	0.1863546	0.2163389	0.3204235	0.2846741	0.2495243
3232988038.8132439	0.2282343	0.2667355	0.1955857	0.3011781	0.1887127	0.3256039	0.2350203	0.2422519	0.2943234	0.3828696	0.2064582	0.1863599	0.2163200	0.3204331	0.2846901	0.2495008
3232988038.8231301	0.2282294	0.2667247	0.1955742	0.3011546	0.1887049	0.3256177	0.2350291	0.2422319	0.2943250	0.3828715	0.2064711	0.1863657	0.2163406	0.3204208	0.2846907	0.2495135
3232988038.8330183	0.2282408	0.2667257	0.1955737	0.3011817	0.1887224	0.3256177	0.2350203	0.2422627	0.2943058	0.3828787	0.2064619	0.1863607	0.2163165	0.3204384	0.2846924	0.2495199
3232988038.8429065	0.2282318	0.2667250	0.1955981	0.3011781	0.1887267	0.3256251	0.2350192	0.2422569	0.2943118	0.3828680	0.2064799	0.1863514	0.2163387	0.3204136	0.2846954	0.2495208
3232988038.8527946	0.2282218	0.2667492	0.1956022	0.3011623	0.1887152	0.3256253	0.2350284	0.2422567	0.2943331	0.3828741	0.2064710	0.1863709	0.2163456	0.3204320	0.2846791	0.2495083
3232988038.8626828	0.2282380	0.2667312	0.1956038	0.3011747	0.1887027	0.3256243	0.2350261	0.2422762	0.2943208	0.3828828	0.2064394	0.1863552	0.2163367	0.3204346	0.2846789	0.2495271
3232988038.8725710	0.2282290	0.2667302	0.1955914	0.3011617	0.1887032	0.3256268	0.2350162	0.2422720	0.2943011	0.3828771	0.2064704	0.1863547	0.2163480	0.3204306	0.2846853	0.2495234
3232988038.8824592	0.2282343	0.2667344	0.1955880	0.3011716	0.1887174	0.3256093	0.2350137	0.2422671	0.2943243	0.3828821	0.2064848	0.1863580	0.2163298	0.3204208	0.2846882	0.2495151
3232988038.8923473	0.2282406	0.2667655	0.1956049	0.3011933	0.1887160	0.3256339	0.2350154	0.2422427	0.2943098	0.3828809	0.2064517	0.1863575	0.2163289	0.3204400	0.2846843	0.2495380
3232988038.9022355	0.2282465	0.2667489	0.1956260	0.3011753	0.1887040	0.3256221	0.2350331	0.2422609	0.2943246	0.3829082	0.2064683	0.1863584	0.2163337	0.3204377	0.2846784	0.2495190
3232988038.9121237	0.2282357	0.2667505	0.1956059	0.3011836	0.1887133	0.3256284	0.2350312	0.2422765	0.2943247	0.3828862	0.2064777	0.1863649	0.2163178	0.3204331	0.2846785	0.2495236
3232988038.9220099	0.2282390	0.2667329	0.1955956	0.3011770	0.1887051	0.3256227	0.2350082	0.2422554	0.2943300	0.3828978	0.2064624	0.1863449	0.2163377	0.3204338	0.2847063	0.2495376
3232988038.9318981	0.2282309	0.2667386	0.1955991	0.3011652	0.1887306	0.3256192	0.2350141	0.2422551	0.2943098	0.3828862	0.2064693	0.1863728	0.2163428	0.3204428	0.2846890	0.2495291
3232988038.9417863	0.2282467	0.2667603	0.1955925	0.3011658	0.1887240	0.3256119	0.2350257	0.2422765	0.2943121	0.3828963	0.2064730	0.1863465	0.2163311	0.3204425	0.2846794	0.2495275
3232988038.9516745	0.2282289	0.2667397	0.1956091	0.3011814	0.1887062	0.3256405	0.2350425	0.2422597	0.2943211	0.3828873	0.2064585	0.1863751	0.2163431	0.3204491	0.2846820	0.2495416
3232988038.9615626	0.2282330	0.2667324	0.1955885	0.3011768	0.1887291	0.3256247	0.2350147	0.2422546	0.2943209	0.3828925	0.2064699	0.1863586	0.2163269	0.3204473	0.2846917	0.2495515
3232988038.9714508	0.2282135	0.2667394	0.1956005	0.3011880	0.1887000	0.3256343	0.2350253	0.2422783	0.2942921	0.3828910	0.2064743	0.1863641	0.2163252	0.3204504	0.2846831	0.2495374
3232988038.9813390	0.2282271	0.2667499	0.1955804	0.3011808	0.1887104	0.3256187	0.2350317	0.2422466	0.2943022	0.3829029	0.2064757	0.1863772	0.2163280	0.3204661	0.2846719	0.2495316
3232988038.9912271	0.2282414	0.2667409	0.1955964	0.3011896	0.1886902	0.3256278	0.2350290	0.2422639	0.2943175	0.3829001	0.2064611	0.1863750	0.2163321	0.3204404	0.2846829	0.2495334
3232988039.0011153	0.2282340	0.2667405	0.1956128	0.3011968	0.1887311	0.3256244	0.2350322	0.2422814	0.2943113	0.3828837	0.2064528	0.1863556	0.2163213	0.3204391	0.2846945	0.2495446
3232988039.0110035	0.2282552	0.2667549	0.1956203	0.3012023	0.1887162	0.3256398	0.2350305	0.2422797	0.2943207	0.3829050	0.2064617	0.1863654	0.2163437	0.3204515	0.2846948	0.2495500
3232988039.0208902	0.2282377	0.2667495	0.1955884	0.3011919	0.1887217	0.3256327	0.2350029	0.2422745	0.2943185	0.3829053	0.2064585	0.1863566	0.2163341	0.3204378	0.2846837	0.2495234
3232988039.0307784	0.2282378	0.2667448	0.1955974	0.3011933	0.1887190	0.3256404	0.2350215	0.2422746	0.2943019	0.3828959	0.2064672	0.1863711	0.2163229	0.3204596	0.2846970	0.2495227
3232988039.0406666	0.2282299	0.2667540	0.1955866	0.3011985	0.1887125	0.3256569	0.2350043	0.2422549	0.2943177	0.3829043	0.2064617	0.1863810	0.2163269	0.3204557	0.2847067	0.2495283
3232988039.0505548	0.2282307	0.2667498	0.1955851	0.3012075	0.1887202	0.3256559	0.2350238	0.2422749	0.2943157	0.3829218	0.2064739	0.1863704	0.2163233	0.3204651	0.2847019	0.2495295
3232988039.0604429	0.2282450	0.2667553	0.1955981	0.3011864	0.1887151	0.3256414	0.2350339	0.2422618	0.2943109	0.3829065	0.2064655	0.1863636	0.2163214	0.3204708	0.2846795	0.2495312
3232988039.0703311	0.2282336	0.2667574	0.1956110	0.3011913	0.1887135	0.3256275	0.2350093	0.2422864	0.2942944	0.3829022	0.2064666	0.1863669	0.2163314	0.3204724	0.2846766	0.2495390
3232988039.0802193	0.2282348	0.2667504	0.1955794	0.3012101	0.1887261	0.3256373	0.2350301	0.2422688	0.2943077	0.3829023	0.2064887	0.1863784	0.2163212	0.3204697	0.2846926	0.2495582
3232988039.0901074	0.2282364	0.2667485	0.1955850	0.3012103	0.1887221	0.3256359	0.2350136	0.2422806	0.2943116	0.3828979	0.2064687	0.1863722	0.2163248	0.3204444	0.2846765	0.2495319
3232988039.0999956	0.2282365	0.2667511	0.1956009	0.3011857	0.1887189	0.3256545	0.2350213	0.2422795	0.2943197	0.3829154	0.2064684	0.1863693	0.2163387	0.3204693	0.2846837	0.2495363
3232988039.1098838	0.2282487	0.2667363	0.1955995	0.3011990	0.1887246	0.3256442	0.2350242	0.2422814	0.2943208	0.3829056	0.2064886	0.1863693	0.2163344	0.3204470	0.2847103	0.2495313
3232988039.1197700	0.2282500	0.2667587	0.1955984	0.3012181	0.1887011	0.3256436	0.2350203	0.2422962	0.2943125	0.3829157	0.2064590	0.1863677	0.2163343	0.3204458	0.2846762	0.2495236
3232988039.1296582	0.2282427	0.2667573	0.1955841	0.3011925	0.1887122	0.3256358	0.2350138	0.2422677	0.2943006	0.3829235	0.2064737	0.1863625	0.2163368	0.3204482	0.2846837	0.2495273
3232988039.1395464	0.2282391	0.2667750	0.1956038	0.3011862	0.1887021	0.3256446	0.2350144	0.2422915	0.2943134	0.3829131	0.2064719	0.1863908	0.2163385	0.3204621	0.2846848	0.2495495
3232988039.1494346	0.2282546	0.2667492	0.1956042	0.3011933	0.1887127	0.3256356	0.2350204	0.2422729	0.2943204	0.3829148	0.2064492	0.1863741	0.2163385	0.3204648	0.2846849	0.2495459
3232988039.1593227	0.2282485	0.2667750	0.1956071	0.3011933	0.1886954	0.3256508	0.2350369	0.2422970	0.2943274	0.3829152	0.2064703	0.1863505	0.2163502	0.3204819	0.2846946	0.2495339
3232988039.1692109	0.2282530	0.2667660	0.1956093	0.3011999	0.1887178	0.3256512	0.2350235	0.2422725	0.2943258	0.3829010	0.2064745	0.1863705	0.2163332	0.3204601	0.2846958	0.2495496
3232988039.1790991	0.2282391	0.2667624	0.1956131	0.3011892	0.1887256	0.3256611	0.2350291	0.2422817	0.2943189	0.3829200	0.2064531	0.1863743	0.2163265	0.3204615	0.2846853	0.2495327
3232988039.1889873	0.2282451	0.2667646	0.1955849	0.3011824	0.1887150	0.3256624	0.2350111	0.2422803	0.2943353	0.3829244	0.2064598	0.1863657	0.2163489	0.3204748	0.2846750	0.2495434
3232988039.1988754	0.2282363	0.2667456	0.1955926	0.3012128	0.1887049	0.3256618	0.2350157	0.2422685	0.2943177	0.3829368	0.2064548	0.1863835	0.2163430	0.3204812	0.2846810	0.2495498
3232988039.2087636	0.2282434	0.2667710	0.1956130	0.3012109	0.1887273	0.3256413	0.2350317	0.2422736	0.2943164	0.3829140	0.2064882	0.1863763	0.2163384	0.3204586	0.2846997	0.2495553
3232988039.2186499	0.2282365	0.2667669	0.1956080	0.3012032	0.1887118	0.3256470	0.2350355	0.2422809	0.2943257	0.3829131	0.2064561	0.1863672	0.2163405	0.3204756	0.2847093	0.2495402
3232988039.2285380	0.2282340	0.2667655	0.1956009	0.3012125	0.1887257	0.3256501	0.2350316	0.2422958	0.2943119	0.3829221	0.2064644	0.1863725	0.2163399	0.3204719	0.2846967	0.2495369
3232988039.2384262	0.2282355	0.2667602	0.1956060	0.3011975	0.1887142	0.3256590	0.2350216	0.2423058	0.2943021	0.3829156	0.2064811	0.1863756	0.2163223	0.3204811	0.2846849	0.2495404
3232988039.2483144	0.2282341	0.2667677	0.1955957	0.3012104	0.1887152	0.3256552	0.2350225	0.2422895	0.2943227	0.3829553	0.2064677	0.1863606	0.2163228	0.3204805	0.2846803	0.2495549
3232988039.2582026	0.2282356	0.2667517	0.1955899	0.3012102	0.1887098	0.3256662	0.2350180	0.2422893	0.2943094	0.3829165	0.2064802	0.1863900	0.2163196	0.3204741	0.2847073	0.2495622
3232988039.2680907	0.2282258	0.2667675	0.1955851	0.3012117	0.1887282	0.3256603	0.2350190	0.2423063	0.2943183	0.3829272	0.2064913	0.1863630	0.2163337	0.3204751	0.2846936	0.2495415
3232988039.2779789	0.2282440	0.2667754	0.1956062	0.3012139	0.1887039	0.3256773	0.2350291	0.2422896	0.2943197	0.3829275	0.2064738	0.1863941	0.2163333	0.3204849	0.2846945	0.2495466
3232988039.2878671	0.2282455	0.2667707	0.1956017	0.3012193	0.1887135	0.3256491	0.2350273	0.2422742	0.2943199	0.3829080	0.2064651	0.1863787	0.2163359	0.3204932	0.2846905	0.2495572
3232988039.2977552	0.2282311	0.2667617	0.1955911	0.3012247	0.1887014	0.3256508	0.2350224	0.2422678	0.2943224	0.3829199	0.2064679	0.1863893	0.2163356	0.3204612	0.2846910	0.2495567
3232988039.3076434	0.2282256	0.2667806	0.1955983	0.3012219	0.1887069	0.3256567	0.2350230	0.2422980	0.2943208	0.3829254	0.2064751	0.1863891	0.2163483	0.3204807	0.2846859	0.2495506
3232988039.3175302	0.2282491	0.2667777	0.1955794	0.3011902	0.1887258	0.3256715	0.2350184	0.2423114	0.2943185	0.3829449	0.2064675	0.1863904	0.2163249	0.3204855	0.2846818	0.2495705
3232988039.3274183	0.2282392	0.2667590	0.1955916	0.3012231	0.1887215	0.3256658	0.2350215	0.2422953	0.2943222	0.3829374	0.2064637	0.1863879	0.2163317	0.3204877	0.2846951	0.2495598
3232988039.3373065	0.2282419	0.2667638	0.1955933	0.3012218	0.1887147	0.3256494	0.2350308	0.2422906	0.2943116	0.3829352	0.2064770	0.1863752	0.2163418	0.3204991	0.2846927	0.2495701
3232988039.3471947	0.2282374	0.2667710	0.1955946	0.3012216	0.1887003	0.3256566	0.2350194	0.2422970	0.2943095	0.3829411	0.2064759	0.1863769	0.2163437	0.3205016	0.2846988	0.2495605
3232988039.3570828	0.2282465	0.2667727	0.1955921	0.3012283	0.1887288	0.3256764	0.2350327	0.2422916	0.2943150	0.3829497	0.2064474	0.1863787	0.2163375	0.3204773	0.2846794	0.2495493
3232988039.3669710	0.2282420	0.2667763	0.1955949	0.3012277	0.1887066	0.3256689	0.2350260	0.2422856	0.2943336	0.3829503	0.2064669	0.1863810	0.2163313	0.3204786	0.2847080	0.2495568
3232988039.3768592	0.2282367	0.2667757	0.1955919	0.3012057	0.1887278	0.3256685	0.2350364	0.2422885	0.2943151	0.3829608	0.2064690	0.1864015	0.2163571	0.3204804	0.2846773	0.2495660
3232988039.3867474	0.2282341	0.2667613	0.1956084	0.3012426	0.1887160	0.3256767	0.2350178	0.2422960	0.2943278	0.3829472	0.2064811	0.1863979	0.2163267	0.3204957	0.2847078	0.2495581
3232988039.3966355	0.2282558	0.2667857	0.1956051	0.3012266	0.1887019	0.3256721	0.2350130	0.2422976	0.2943094	0.3829425	0.2064478	0.1863886	0.2163317	0.3204936	0.2846854	0.2495588
3232988039.4065237	0.2282373	0.2667608	0.1955967	0.3012275	0.1886982	0.3256686	0.2350480	0.2422984	0.2943163	0.3829461	0.2064808	0.1863795	0.2163233	0.3204931	0.2846803	0.2495692
3232988039.4164100	0.2282398	0.2667730	0.1955994	0.3012380	0.1887153	0.3256777	0.2350159	0.2422717	0.2943178	0.3829491	0.2064767	0.1863809	0.2163458	0.3205141	0.2847045	0.2495716
3232988039.4262981	0.2282326	0.2667798	0.1956090	0.3012341	0.1887069	0.3256722	0.2350299	0.2423023	0.2943304	0.3829389	0.2064605	0.1864020	0.2163369	0.3204863	0.2846828	0.2495556
3232988039.4361863	0.2282624	0.2667781	0.1955972	0.3012316	0.1887168	0.3256838	0.2350162	0.2422851	0.2943138	0.3829539	0.2064813	0.1863760	0.2163378	0.3204926	0.2846893	0.2495647
3232988039.4460745	0.2282301	0.2667797	0.1956083	0.3012161	0.1887197	0.3256724	0.2349986	0.2423057	0.2943261	0.3829609	0.2064703	0.1864094	0.2163104	0.3204918	0.2846933	0.2495640
3232988039.4559627	0.2282238	0.2667782	0.1955918	0.3012183	0.1887169	0.3256765	0.2350174	0.2423014	0.2943058	0.3829553	0.2064774	0.1863963	0.2163151	0.3204732	0.2846918	0.2495814
3232988039.4658508	0.2282509	0.2667751	0.1955868	0.3012203	0.1887062	0.3256820	0.2350293	0.2422964	0.2943198	0.3829556	0.2064646	0.1863905	0.2163383	0.3205038	0.2846919	0.2495736
3232988039.4757390	0.2282262	0.2667913	0.1955936	0.3012194	0.1887260	0.3256595	0.2350302	0.2422855	0.2943280	0.3829545	0.2064812	0.1863954	0.2163419	0.3204968	0.2846708	0.2495783
3232988039.4856272	0.2282329	0.2668024	0.1955920	0.3012291	0.1887171	0.3256816	0.2350203	0.2423187	0.2943261	0.3829596	0.2064756	0.1864161	0.2163420	0.3204931	0.2847032	0.2495481
3232988039.4955153	0.2282312	0.2667815	0.1956103	0.3012259	0.1887237	0.3256776	0.2350248	0.2423057	0.2943203	0.3829406	0.2064739	0.1864005	0.2163273	0.3204967	0.2846895	0.2495736
3232988039.5054035	0.2282258	0.2667860	0.1955706	0.3012362	0.1887141	0.3256786	0.2350134	0.2422985	0.2943167	0.3829521	0.2064895	0.1863997	0.2163373	0.3204884	0.2846883	0.2495491
3232988039.5152903	0.2282168	0.2667772	0.1956018	0.3012157	0.1887159	0.3256751	0.2350307	0.2423023	0.2943185	0.3829459	0.2064817	0.1863831	0.2163432	0.3204945	0.2846905	0.2495726
3232988039.5251784	0.2282335	0.2667830	0.1955895	0.3012293	0.1887257	0.3256746	0.2350167	0.2422980	0.2943299	0.3829488	0.2064837	0.1863736	0.2163395	0.3204863	0.2846920	0.2495626
3232988039.5350666	0.2282355	0.2667869	0.1955824	0.3012453	0.1887181	0.3256726	0.2350334	0.2423044	0.2943214	0.3829532	0.2064754	0.1863986	0.2163344	0.3204974	0.2847135	0.2495654
3232988039.5449548	0.2282366	0.2668001	0.1955929	0.3012229	0.1887095	0.3256667	0.2350273	0.2423178	0.2943130	0.3829603	0.2064693	0.1863934	0.2163185	0.3204804	0.2846788	0.2495652
3232988039.5548429	0.2282329	0.2667846	0.1955889	0.3012489	0.1886996	0.3256919	0.2350225	0.2423054	0.2943233	0.3829665	0.2064445	0.1863930	0.2163367	0.3204797	0.2846737	0.2495671
3232988039.5647311	0.2282549	0.2667775	0.1955961	0.3012252	0.1887138	0.3256826	0.2350171	0.2423148	0.2943222	0.3829751	0.2064715	0.1863965	0.2163505	0.3204874	0.2846883	0.2495730
3232988039.5746193	0.2282316	0.2667873	0.1955970	0.3012390	0.1887127	0.3256661	0.2350179	0.2423083	0.2943170	0.3829359	0.2064682	0.1863884	0.2163326	0.3205052	0.2846794	0.2495676
3232988039.5845075	0.2282447	0.2667817	0.1956069	0.3012245	0.1887151	0.3256765	0.2350042	0.2423132	0.2943150	0.3829520	0.2064725	0.1863938	0.2163350	0.3204865	0.2847008	0.2495733
3232988039.5943956	0.2282256	0.2667788	0.1956138	0.3012144	0.1887319	0.3256848	0.2350263	0.2423217	0.2943281	0.3829834	0.2064830	0.1863886	0.2163455	0.3204935	0.2847050	0.2495678
3232988039.6042838	0.2282456	0.2667997	0.1955937	0.3012177	0.1887081	0.3256729	0.2350110	0.2423337	0.2943114	0.3829612	0.2064756	0.1863978	0.2163243	0.3204913	0.2847094	0.2495856
3232988039.6141701	0.2282298	0.2667736	0.1955864	0.3012426	0.1887177	0.3256569	0.2350138	0.2422927	0.2943210	0.3829595	0.2064813	0.1863765	0.2163332	0.3204909	0.2846930	0.2495788
3232988039.6240582	0.2282261	0.2667873	0.1956085	0.3012228	0.1887169	0.3256665	0.2350187	0.2423028	0.2943113	0.3829588	0.2064899	0.1863990	0.2163255	0.3204745	0.2846928	0.2495763
3232988039.6339464	0.2282408	0.2667987	0.1955887	0.3012168	0.1887220	0.3256706	0.2350352	0.2423129	0.2943123	0.3829371	0.2064901	0.1864011	0.2163302	0.3204951	0.2846866	0.2495857
3232988039.6438346	0.2282471	0.2667791	0.1956011	0.3012200	0.1887097	0.3256650	0.2350305	0.2423020	0.2943409	0.3829510	0.2064752	0.1864148	0.2163330	0.3204897	0.2846875	0.2495762
3232988039.6537228	0.2282396	0.2667852	0.1955861	0.3012281	0.1887170	0.3256659	0.2350105	0.2422937	0.2943018	0.3829611	0.2064631	0.1863951	0.2163337	0.3204967	0.2846979	0.2495524
3232988039.6636109	0.2282363	0.2667813	0.1955978	0.3012219	0.1887208	0.3256685	0.2350253	0.2423073	0.2943260	0.3829557	0.2064548	0.1863940	0.2163196	0.3204902	0.2847060	0.2495957
3232988039.6734991	0.2282202	0.2667980	0.1955888	0.3012329	0.1887223	0.3256767	0.2350128	0.2423098	0.2943098	0.3829534	0.2064698	0.1863896	0.2163302	0.3205047	0.2846894	0.2495600
3232988039.6833873	0.2282413	0.2667850	0.1956163	0.3012544	0.1887100	0.3256827	0.2350310	0.2423073	0.2943104	0.3829646	0.2064841	0.1864034	0.2163338	0.3205053	0.2846941	0.2495705
3232988039.6932754	0.2282426	0.2667832	0.1955886	0.3012381	0.1887028	0.3256872	0.2350342	0.2422963	0.2943272	0.3829619	0.2064734	0.1863971	0.2163489	0.3205116	0.2847044	0.2495637
3232988039.7031636	0.2282433	0.2667980	0.1955934	0.3012410	0.1887130	0.3256663	0.2350265	0.2423063	0.2943269	0.3829645	0.2064595	0.1864027	0.2163358	0.3204828	0.2846996	0.2495780
3232988039.7130499	0.2282272	0.2667862	0.1955987	0.3012281	0.1887094	0.3256701	0.2350379	0.2422902	0.2943346	0.3829503	0.2064678	0.1863830	0.2163526	0.3204895	0.2846928	0.2495587
3232988039.7229381	0.2282349	0.2667863	0.1955895	0.3012351	0.1887158	0.3256671	0.2350538	0.2423088	0.2943347	0.3829472	0.2064887	0.1863869	0.2163397	0.3204993	0.2846885	0.2495895
3232988039.7328262	0.2282448	0.2667806	0.1955814	0.3012319	0.1887044	0.3256748	0.2350230	0.2423087	0.2943200	0.3829460	0.2064578	0.1864186	0.2163319	0.3204896	0.2846817	0.2495603
3232988039.7427144	0.2282331	0.2667884	0.1955999	0.3012318	0.1887162	0.3256760	0.2350231	0.2423123	0.2943212	0.3829400	0.2064827	0.1863934	0.2163509	0.3204890	0.2846920	0.2495765
3232988039.7526026	0.2282541	0.2667812	0.1956028	0.3012276	0.1887430	0.3256878	0.2350184	0.2423022	0.2943373	0.3829462	0.2064725	0.1864019	0.2163345	0.3205131	0.2847081	0.2495602
3232988039.7624907	0.2282337	0.2667821	0.1955925	0.3012356	0.1887179	0.3256509	0.2350182	0.2422968	0.2943090	0.3829424	0.2064765	0.1864002	0.2163274	0.3204881	0.2846941	0.2495726
3232988039.7723789	0.2282105	0.2667943	0.1955884	0.3012092	0.1887166	0.3256673	0.2350166	0.2423015	0.2943273	0.3829373	0.2064616	0.1864057	0.2163269	0.3204947	0.2846868	0.2495637
3232988039.7822671	0.2282439	0.2667647	0.1955860	0.3012441	0.1887138	0.3256776	0.2350355	0.2422995	0.2943187	0.3829430	0.2064719	0.1863894	0.2163389	0.3205232	0.2846833	0.2495728
3232988039.7921553	0.2282340	0.2667779	0.1955931	0.3012362	0.1887233	0.3256608	0.2350261	0.2423023	0.2943289	0.3829705	0.2064791	0.1863906	0.2163588	0.3204962	0.2846939	0.2495625
3232988039.8020434	0.2282300	0.2667788	0.1955985	0.3012322	0.1887236	0.3256706	0.2350095	0.2423077	0.2943270	0.3829428	0.2064583	0.1863697	0.2163292	0.3204974	0.2846898	0.2495764
3232988039.8119302	0.2282284	0.2667734	0.1956163	0.3012347	0.1887196	0.3256747	0.2350232	0.2423031	0.2943316	0.3829604	0.2064776	0.1863957	0.2163298	0.3204905	0.2846726	0.2495713
3232988039.8218183	0.2282335	0.2667875	0.1956080	0.3012288	0.1887405	0.3256622	0.2350354	0.2423015	0.2943169	0.3829640	0.2064619	0.1863857	0.2163379	0.3204922	0.2846984	0.2495757
3232988039.8317065	0.2282440	0.2667696	0.1955976	0.3012324	0.1887218	0.3256654	0.2350337	0.2423034	0.2943216	0.3829673	0.2064713	0.1863802	0.2163346	0.3204955	0.2846845	0.2495869
3232988039.8415947	0.2282320	0.2667821	0.1955751	0.3012162	0.1887117	0.3256743	0.2350268	0.2422962	0.2943176	0.3829501	0.2064674	0.1863858	0.2163380	0.3205030	0.2847021	0.2495673
3232988039.8514829	0.2282236	0.2667927	0.1956065	0.3012226	0.1887446	0.3256832	0.2350278	0.2422866	0.2943116	0.3829533	0.2064726	0.1863990	0.2163397	0.3204744	0.2846927	0.2495717
3232988039.8613710	0.2282376	0.2667904	0.1956123	0.3012256	0.1887098	0.3256731	0.2350397	0.2423090	0.2943210	0.3829520	0.2065001	0.1863964	0.2163567	0.3205027	0.2847110	0.2495697
3232988039.8712592	0.2282414	0.2667777	0.1956159	0.3012092	0.1887170	0.3256601	0.2350336	0.2422975	0.2943372	0.3829602	0.2064961	0.1863893	0.2163570	0.3204952	0.2847112	0.2495833
3232988039.8811474	0.2282457	0.2667768	0.1956002	0.3012102	0.1887248	0.3256733	0.2350377	0.2422980	0.2943278	0.3829457	0.2064720	0.1863804	0.2163411	0.3204877	0.2847035	0.2495724
3232988039.8910356	0.2282414	0.2667748	0.1956107	0.3012443	0.1887226	0.3256752	0.2350247	0.2422934	0.2943504	0.3829470	0.2064892	0.1863858	0.2163497	0.3204947	0.2846969	0.2495809
3232988039.9009237	0.2282486	0.2667977	0.1956077	0.3012074	0.1887179	0.3256847	0.2350175	0.2423124	0.2943372	0.3829706	0.2064895	0.1863926	0.2163399	0.3205107	0.2846931	0.2495570
3232988039.9108100	0.2282464	0.2667781	0.1956053	0.3012108	0.1887306	0.3256625	0.2350297	0.2423119	0.2943255	0.3829485	0.2064829	0.1863993	0.2163566	0.3204922	0.2846980	0.2495675
3232988039.9206982	0.2282426	0.2667725	0.1955892	0.3012088	0.1887188	0.3256641	0.2350293	0.2422986	0.2943270	0.3829535	0.2064756	0.1863832	0.2163486	0.3204851	0.2846916	0.2495719
3232988039.9305863	0.2282441	0.2667718	0.1955963	0.3012484	0.1887164	0.3256748	0.2350303	0.2422992	0.2943169	0.3829536	0.2064910	0.1863809	0.2163307	0.3204851	0.2847077	0.2495698
3232988039.9404745	0.2282290	0.2667687	0.1955991	0.3012204	0.1887105	0.3256803	0.2350369	0.2422787	0.2943394	0.3829438	0.2064708	0.1864025	0.2163292	0.3204848	0.2846975	0.2495568
3232988039.9503627	0.2282428	0.2667845	0.1956123	0.3012353	0.1887294	0.3256827	0.2350341	0.2422958	0.2943349	0.3829658	0.2064731	0.1863926	0.2163298	0.3204927	0.2847041	0.2495613
3232988039.9602509	0.2282450	0.2667695	0.1956245	0.3012052	0.1887275	0.3256607	0.2350453	0.2423084	0.2943342	0.3829468	0.2064811	0.1863946	0.2163414	0.3204857	0.2846906	0.2495528
3232988039.9701390	0.2282358	0.2667694	0.1956042	0.3012332	0.1887221	0.3256599	0.2350354	0.2422971	0.2943514	0.3829484	0.2064740	0.1863809	0.2163329	0.3204845	0.2847009	0.2495480
3232988039.9800272	0.2282497	0.2667632	0.1956132	0.3012348	0.1887297	0.3256784	0.2350220	0.2422974	0.2943197	0.3829533	0.2064956	0.1863754	0.2163328	0.3204876	0.2847010	0.2495793
3232988039.9899154	0.2282392	0.2667799	0.1955860	0.3012195	0.1887179	0.3256799	0.2350156	0.2423059	0.2943367	0.3829265	0.2064757	0.1864047	0.2163333	0.3204771	0.2847176	0.2495625
3232988039.9998035	0.2282380	0.2667759	0.1956042	0.3012179	0.1887165	0.3256598	0.2350276	0.2422794	0.2943270	0.3829558	0.2064589	0.1863879	0.2163346	0.3204814	0.2846980	0.2495576
3232988040.0096903	0.2282485	0.2667682	0.1955993	0.3012230	0.1887147	0.3256645	0.2350302	0.2423035	0.2943292	0.3829541	0.2064939	0.1863724	0.2163259	0.3204779	0.2846819	0.2495524
3232988040.0195785	0.2282508	0.2667669	0.1956109	0.3012274	0.1887379	0.3256538	0.2350334	0.2422946	0.2943354	0.3829272	0.2064804	0.1863889	0.2163375	0.3204902	0.2847167	0.2495509
3232988040.0294666	0.2282480	0.2667843	0.1956211	0.3012145	0.1887348	0.3256739	0.2350229	0.2423045	0.2943226	0.3829611	0.2064969	0.1863918	0.2163464	0.3204766	0.2846876	0.2495634
3232988040.0393548	0.2282393	0.2667811	0.1955929	0.3012193	0.1887219	0.3256598	0.2350049	0.2422896	0.2943428	0.3829298	0.2064695	0.1863842	0.2163292	0.3204740	0.2846940	0.2495617
3232988040.0492430	0.2282312	0.2667626	0.1955904	0.3012290	0.1887103	0.3256671	0.2350261	0.2423081	0.2943316	0.3829423	0.2064850	0.1863843	0.2163395	0.3204803	0.2847182	0.2495646
3232988040.0591311	0.2282623	0.2667856	0.1956070	0.3012310	0.1887430	0.3256776	0.2350404	0.2423099	0.2943319	0.3829430	0.2064792	0.1863817	0.2163195	0.3204920	0.2846872	0.2495671
3232988040.0690193	0.2282475	0.2667620	0.1956199	0.3012082	0.1887471	0.3256564	0.2350423	0.2423249	0.2943301	0.3829350	0.2064777	0.1863921	0.2163362	0.3204746	0.2847061	0.2495714
3232988040.0789075	0.2282456	0.2667899	0.1955905	0.3012166	0.1887308	0.3256633	0.2350322	0.2423046	0.2943273	0.3829352	0.2064769	0.1863852	0.2163287	0.3204714	0.2846971	0.2495765
3232988040.0887957	0.2282408	0.2667624	0.1956017	0.3012009	0.1887176	0.3256634	0.2350315	0.2422898	0.2943398	0.3829552	0.2064740	0.1863882	0.2163351	0.3204831	0.2847034	0.2495659
3232988040.0986838	0.2282338	0.2667831	0.1955933	0.3012053	0.1887191	0.3256529	0.2350282	0.2423010	0.2943410	0.3829429	0.2064813	0.1863850	0.2163538	0.3204770	0.2846742	0.2495677
3232988040.1085701	0.2282710	0.2667633	0.1956088	0.3012278	0.1887222	0.3256720	0.2350472	0.2422878	0.2943352	0.3829342	0.2064795	0.1863891	0.2163412	0.3204842	0.2847113	0.2495496
3232988040.1184583	0.2282442	0.2667858	0.1956010	0.3012499	0.1887246	0.3256644	0.2350274	0.2423011	0.2943324	0.3829249	0.2064914	0.1863754	0.2163414	0.3204991	0.2847048	0.2495513
3232988040.1283464	0.2282278	0.2667545	0.1956129	0.3012323	0.1887259	0.3256629	0.2350261	0.2423052	0.2943218	0.3829388	0.2064707	0.1863789	0.2163258	0.3204805	0.2847247	0.2495464
3232988040.1382346	0.2282200	0.2667715	0.1955983	0.3012397	0.1887053	0.3256634	0.2350150	0.2422943	0.2943242	0.3829469	0.2064836	0.1863791	0.2163482	0.3204883	0.2846971	0.2495595
3232988040.1481228	0.2282371	0.2667764	0.1956097	0.3012051	0.1887211	0.3256644	0.2350306	0.2422827	0.2943171	0.3829206	0.2064830	0.1863813	0.2163194	0.3204676	0.2846820	0.2495382
3232988040.1580110	0.2282470	0.2667540	0.1956006	0.3012134	0.1887316	0.3256680	0.2350538	0.2423067	0.2943154	0.3829302	0.2064837	0.1863755	0.2163305	0.3204847	0.2847048	0.2495639
3232988040.1678991	0.2282525	0.2667658	0.1955923	0.3012377	0.1887289	0.3256615	0.2350167	0.2422823	0.2943171	0.3829404	0.2064682	0.1863700	0.2163370	0.3204718	0.2846876	0.2495465
3232988040.1777873	0.2282400	0.2667758	0.1956166	0.3012216	0.1887347	0.3256839	0.2350195	0.2423161	0.2943411	0.3829179	0.2064853	0.1863763	0.2163325	0.3204812	0.2847030	0.2495607
3232988040.1876755	0.2282504	0.2667776	0.1956016	0.3012252	0.1887112	0.3256617	0.2350379	0.2422919	0.2943303	0.3829297	0.2064931	0.1863837	0.2163455	0.3204780	0.2847171	0.2495715
3232988040.1975636	0.2282347	0.2667650	0.1955965	0.3012151	0.1887309	0.3256549	0.2350345	0.2422947	0.2943278	0.3829286	0.2064760	0.1863780	0.2163257	0.3204887	0.2846911	0.2495549
3232988040.2074499	0.2282406	0.2667686	0.1955962	0.3011969	0.1887230	0.3256612	0.2350240	0.2422983	0.2943250	0.3829533	0.2064878	0.1863578	0.2163284	0.3204862	0.2847081	0.2495678
3232988040.2173381	0.2282267	0.2667632	0.1956027	0.3012105	0.1887336	0.3256659	0.2350413	0.2423042	0.2943409	0.3829342	0.2064845	0.1863807	0.2163451	0.3204773	0.2846864	0.2495360
3232988040.2272263	0.2282381	0.2667750	0.1956086	0.3012202	0.1887262	0.3256523	0.2350433	0.2422992	0.2943199	0.3829238	0.2064871	0.1863843	0.2163349	0.3204718	0.2846942	0.2495648
3232988040.2371144	0.2282312	0.2667579	0.1956132	0.3012233	0.1887152	0.3256687	0.2350396	0.2422910	0.2943202	0.3829143	0.2064864	0.1863876	0.2163442	0.3204821	0.2847110	0.2495644
3232988040.2470026	0.2282564	0.2667833	0.1956148	0.3012069	0.1887274	0.3256749	0.2350279	0.2422924	0.2943363	0.3829383	0.2064675	0.1863806	0.2163315	0.3204802	0.2846982	0.2495466
3232988040.2568908	0.2282445	0.2667538	0.1955837	0.3012178	0.1887096	0.3256679	0.2350114	0.2422919	0.2943273	0.3829214	0.2064816	0.1863902	0.2163499	0.3204633	0.2847002	0.2495590
3232988040.2667789	0.2282552	0.2667938	0.1956128	0.3012197	0.1887075	0.3256705	0.2350386	0.2422958	0.2943159	0.3829412	0.2064728	0.1863964	0.2163384	0.3204822	0.2847132	0.2495529
3232988040.2766671	0.2282490	0.2667639	0.1956038	0.3012151	0.1887392	0.3256604	0.2350430	0.2422905	0.2943107	0.3829449	0.2064848	0.1863887	0.2163527	0.3204627	0.2847011	0.2495621
3232988040.2865553	0.2282683	0.2667757	0.1956141	0.3012144	0.1887254	0.3256748	0.2350303	0.2423053	0.2943291	0.3829611	0.2064677	0.1863823	0.2163455	0.3204815	0.2847009	0.2495570
3232988040.2964435	0.2282399	0.2667647	0.1956127	0.3012133	0.1887195	0.3256661	0.2350255	0.2422985	0.2943243	0.3829479	0.2064729	0.1864086	0.2163462	0.3204810	0.2846953	0.2495403
3232988040.3063302	0.2282437	0.2667501	0.1956049	0.3012142	0.1887132	0.3256595	0.2350263	0.2422979	0.2943174	0.3829310	0.2064696	0.1863998	0.2163472	0.3204882	0.2847133	0.2495451
3232988040.3162184	0.2282503	0.2667879	0.1956159	0.3012276	0.1887207	0.3256597	0.2350288	0.2422988	0.2943381	0.3829402	0.2065014	0.1863895	0.2163393	0.3204868	0.2846951	0.2495494
3232988040.3261065	0.2282593	0.2667896	0.1956035	0.3012262	0.1887322	0.3256594	0.2350511	0.2422866	0.2943523	0.3829475	0.2064799	0.1863819	0.2163315	0.3204807	0.2846909	0.2495689
3232988040.3359947	0.2282388	0.2667715	0.1956103	0.3012440	0.1887414	0.3256607	0.2350461	0.2423125	0.2943365	0.3829394	0.2064629	0.1863829	0.2163346	0.3204820	0.2847058	0.2495680
3232988040.3458829	0.2282476	0.2667750	0.1956048	0.3012074	0.1887310	0.3256604	0.2350422	0.2423213	0.2943367	0.3829552	0.2064827	0.1863908	0.2163556	0.3204958	0.2847002	0.2495660
3232988040.3557711	0.2282451	0.2667829	0.1955949	0.3012138	0.1887160	0.3256776	0.2350369	0.2423004	0.2943374	0.3829434	0.2064716	0.1863802	0.2163568	0.3204885	0.2847093	0.2495712
3232988040.3656592	0.2282248	0.2667753	0.1956123	0.3012084	0.1887173	0.3256698	0.2350324	0.2422871	0.2943510	0.3829393	0.2064796	0.1863688	0.2163287	0.3204979	0.2847122	0.2495602
3232988040.3755474	0.2282454	0.2667778	0.1956202	0.3012227	0.1887329	0.3256664	0.2350338	0.2422799	0.2943588	0.3829296	0.2064950	0.1863765	0.2163672	0.3204815	0.2847110	0.2495640
3232988040.3854356	0.2282548	0.2667625	0.1955961	0.3012263	0.1887323	0.3256570	0.2350456	0.2423028	0.2943385	0.3829251	0.2064896	0.1863852	0.2163485	0.3204875	0.2847035	0.2495621
3232988040.3953238	0.2282406	0.2667964	0.1955884	0.3012144	0.1887309	0.3256650	0.2350463	0.2423107	0.2943312	0.3829455	0.2064914	0.1863815	0.2163459	0.3204914	0.2846958	0.2495724
3232988040.4052100	0.2282272	0.2667830	0.1955782	0.3012166	0.1887261	0.3256627	0.2350250	0.2422965	0.2943305	0.3829469	0.2064863	0.1863801	0.2163587	0.3204996	0.2846999	0.2495691
3232988040.4150982	0.2282409	0.2667769	0.1955953	0.3012248	0.1887298	0.3256742	0.2350379	0.2422813	0.2943255	0.3829437	0.2064824	0.1863836	0.2163355	0.3204960	0.2847056	0.2495594
3232988040.4249864	0.2282280	0.2667780	0.1955869	0.3012172	0.1887128	0.3256646	0.2350344	0.2423058	0.2943332	0.3829341	0.2065003	0.1863803	0.2163431	0.3204855	0.2847106	0.2495682
3232988040.4348745	0.2282519	0.2667713	0.1956067	0.3012322	0.1887148	0.3256709	0.2350344	0.2422941	0.2943476	0.3829439	0.2064721	0.1863729	0.2163336	0.3204844	0.2847025	0.2495637
3232988040.4447627	0.2282449	0.2667773	0.1956072	0.3012314	0.1887193	0.3256764	0.2350353	0.2422878	0.2943339	0.3829334	0.2064757	0.1863923	0.2163374	0.3204800	0.2847082	0.2495774
3232988040.4546509	0.2282472	0.2667767	0.1955800	0.3012132	0.1887386	0.3256646	0.2350048	0.2422869	0.2943314	0.3829320	0.2064769	0.1863855	0.2163345	0.3204963	0.2846931	0.2495604
3232988040.4645390	0.2282515	0.2667685	0.1955951	0.3012023	0.1887093	0.3256775	0.2350287	0.2423056	0.2943414	0.3829493	0.2064628	0.1863853	0.2163412	0.3204888	0.2846903	0.2495623
3232988040.4744272	0.2282290	0.2667752	0.1956010	0.3012243	0.1887118	0.3256678	0.2350315	0.2422892	0.2943374	0.3829304	0.2064619	0.1863905	0.2163403	0.3204832	0.2847022	0.2495651
3232988040.4843154	0.2282428	0.2667655	0.1956079	0.3012209	0.1887400	0.3256731	0.2350250	0.2422938	0.2943194	0.3829342	0.2064760	0.1863802	0.2163454	0.3205000	0.2846964	0.2495779
3232988040.4942036	0.2282403	0.2667571	0.1956074	0.3012259	0.1887245	0.3256778	0.2350144	0.2423217	0.2943144	0.3829250	0.2064750	0.1863902	0.2163393	0.3205003	0.2846980	0.2495505
3232988040.5040903	0.2282435	0.2667675	0.1956061	0.3012339	0.1887225	0.3256598	0.2350145	0.2422911	0.2943256	0.3829496	0.2064620	0.1863942	0.2163343	0.3204914	0.2847047	0.2495687
3232988040.5139785	0.2282300	0.2667774	0.1955964	0.3012187	0.1887290	0.3256795	0.2350204	0.2422716	0.2943377	0.3829419	0.2064787	0.1863857	0.2163424	0.3204895	0.2846921	0.2495488
3232988040.5238667	0.2282542	0.2667549	0.1955909	0.3012160	0.1887174	0.3256703	0.2350430	0.2422968	0.2943242	0.3829575	0.2064683	0.1863887	0.2163553	0.3204937	0.2847063	0.2495548
3232988040.5337548	0.2282605	0.2667737	0.1956104	0.3012226	0.1887333	0.3256556	0.2350371	0.2423021	0.2943283	0.3829443	0.2064860	0.1863979	0.2163484	0.3205043	0.2847017	0.2495717
3232988040.5436430	0.2282371	0.2667686	0.1956273	0.3012226	0.1887184	0.3256832	0.2350421	0.2423030	0.2943269	0.3829463	0.2064772	0.1863690	0.2163457	0.3204812	0.2847131	0.2495486
3232988040.5535312	0.2282494	0.2667853	0.1956008	0.3012118	0.1887277	0.3256642	0.2350377	0.2423007	0.2943325	0.3829496	0.2064934	0.1863783	0.2163538	0.3204950	0.2847049	0.2495627
3232988040.5634193	0.2282484	0.2667662	0.1956070	0.3012299	0.1887191	0.3256629	0.2350204	0.2422921	0.2943478	0.3829420	0.2064835	0.1863792	0.2163400	0.3204854	0.2846944	0.2495610
3232988040.5733075	0.2282344	0.2667722	0.1956022	0.3012079	0.1887230	0.3256677	0.2350348	0.2422792	0.2943278	0.3829401	0.2064840	0.1863818	0.2163575	0.3204728	0.2847101	0.2495710
3232988040.5831957	0.2282263	0.2667762	0.1955980	0.3012253	0.1887254	0.3256681	0.2350372	0.2422860	0.2943390	0.3829377	0.2064870	0.1863855	0.2163408	0.3204936	0.2846976	0.2495711
3232988040.5930839	0.2282550	0.2667744	0.1956095	0.3012185	0.1887276	0.3256799	0.2350230	0.2422923	0.2943343	0.3829377	0.2064916	0.1863731	0.2163458	0.3204982	0.2847043	0.2495667
3232988040.6029701	0.2282489	0.2667874	0.1956049	0.3012287	0.1887162	0.3256720	0.2350485	0.2423103	0.2943420	0.3829403	0.2065030	0.1863752	0.2163355	0.3204905	0.2847091	0.2495785
3232988040.6128583	0.2282443	0.2667818	0.1956046	0.3012081	0.1887345	0.3256636	0.2350363	0.2423111	0.2943352	0.3829553	0.2064922	0.1863939	0.2163490	0.3204646	0.2846989	0.2495673
3232988040.6227465	0.2282411	0.2667723	0.1956070	0.3012275	0.1887263	0.3256724	0.2350280	0.2422784	0.2943283	0.3829332	0.2064909	0.1863921	0.2163593	0.3204989	0.2847014	0.2495745
3232988040.6326346	0.2282462	0.2667796	0.1956007	0.3012296	0.1887302	0.3256697	0.2350233	0.2422988	0.2943321	0.3829495	0.2064812	0.1863850	0.2163370	0.3205071	0.2846948	0.2495385
3232988040.6425228	0.2282351	0.2667772	0.1956048	0.3012232	0.1887267	0.3256686	0.2350297	0.2422977	0.2943155	0.3829537	0.2065036	0.1863899	0.2163463	0.3204932	0.2847087	0.2495723
3232988040.6524110	0.2282409	0.2667620	0.1956197	0.3011989	0.1887344	0.3256752	0.2350469	0.2422928	0.2943293	0.3829500	0.2064811	0.1863804	0.2163570	0.3204899	0.2847109	0.2495603
3232988040.6622992	0.2282338	0.2667799	0.1956064	0.3012213	0.1887212	0.3256791	0.2350288	0.2423065	0.2943309	0.3829353	0.2064958	0.1863832	0.2163272	0.3204885	0.2847086	0.2495590
3232988040.6721873	0.2282515	0.2667849	0.1955866	0.3012091	0.1887179	0.3256813	0.2350367	0.2422894	0.2943272	0.3829343	0.2064782	0.1863820	0.2163406	0.3204815	0.2847071	0.2495675
3232988040.6820755	0.2282302	0.2667838	0.1955785	0.3012347	0.1887064	0.3256731	0.2350334	0.2422838	0.2943422	0.3829394	0.2064945	0.1863831	0.2163413	0.3204894	0.2847024	0.2495696
3232988040.6919637	0.2282418	0.2667789	0.1956059	0.3012287	0.1887260	0.3256825	0.2350166	0.2422790	0.2943439	0.3829540	0.2064803	0.1863842	0.2163403	0.3204763	0.2847034	0.2495634
3232988040.7018499	0.2282326	0.2667961	0.1955994	0.3012145	0.1887035	0.3256577	0.2350329	0.2423080	0.2943260	0.3829539	0.2064924	0.1863916	0.2163246	0.3205129	0.2846965	0.2495704
3232988040.7117381	0.2282424	0.2667668	0.1956184	0.3012218	0.1887104	0.3256734	0.2350422	0.2423033	0.2943420	0.3829499	0.2064679	0.1864035	0.2163586	0.3204941	0.2847062	0.2495726
3232988040.7216263	0.2282493	0.2667681	0.1956122	0.3012300	0.1887073	0.3256689	0.2350350	0.2422837	0.2943380	0.3829647	0.2064851	0.1864080	0.2163430	0.3205054	0.2847058	0.2495627
3232988040.7315145	0.2282483	0.2667871	0.1956115	0.3012154	0.1887262	0.3256653	0.2350211	0.2422786	0.2943455	0.3829466	0.2064850	0.1864089	0.2163427	0.3204901	0.2847015	0.2495582
3232988040.7414026	0.2282452	0.2667624	0.1955965	0.3012210	0.1887161	0.3256710	0.2350302	0.2422899	0.2943422	0.3829581	0.2064939	0.1863798	0.2163504	0.3205093	0.2847338	0.2495473
3232988040.7512908	0.2282580	0.2667865	0.1956074	0.3012293	0.1887172	0.3256614	0.2350486	0.2422820	0.2943358	0.3829570	0.2064976	0.1863917	0.2163457	0.3204867	0.2847130	0.2495841
3232988040.7611790	0.2282604	0.2667894	0.1956030	0.3012141	0.1887286	0.3256819	0.2350235	0.2423063	0.2943306	0.3829532	0.2064721	0.1864169	0.2163589	0.3205025	0.2846999	0.2495666
3232988040.7710671	0.2282453	0.2667696	0.1955957	0.3012265	0.1887155	0.3256736	0.2350261	0.2422676	0.2943561	0.3829497	0.2064720	0.1863907	0.2163573	0.3205020	0.2847188	0.2495633
3232988040.7809553	0.2282567	0.2667809	0.1956018	0.3012122	0.1887119	0.3256561	0.2350233	0.2422998	0.2943297	0.3829614	0.2064809	0.1863898	0.2163461	0.3205129	0.2847103	0.2495733
3232988040.7908435	0.2282185	0.2667775	0.1956141	0.3012137	0.1887126	0.3256698	0.2350299	0.2423045	0.2943489	0.3829589	0.2064865	0.1863759	0.2163519	0.3204842	0.2847210	0.2495789
3232988040.8007302	0.2282426	0.2667853	0.1956134	0.3012215	0.1887151	0.3256585	0.2350283	0.2422712	0.2943368	0.3829535	0.2064735	0.1864012	0.2163440	0.3204803	0.2847158	0.2495680
3232988040.8106184	0.2282406	0.2667847	0.1956093	0.3012184	0.1887362	0.3256786	0.2350327	0.2423076	0.2943598	0.3829527	0.2064813	0.1863819	0.2163403	0.3204987	0.2846848	0.2495792
3232988040.8205066	0.2282322	0.2667862	0.1955911	0.3012176	0.1887152	0.3256691	0.2350273	0.2423178	0.2943251	0.3829531	0.2064590	0.1864025	0.2163465	0.3204996	0.2847002	0.2495589
3232988040.8303947	0.2282431	0.2667900	0.1955854	0.3012322	0.1887194	0.3256694	0.2350296	0.2422994	0.2943449	0.3829558	0.2064693	0.1864004	0.2163267	0.3205005	0.2847080	0.2495759
3232988040.8402829	0.2282474	0.2667840	0.1955954	0.3012295	0.1887288	0.3256759	0.2350332	0.2422983	0.2943318	0.3829447	0.2064913	0.1863846	0.2163482	0.3204895	0.2847128	0.2495567
3232988040.8501711	0.2282552	0.2667735	0.1956050	0.3012112	0.1887163	0.3256524	0.2350185	0.2423062	0.2943335	0.3829540	0.2064730	0.1863882	0.2163431	0.3204924	0.2847092	0.2495547
3232988040.8600593	0.2282551	0.2667818	0.1956167	0.3012032	0.1887304	0.3256753	0.2350367	0.2422804	0.2943392	0.3829476	0.2064908	0.1863888	0.2163321	0.3204813	0.2847257	0.2495771
3232988040.8699474	0.2282386	0.2667713	0.1956041	0.3012319	0.1887239	0.3256837	0.2350228	0.2422977	0.2943320	0.3829523	0.2064860	0.1863850	0.2163521	0.3204715	0.2846874	0.2495542
3232988040.8798356	0.2282437	0.2667640	0.1955987	0.3012158	0.1887405	0.3256623	0.2350359	0.2423086	0.2943342	0.3829399	0.2064799	0.1863799	0.2163307	0.3204954	0.2847050	0.2495598
3232988040.8897238	0.2282528	0.2667646	0.1956017	0.3012039	0.1887459	0.3256641	0.2350605	0.2423052	0.2943360	0.3829306	0.2064774	0.1863738	0.2163189	0.3204860	0.2847166	0.2495793
3232988040.8996100	0.2282543	0.2667817	0.1955891	0.3012396	0.1887169	0.3256893	0.2350354	0.2422981	0.2943419	0.3829514	0.2064839	0.1863841	0.2163533	0.3205001	0.2847101	0.2495548
3232988040.9094982	0.2282495	0.2667804	0.1956109	0.3012208	0.1887384	0.3256739	0.2350338	0.2422966	0.2943421	0.3829443	0.2064729	0.1863978	0.2163555	0.3204847	0.2847217	0.2495809
3232988040.9193864	0.2282656	0.2667734	0.1955787	0.3012319	0.1887295	0.3256820	0.2350499	0.2422958	0.2943340	0.3829486	0.2064978	0.1863843	0.2163496	0.3204979	0.2846986	0.2495715
3232988040.9292746	0.2282445	0.2667697	0.1956027	0.3012057	0.1887270	0.3256685	0.2350232	0.2423015	0.2943397	0.3829485	0.2065021	0.1863757	0.2163595	0.3204924	0.2847042	0.2495705
3232988040.9391627	0.2282512	0.2667677	0.1956012	0.3012170	0.1887176	0.3256777	0.2350430	0.2422852	0.2943522	0.3829534	0.2064819	0.1863906	0.2163348	0.3204835	0.2847087	0.2495583
3232988040.9490509	0.2282468	0.2667805	0.1956171	0.3012284	0.1887122	0.3256750	0.2350267	0.2422963	0.2943470	0.3829424	0.2064763	0.1863986	0.2163263	0.3204765	0.2847176	0.2495685
3232988040.9589391	0.2282543	0.2667802	0.1956078	0.3012057	0.1887163	0.3256907	0.2350425	0.2422941	0.2943533	0.3829404	0.2064870	0.1863903	0.2163319	0.3204921	0.2847131	0.2495717
3232988040.9688272	0.2282555	0.2667877	0.1956115	0.3012191	0.1887418	0.3256619	0.2350480	0.2422993	0.2943391	0.3829510	0.2064974	0.1863962	0.2163687	0.3204922	0.2847197	0.2495663
3232988040.9787154	0.2282513	0.2667650	0.1956249	0.3012021	0.1887327	0.3256784	0.2350244	0.2423026	0.2943437	0.3829410	0.2064829	0.1863893	0.2163369	0.3204966	0.2847047	0.2495737
3232988040.9886036	0.2282515	0.2667571	0.1956107	0.3012258	0.1887322	0.3256714	0.2350414	0.2422995	0.2943403	0.3829661	0.2064794	0.1863787	0.2163322	0.3204921	0.2847082	0.2495672
3232988040.9984903	0.2282374	0.2667615	0.1956089	0.3012065	0.1887077	0.3256765	0.2350241	0.2422817	0.2943345	0.3829336	0.2064919	0.1863884	0.2163486	0.3204742	0.2847256	0.2495723
3232988041.0083785	0.2282701	0.2667698	0.1956025	0.3012190	0.1887329	0.3256520	0.2350098	0.2422751	0.2943358	0.3829587	0.2064965	0.1863708	0.2163564	0.3205013	0.2847035	0.2495671
3232988041.0182667	0.2282566	0.2667684	0.1956185	0.3012161	0.1887417	0.3256556	0.2350251	0.2422892	0.2943572	0.3829431	0.2064757	0.1863903	0.2163576	0.3204912	0.2847101	0.2495557
3232988041.0281548	0.2282528	0.2667797	0.1956123	0.3012252	0.1887253	0.3256547	0.2350400	0.2423107	0.2943355	0.3829433	0.2064768	0.1863861	0.2163418	0.3204796	0.2847020	0.2495648
3232988041.0380430	0.2282390	0.2667745	0.1956046	0.3012063	0.1887378	0.3256632	0.2350294	0.2422949	0.2943539	0.3829428	0.2065040	0.1863839	0.2163649	0.3205016	0.2847054	0.2495530
3232988041.0479312	0.2282524	0.2667679	0.1956039	0.3012073	0.1887117	0.3256720	0.2350478	0.2422949	0.2943362	0.3829528	0.2064899	0.1863703	0.2163475	0.3204696	0.2847230	0.2495517
3232988041.0578194	0.2282394	0.2667590	0.1955905	0.3012155	0.1887169	0.3256763	0.2350312	0.2422862	0.2943350	0.3829342	0.2064927	0.1863867	0.2163368	0.3204790	0.2847095	0.2495531
3232988041.0677075	0.2282711	0.2667853	0.1956142	0.3012312	0.1887519	0.3256749	0.2350328	0.2422908	0.2943401	0.3829428	0.2064823	0.1863927	0.2163444	0.3204891	0.2847003	0.2495523
3232988041.0775957	0.2282655	0.2667662	0.1955955	0.3012240	0.1887398	0.3256679	0.2350346	0.2422961	0.2943412	0.3829477	0.2064877	0.1863988	0.2163533	0.3204851	0.2847250	0.2495633
3232988041.0874839	0.2282358	0.2667652	0.1956016	0.3012231	0.1887187	0.3256784	0.2350403	0.2423043	0.2943405	0.3829415	0.2064892	0.1863863	0.2163427	0.3204789	0.2847219	0.2495570
3232988041.0973701	0.2282493	0.2667613	0.1956114	0.3012166	0.1887391	0.3256588	0.2350407	0.2422733	0.2943276	0.3829507	0.2064879	0.1863981	0.2163286	0.3204810	0.2847214	0.2495731
3232988041.1072583	0.2282479	0.2667771	0.1955957	0.3012106	0.1887142	0.3256608	0.2350378	0.2422804	0.2943472	0.3829411	0.2064862	0.1863842	0.2163538	0.3204800	0.2847135	0.2495382
3232988041.1171465	0.2282520	0.2667609	0.1956116	0.3012256	0.1887319	0.3256552	0.2350326	0.2423002	0.2943459	0.3829256	0.2064858	0.1863842	0.2163537	0.3204742	0.2847173	0.2495650
3232988041.1270347	0.2282448	0.2667686	0.1956066	0.3012186	0.1887232	0.3256420	0.2350602	0.2423098	0.2943553	0.3829344	0.2064887	0.1863727	0.2163307	0.3205030	0.2847144	0.2495428
3232988041.1369228	0.2282504	0.2667634	0.1956006	0.3012222	0.1887251	0.3256564	0.2350444	0.2422837	0.2943422	0.3829416	0.2064836	0.1863702	0.2163674	0.3204917	0.2847382	0.2495704
3232988041.1468110	0.2282348	0.2667531	0.1956132	0.3012040	0.1887429	0.3256542	0.2350243	0.2423048	0.2943381	0.3829347	0.2065000	0.1863642	0.2163414	0.3204811	0.2847195	0.2495414
3232988041.1566992	0.2282565	0.2667743	0.1956056	0.3012295	0.1887178	0.3256505	0.2350350	0.2422812	0.2943555	0.3829245	0.2064926	0.1863852	0.2163423	0.3204756	0.2847114	0.2495707
3232988041.1665874	0.2282700	0.2667610	0.1956253	0.3012154	0.1887264	0.3256493	0.2350298	0.2422855	0.2943445	0.3829493	0.2064898	0.1863766	0.2163524	0.3204945	0.2846988	0.2495651
3232988041.1764755	0.2282398	0.2667635	0.1956062	0.3012013	0.1887387	0.3256444	0.2350221	0.2422896	0.2943404	0.3829493	0.2064810	0.1863891	0.2163607	0.3204750	0.2847137	0.2495682
3232988041.1863637	0.2282607	0.2667630	0.1955994	0.3012096	0.1887142	0.3256527	0.2350349	0.2422812	0.2943572	0.3829315	0.2064832	0.1864006	0.2163458	0.3204716	0.2847008	0.2495812
3232988041.1962500	0.2282321	0.2667626	0.1956061	0.3012020	0.1887122	0.3256453	0.2350482	0.2422952	0.2943473	0.3829262	0.2064936	0.1863817	0.2163778	0.3204855	0.2846919	0.2495559
3232988041.2061381	0.2282489	0.2667614	0.1956037	0.3012382	0.1887238	0.3256446	0.2350208	0.2422940	0.2943372	0.3829383	0.2064858	0.1863639	0.2163495	0.3204786	0.2847235	0.2495666
3232988041.2160263	0.2282729	0.2667591	0.1955959	0.3012214	0.1887384	0.3256506	0.2350264	0.2422838	0.2943525	0.3829380	0.2064889	0.1863993	0.2163525	0.3204713	0.2847168	0.2495554
3232988041.2259145	0.2282465	0.2667425	0.1956110	0.3012021	0.1887254	0.3256488	0.2350418	0.2422988	0.2943471	0.3829304	0.2064957	0.1863726	0.2163655	0.3205059	0.2847284	0.2495463
3232988041.2358026	0.2282421	0.2667601	0.1956119	0.3012248	0.1887371	0.3256654	0.2350345	0.2422840	0.2943352	0.3829467	0.2064770	0.1863865	0.2163462	0.3204826	0.2847076	0.2495512
3232988041.2456908	0.2282587	0.2667599	0.1956092	0.3011996	0.1887295	0.3256695	0.2350574	0.2422827	0.2943472	0.3829371	0.2064852	0.1863763	0.2163627	0.3204642	0.2847047	0.2495425
3232988041.2555790	0.2282432	0.2667662	0.1956211	0.3012038	0.1887205	0.3256451	0.2350423	0.2422912	0.2943486	0.3829396	0.2065123	0.1863786	0.2163618	0.3204632	0.2847113	0.2495483
3232988041.2654672	0.2282449	0.2667743	0.1955981	0.3012086	0.1887397	0.3256643	0.2350243	0.2422694	0.2943212	0.3829447	0.2065050	0.1863899	0.2163559	0.3204976	0.2847133	0.2495575
3232988041.2753553	0.2282497	0.2667734	0.1956210	0.3011941	0.1887265	0.3256444	0.2350438	0.2422817	0.2943338	0.3829382	0.2064980	0.1863754	0.2163636	0.3204793	0.2847229	0.2495438
3232988041.2852435	0.2282510	0.2667589	0.1956299	0.3012053	0.1887476	0.3256581	0.2350400	0.2422878	0.2943409	0.3829257	0.2064942	0.1863949	0.2163437	0.3204871	0.2847111	0.2495442
3232988041.2951303	0.2282774	0.2667809	0.1956106	0.3012067	0.1887098	0.3256471	0.2350280	0.2422754	0.2943451	0.3829250	0.2065160	0.1863672	0.2163299	0.3204734	0.2847189	0.2495611
3232988041.3050184	0.2282437	0.2667742	0.1956135	0.3012000	0.1887269	0.3256678	0.2350378	0.2422884	0.2943352	0.3829245	0.2064981	0.1863891	0.2163515	0.3204758	0.2847075	0.2495557
3232988041.3149066	0.2282686	0.2667737	0.1956091	0.3012033	0.1887120	0.3256553	0.2350310	0.2422791	0.2943566	0.3829329	0.2064991	0.1864015	0.2163488	0.3204710	0.2847148	0.2495468
3232988041.3247948	0.2282414	0.2667509	0.1956057	0.3011998	0.1887197	0.3256581	0.2350393	0.2422895	0.2943432	0.3829411	0.2064866	0.1863911	0.2163570	0.3204766	0.2847220	0.2495431
3232988041.3346829	0.2282689	0.2667540	0.1956115	0.3011966	0.1887329	0.3256381	0.2350480	0.2422883	0.2943415	0.3829436	0.2064914	0.1863826	0.2163551	0.3204828	0.2847194	0.2495586
3232988041.3445711	0.2282625	0.2667831	0.1956142	0.3012166	0.1887253	0.3256515	0.2350545	0.2422858	0.2943379	0.3829251	0.2064812	0.1863943	0.2163534	0.3204599	0.2847249	0.2495648
3232988041.3544593	0.2282343	0.2667681	0.1956124	0.3012129	0.1887151	0.3256575	0.2350359	0.2423014	0.2943387	0.3829273	0.2064695	0.1863819	0.2163545	0.3204712	0.2847197	0.2495408
3232988041.3643475	0.2282624	0.2667491	0.1956097	0.3011957	0.1887169	0.3256359	0.2350311	0.2422782	0.2943312	0.3829278	0.2064777	0.1863790	0.2163412	0.3204832	0.2847121	0.2495545
3232988041.3742356	0.2282330	0.2667564	0.1956041	0.3012022	0.1887232	0.3256401	0.2350474	0.2422689	0.2943513	0.3829097	0.2064740	0.1863658	0.2163546	0.3204974	0.2847219	0.2495424
3232988041.3841238	0.2282617	0.2667532	0.1956144	0.3011994	0.1887178	0.3256416	0.2350501	0.2422663	0.2943486	0.3829412	0.2064938	0.1863878	0.2163446	0.3204719	0.2847224	0.2495433
3232988041.3940101	0.2282471	0.2667578	0.1956149	0.3012150	0.1887442	0.3256574	0.2350366	0.2422764	0.2943551	0.3829285	0.2064975	0.1863764	0.2163583	0.3204674	0.2847269	0.2495531
3232988041.4038982	0.2282589	0.2667772	0.1956136	0.3012044	0.1887219	0.3256614	0.2350275	0.2422892	0.2943591	0.3829391	0.2064872	0.1863774	0.2163673	0.3204626	0.2847237	0.2495562
3232988041.4137864	0.2282441	0.2667560	0.1956054	0.3012012	0.1887145	0.3256430	0.2350351	0.2422806	0.2943517	0.3829148	0.2064884	0.1863638	0.2163345	0.3204627	0.2847075	0.2495487
3232988041.4236746	0.2282596	0.2667674	0.1956206	0.3011947	0.1887164	0.3256467	0.2350456	0.2422741	0.2943435	0.3829314	0.2064958	0.1863808	0.2163475	0.3204671	0.2847141	0.2495534
3232988041.4335628	0.2282531	0.2667593	0.1956064	0.3011922	0.1887129	0.3256430	0.2350186	0.2422829	0.2943525	0.3829312	0.2064960	0.1863766	0.2163673	0.3204779	0.2847198	0.2495427
3232988041.4434509	0.2282463	0.2667597	0.1956220	0.3012117	0.1887391	0.3256744	0.2350444	0.2422879	0.2943383	0.3829118	0.2064793	0.1863831	0.2163391	0.3204792	0.2847339	0.2495466
3232988041.4533391	0.2282497	0.2667765	0.1956202	0.3012184	0.1887247	0.3256580	0.2350375	0.2423013	0.2943622	0.3829428	0.2064938	0.1863789	0.2163625	0.3204705	0.2847191	0.2495628
3232988041.4632273	0.2282438	0.2667715	0.1956040	0.3012137	0.1887399	0.3256640	0.2350311	0.2422715	0.2943243	0.3829231	0.2065021	0.1863729	0.2163381	0.3204745	0.2847215	0.2495512
3232988041.4731154	0.2282491	0.2667552	0.1956102	0.3011948	0.1887306	0.3256484	0.2350302	0.2422657	0.2943405	0.3829217	0.2064836	0.1863808	0.2163386	0.3204764	0.2847043	0.2495502
3232988041.4830036	0.2282503	0.2667604	0.1956110	0.3012129	0.1887357	0.3256376	0.2350235	0.2422812	0.2943524	0.3829321	0.2064771	0.1863811	0.2163464	0.3204684	0.2847081	0.2495614
3232988041.4928899	0.2282516	0.2667640	0.1956169	0.3012137	0.1887170	0.3256421	0.2350419	0.2422773	0.2943363	0.3829314	0.2064958	0.1863738	0.2163446	0.3204864	0.2847233	0.2495333
3232988041.5027781	0.2282543	0.2667486	0.1956126	0.3012046	0.1887263	0.3256521	0.2350427	0.2422823	0.2943401	0.3829270	0.2064862	0.1863741	0.2163545	0.3204635	0.2847073	0.2495398
3232988041.5126662	0.2282628	0.2667690	0.1956219	0.3012039	0.1887440	0.3256568	0.2350351	0.2422851	0.2943293	0.3829276	0.2064939	0.1863647	0.2163356	0.3204703	0.2847040	0.2495656
3232988041.5225544	0.2282403	0.2667761	0.1955950	0.3012045	0.1887104	0.3256497	0.2350345	0.2422779	0.2943512	0.3829354	0.2064968	0.1863808	0.2163675	0.3204749	0.2847071	0.2495537
3232988041.5324426	0.2282532	0.2667797	0.1955838	0.3011957	0.1887192	0.3256457	0.2350158	0.2422804	0.2943507	0.3829335	0.2065096	0.1863773	0.2163665	0.3204687	0.2847176	0.2495483
3232988041.5423307	0.2282448	0.2667659	0.1956202	0.3012079	0.1887181	0.3256405	0.2350480	0.2422940	0.2943544	0.3829276	0.2064853	0.1863911	0.2163520	0.3204548	0.2847173	0.2495568
3232988041.5522189	0.2282851	0.2667814	0.1956047	0.3011845	0.1887283	0.3256317	0.2350584	0.2422967	0.2943584	0.3829288	0.2064797	0.1863786	0.2163584	0.3204798	0.2847174	0.2495561
3232988041.5621071	0.2282543	0.2667520	0.1956110	0.3011919	0.1887450	0.3256614	0.2350319	0.2422955	0.2943432	0.3829276	0.2064735	0.1863654	0.2163448	0.3204849	0.2847173	0.2495517
3232988041.5719953	0.2282293	0.2667689	0.1955966	0.3011936	0.1887200	0.3256441	0.2350467	0.2422773	0.2943596	0.3829286	0.2064719	0.1863837	0.2163421	0.3204722	0.2847057	0.2495328
3232988041.5818834	0.2282402	0.2667689	0.1956219	0.3012039	0.1887119	0.3256399	0.2350426	0.2422937	0.2943351	0.3829431	0.2064999	0.1863730	0.2163188	0.3204728	0.2846960	0.2495365
3232988041.5917702	0.2282398	0.2667672	0.1956255	0.3012054	0.1887313	0.3256544	0.2350430	0.2422862	0.2943517	0.3829346	0.2064672	0.1863902	0.2163685	0.3204760	0.2847202	0.2495523
3232988041.6016583	0.2282475	0.2667571	0.1956190	0.3011963	0.1887489	0.3256518	0.2350597	0.2422970	0.2943591	0.3829298	0.2064963	0.1863820	0.2163544	0.3204813	0.2847094	0.2495696
3232988041.6115465	0.2282562	0.2667731	0.1956116	0.3012020	0.1887432	0.3256605	0.2350517	0.2422727	0.2943585	0.3829529	0.2064739	0.1863938	0.2163505	0.3204474	0.2847241	0.2495545
3232988041.6214347	0.2282491	0.2667754	0.1955926	0.3011971	0.1887364	0.3256313	0.2350390	0.2422900	0.2943537	0.3829118	0.2064954	0.1863838	0.2163534	0.3204615	0.2847288	0.2495401
3232988041.6313229	0.2282712	0.2667457	0.1956105	0.3012021	0.1887353	0.3256474	0.2350631	0.2422841	0.2943491	0.3829285	0.2064890	0.1863781	0.2163398	0.3204732	0.2847121	0.2495669
3232988041.6412110	0.2282464	0.2667453	0.1956006	0.3012038	0.1887407	0.3256404	0.2350388	0.2422863	0.2943480	0.3829265	0.2064894	0.1863919	0.2163635	0.3204720	0.2847143	0.2495506
3232988041.6510992	0.2282579	0.2667615	0.1956179	0.3011939	0.1887159	0.3256438	0.2350560	0.2422840	0.2943412	0.3829426	0.2064905	0.1863732	0.2163581	0.3204709	0.2847177	0.2495489
3232988041.6609874	0.2282516	0.2667507	0.1956132	0.3011950	0.1887144	0.3256409	0.2350395	0.2422632	0.2943536	0.3829116	0.2064945	0.1863724	0.2163534	0.3204653	0.2847326	0.2495620
3232988041.6708755	0.2282718	0.2667577	0.1956055	0.3012153	0.1887204	0.3256478	0.2350466	0.2422734	0.2943541	0.3829242	0.2064715	0.1863761	0.2163524	0.3204694	0.2847017	0.2495446
3232988041.6807637	0.2282691	0.2667604	0.1956087	0.3012049	0.1887202	0.3256457	0.2350137	0.2422953	0.2943426	0.3829005	0.2065015	0.1863724	0.2163574	0.3204816	0.2847210	0.2495461
3232988041.6906500	0.2282506	0.2667586	0.1956099	0.3012070	0.1887367	0.3256455	0.2350270	0.2422784	0.2943639	0.3829265	0.2064707	0.1863972	0.2163479	0.3204554	0.2847112	0.2495476
3232988041.7005382	0.2282525	0.2667606	0.1956109	0.3012056	0.1887397	0.3256464	0.2350323	0.2422927	0.2943513	0.3829165	0.2064857	0.1863761	0.2163417	0.3204705	0.2847109	0.2495495
3232988041.7104263	0.2282643	0.2667431	0.1956069	0.3011889	0.1887320	0.3256616	0.2350372	0.2422770	0.2943496	0.3829215	0.2064915	0.1863740	0.2163585	0.3204648	0.2847298	0.2495276
3232988041.7203145	0.2282671	0.2667596	0.1956059	0.3012037	0.1887341	0.3256429	0.2350436	0.2422815	0.2943466	0.3829273	0.2064732	0.1863981	0.2163571	0.3204647	0.2847191	0.2495424
3232988041.7302027	0.2282391	0.2667545	0.1956004	0.3012020	0.1887258	0.3256552	0.2350344	0.2422914	0.2943434	0.3829277	0.2064897	0.1863839	0.2163521	0.3204499	0.2847158	0.2495393
3232988041.7400908	0.2282458	0.2667674	0.1956105	0.3011896	0.1887183	0.3256448	0.2350237	0.2422807	0.2943398	0.3829276	0.2064915	0.1863791	0.2163641	0.3204787	0.2847266	0.2495574
3232988041.7499790	0.2282292	0.2667534	0.1955921	0.3011883	0.1887201	0.3256502	0.2350404	0.2422818	0.2943513	0.3829184	0.2064945	0.1863759	0.2163590	0.3204640	0.2847151	0.2495626
3232988041.7598672	0.2282479	0.2667838	0.1956157	0.3012000	0.1887257	0.3256653	0.2350302	0.2422806	0.2943221	0.3829221	0.2065017	0.1863660	0.2163466	0.3204868	0.2847141	0.2495477
3232988041.7697554	0.2282645	0.2667652	0.1956046	0.3012093	0.1887101	0.3256494	0.2350365	0.2422968	0.2943534	0.3829184	0.2064964	0.1863798	0.2163578	0.3204573	0.2847340	0.2495500
3232988041.7796435	0.2282506	0.2667891	0.1956027	0.3012044	0.1887336	0.3256400	0.2350390	0.2422769	0.2943756	0.3829101	0.2065042	0.1863824	0.2163594	0.3204773	0.2847161	0.2495591
3232988041.7895303	0.2282591	0.2667566	0.1956099	0.3011985	0.1887186	0.3256458	0.2350282	0.2422655	0.2943538	0.3829250	0.2064799	0.1863830	0.2163594	0.3204968	0.2847217	0.2495311
3232988041.7994184	0.2282445	0.2667542	0.1956063	0.3011984	0.1887224	0.3256422	0.2350596	0.2422996	0.2943376	0.3829294	0.2064896	0.1863651	0.2163685	0.3204796	0.2847131	0.2495416
3232988041.8093066	0.2282700	0.2667490	0.1955970	0.3012075	0.1887444	0.3256347	0.2350407	0.2422795	0.2943624	0.3829194	0.2065031	0.1863547	0.2163491	0.3204838	0.2847068	0.2495508
3232988041.8191948	0.2282440	0.2667598	0.1956053	0.3011981	0.1887436	0.3256567	0.2350503	0.2422801	0.2943480	0.3829210	0.2065042	0.1863819	0.2163383	0.3204693	0.2847159	0.2495482
3232988041.8290830	0.2282402	0.2667589	0.1956129	0.3011891	0.1887233	0.3256415	0.2350353	0.2422754	0.2943401	0.3829155	0.2065029	0.1863670	0.2163644	0.3204700	0.2847108	0.2495506
3232988041.8389711	0.2282582	0.2667706	0.1956049	0.3012136	0.1887331	0.3256598	0.2350460	0.2422905	0.2943419	0.3829242	0.2064888	0.1863747	0.2163749	0.3204636	0.2847136	0.2495455
3232988041.8488593	0.2282439	0.2667610	0.1955959	0.3012114	0.1887376	0.3256282	0.2350450	0.2422844	0.2943478	0.3829344	0.2064771	0.1863795	0.2163364	0.3204758	0.2847217	0.2495446
3232988041.8587475	0.2282416	0.2667737	0.1955983	0.3011884	0.1887272	0.3256505	0.2350534	0.2422885	0.2943523	0.3829188	0.2064975	0.1863856	0.2163367	0.3204776	0.2847251	0.2495559
3232988041.8686357	0.2282667	0.2667454	0.1956053	0.3011924	0.1887277	0.3256537	0.2350461	0.2422917	0.2943493	0.3829166	0.2065073	0.1863875	0.2163537	0.3204730	0.2846952	0.2495279
3232988041.8785238	0.2282607	0.2667571	0.1956191	0.3011973	0.1887273	0.3256503	0.2350398	0.2422779	0.2943470	0.3829391	0.2064893	0.1863705	0.2163703	0.3204731	0.2847252	0.2495422
3232988041.8884101	0.2282406	0.2667517	0.1956030	0.3011817	0.1887332	0.3256496	0.2350381	0.2422870	0.2943327	0.3829278	0.2064849	0.1863842	0.2163479	0.3204590	0.2847065	0.2495581
3232988041.8982983	0.2282408	0.2667631	0.1956222	0.3012058	0.1887374	0.3256411	0.2350435	0.2422766	0.2943436	0.3829003	0.2065051	0.1863900	0.2163431	0.3204651	0.2847168	0.2495556
3232988041.9081864	0.2282518	0.2667478	0.1956246	0.3012180	0.1887422	0.3256348	0.2350456	0.2422791	0.2943511	0.3829219	0.2064883	0.1863751	0.2163607	0.3204699	0.2847099	0.2495422
3232988041.9180746	0.2282695	0.2667587	0.1956270	0.3011995	0.1887353	0.3256288	0.2350545	0.2422664	0.2943497	0.3829284	0.2064905	0.1863855	0.2163541	0.3204563	0.2847146	0.2495640
3232988041.9279628	0.2282669	0.2667527	0.1956256	0.3012024	0.1887326	0.3256360	0.2350274	0.2422896	0.2943427	0.3829045	0.2064896	0.1863849	0.2163415	0.3204689	0.2847171	0.2495441
3232988041.9378510	0.2282693	0.2667630	0.1956358	0.3011931	0.1887412	0.3256333	0.2350410	0.2422905	0.2943417	0.3829134	0.2064732	0.1863572	0.2163632	0.3204652	0.2847063	0.2495316
3232988041.9477391	0.2282569	0.2667624	0.1956090	0.3011941	0.1887368	0.3256433	0.2350519	0.2422698	0.2943351	0.3829131	0.2064755	0.1863756	0.2163477	0.3204636	0.2847400	0.2495482
3232988041.9576273	0.2282685	0.2667556	0.1955887	0.3011987	0.1887378	0.3256210	0.2350517	0.2422933	0.2943531	0.3829161	0.2064746	0.1863865	0.2163700	0.3204448	0.2847109	0.2495571
3232988041.9675155	0.2282599	0.2667539	0.1956377	0.3011982	0.1887468	0.3256524	0.2350399	0.2422643	0.2943512	0.3829251	0.2064869	0.1863837	0.2163630	0.3204562	0.2847228	0.2495403
3232988041.9774036	0.2282665	0.2667456	0.1956059	0.3011955	0.1887407	0.3256288	0.2350505	0.2422803	0.2943308	0.3829101	0.2064912	0.1863622	0.2163553	0.3204589	0.2847088	0.2495581
3232988041.9872899	0.2282597	0.2667546	0.1956026	0.3011884	0.1887340	0.3256415	0.2350476	0.2422887	0.2943434	0.3828963	0.2064695	0.1863673	0.2163495	0.3204665	0.2847239	0.2495309
3232988041.9971781	0.2282484	0.2667603	0.1955916	0.3011935	0.1887279	0.3256281	0.2350402	0.2422931	0.2943276	0.3829023	0.2064784	0.1863604	0.2163403	0.3204634	0.2847051	0.2495462
3232988042.0070662	0.2282573	0.2667474	0.1956254	0.3011903	0.1887473	0.3256664	0.2350403	0.2422709	0.2943482	0.3829128	0.2064800	0.1863716	0.2163461	0.3204462	0.2847138	0.2495444
3232988042.0169544	0.2282431	0.2667607	0.1956154	0.3011941	0.1887248	0.3256460	0.2350471	0.2422731	0.2943373	0.3829017	0.2064791	0.1863840	0.2163391	0.3204716	0.2847192	0.2495470
3232988042.0268426	0.2282738	0.2667455	0.1956422	0.3011877	0.1887331	0.3256487	0.2350461	0.2422710	0.2943315	0.3829082	0.2064853	0.1863765	0.2163346	0.3204540	0.2847209	0.2495444
3232988042.0367308	0.2282531	0.2667554	0.1956232	0.3011901	0.1887361	0.3256602	0.2350520	0.2422803	0.2943543	0.3829051	0.2064873	0.1863630	0.2163473	0.3204550	0.2847206	0.2495505
3232988042.0466189	0.2282540	0.2667505	0.1956306	0.3011865	0.1887330	0.3256536	0.2350409	0.2422957	0.2943515	0.3829056	0.2064857	0.1863632	0.2163451	0.3204512	0.2847042	0.2495302
3232988042.0565071	0.2282523	0.2667485	0.1956035	0.3011992	0.1887459	0.3256468	0.2350325	0.2422835	0.2943447	0.3828994	0.2064937	0.1863706	0.2163434	0.3204567	0.2846990	0.2495379
3232988042.0663953	0.2282492	0.2667565	0.1956239	0.3011800	0.1887369	0.3256242	0.2350549	0.2422831	0.2943440	0.3828987	0.2064818	0.1863743	0.2163410	0.3204502	0.2847025	0.2495373
3232988042.0762835	0.2282487	0.2667483	0.1956145	0.3011976	0.1887317	0.3256267	0.2350499	0.2422777	0.2943347	0.3828981	0.2064840	0.1863742	0.2163431	0.3204609	0.2847198	0.2495441
3232988042.0861702	0.2282551	0.2667537	0.1956372	0.3011840	0.1887343	0.3256376	0.2350441	0.2422892	0.2943520	0.3829134	0.2064874	0.1863508	0.2163624	0.3204464	0.2847226	0.2495365
3232988042.0960584	0.2282601	0.2667408	0.1956308	0.3011935	0.1887284	0.3256509	0.2350418	0.2422695	0.2943368	0.3828852	0.2064835	0.1863547	0.2163414	0.3204545	0.2847182	0.2495138
3232988042.1059465	0.2282773	0.2667431	0.1956169	0.3011874	0.1887272	0.3256244	0.2350403	0.2422737	0.2943439	0.3828947	0.2064741	0.1863704	0.2163511	0.3204508	0.2846945	0.2495350
3232988042.1158347	0.2282690	0.2667354	0.1955980	0.3011895	0.1887273	0.3256284	0.2350424	0.2422763	0.2943436	0.3829197	0.2064731	0.1863485	0.2163225	0.3204507	0.2847166	0.2495145
3232988042.1257229	0.2282701	0.2667452	0.1956114	0.3011905	0.1887425	0.3256179	0.2350625	0.2422752	0.2943360	0.3829037	0.2065037	0.1863627	0.2163544	0.3204532	0.2847124	0.2495456
3232988042.1356111	0.2282588	0.2667392	0.1956253	0.3011929	0.1887501	0.3256496	0.2350473	0.2422690	0.2943241	0.3829035	0.2064976	0.1863529	0.2163471	0.3204461	0.2847115	0.2495250
3232988042.1454992	0.2282697	0.2667579	0.1956259	0.3011889	0.1887504	0.3256425	0.2350418	0.2422839	0.2943319	0.3828922	0.2064981	0.1863624	0.2163213	0.3204322	0.2847271	0.2495310
3232988042.1553874	0.2282604	0.2667470	0.1956241	0.3011882	0.1887245	0.3256448	0.2350536	0.2422866	0.2943386	0.3829216	0.2064873	0.1863674	0.2163706	0.3204520	0.2847021	0.2495315
3232988042.1652756	0.2282518	0.2667386	0.1956182	0.3011792	0.1887300	0.3256117	0.2350290	0.2422629	0.2943452	0.3828915	0.2064826	0.1863483	0.2163448	0.3204575	0.2846911	0.2495254
3232988042.1751637	0.2282572	0.2667378	0.1956331	0.3012035	0.1887433	0.3256304	0.2350517	0.2422780	0.2943354	0.3828980	0.2064784	0.1863610	0.2163499	0.3204394	0.2847131	0.2495240
