3232988306.7879300	0.2166169	0.2453358	0.1868261	0.2754932	0.2293945	0.3606326	0.1739557	0.1601192	0.2319188	0.3111560	0.2738545	0.2645217	0.2811005	0.3983751	0.2249288	0.1780753
3232988306.7978182	0.2166413	0.2453298	0.1868122	0.2754990	0.2294157	0.3606441	0.1739497	0.1601148	0.2319124	0.3111404	0.2738456	0.2645256	0.2811072	0.3983781	0.2249328	0.1780677
3232988306.8077064	0.2166203	0.2453378	0.1868241	0.2754747	0.2293963	0.3606446	0.1739523	0.1601002	0.2319066	0.3111346	0.2738488	0.2645275	0.2811111	0.3983860	0.2249383	0.1780641
3232988306.8175945	0.2166339	0.2453274	0.1868187	0.2754654	0.2293931	0.3606482	0.1739542	0.1601311	0.2319037	0.3111510	0.2738470	0.2645384	0.2811141	0.3983727	0.2249372	0.1780669
3232988306.8274827	0.2166193	0.2453251	0.1868383	0.2754679	0.2294047	0.3606302	0.1739367	0.1601042	0.2319053	0.3111404	0.2738387	0.2645580	0.2810955	0.3983983	0.2249245	0.1780730
3232988306.8373709	0.2166245	0.2453248	0.1868251	0.2754717	0.2294088	0.3606459	0.1739377	0.1601082	0.2319105	0.3111487	0.2738610	0.2645222	0.2810986	0.3983950	0.2249336	0.1780593
3232988306.8472590	0.2166265	0.2453281	0.1868351	0.2754818	0.2293998	0.3606386	0.1739521	0.1600943	0.2319132	0.3111449	0.2738549	0.2645410	0.2811059	0.3983825	0.2249366	0.1780644
3232988306.8571472	0.2166191	0.2453223	0.1868165	0.2754689	0.2294192	0.3606442	0.1739450	0.1601217	0.2319131	0.3111365	0.2738403	0.2645278	0.2811167	0.3983788	0.2249440	0.1780732
3232988306.8670354	0.2166283	0.2453308	0.1868203	0.2754603	0.2294012	0.3606308	0.1739348	0.1601368	0.2319257	0.3111671	0.2738617	0.2645164	0.2810861	0.3983583	0.2249265	0.1780652
3232988306.8769236	0.2166314	0.2453131	0.1868288	0.2754751	0.2294031	0.3606200	0.1739365	0.1601076	0.2319082	0.3111670	0.2738234	0.2645264	0.2810957	0.3983729	0.2249348	0.1780737
3232988306.8868103	0.2166040	0.2453196	0.1868250	0.2754583	0.2293986	0.3606311	0.1739420	0.1601125	0.2319058	0.3111680	0.2738554	0.2645210	0.2810979	0.3983876	0.2249314	0.1780785
3232988306.8966985	0.2166250	0.2453318	0.1868510	0.2754629	0.2293807	0.3606346	0.1739563	0.1601186	0.2319248	0.3111614	0.2738788	0.2645462	0.2810831	0.3983976	0.2249508	0.1780654
3232988306.9065866	0.2166177	0.2453340	0.1868167	0.2754584	0.2294074	0.3606265	0.1739571	0.1601195	0.2319303	0.3111564	0.2738769	0.2645204	0.2811079	0.3983928	0.2249394	0.1780651
3232988306.9164748	0.2166248	0.2453327	0.1868338	0.2754627	0.2293912	0.3606408	0.1739281	0.1601360	0.2319268	0.3111514	0.2738603	0.2645244	0.2811050	0.3983968	0.2249318	0.1780932
3232988306.9263630	0.2166236	0.2453322	0.1868163	0.2754814	0.2294232	0.3606343	0.1739320	0.1601048	0.2319143	0.3111524	0.2738678	0.2645261	0.2811192	0.3984007	0.2249387	0.1780713
3232988306.9362512	0.2166206	0.2453146	0.1868114	0.2754499	0.2293901	0.3606516	0.1739324	0.1601053	0.2319117	0.3111388	0.2738606	0.2645500	0.2811071	0.3983736	0.2249288	0.1780514
3232988306.9461393	0.2166356	0.2453190	0.1868245	0.2754683	0.2294081	0.3606526	0.1739619	0.1601046	0.2319222	0.3111432	0.2738640	0.2645232	0.2811071	0.3983835	0.2249182	0.1780634
3232988306.9560275	0.2166074	0.2453290	0.1868270	0.2754724	0.2294313	0.3606460	0.1739370	0.1601082	0.2319203	0.3111392	0.2738537	0.2645243	0.2811193	0.3983819	0.2249373	0.1780578
3232988306.9659157	0.2166277	0.2453276	0.1868317	0.2754626	0.2294031	0.3606388	0.1739426	0.1601163	0.2319177	0.3111419	0.2738640	0.2645359	0.2811060	0.3983962	0.2249195	0.1780507
3232988306.9758038	0.2166131	0.2453265	0.1868215	0.2754625	0.2294164	0.3606389	0.1739283	0.1601141	0.2319068	0.3111381	0.2738694	0.2645262	0.2811263	0.3983898	0.2249487	0.1780523
3232988306.9856901	0.2166200	0.2453092	0.1868131	0.2754597	0.2294011	0.3606266	0.1739464	0.1600899	0.2319081	0.3111418	0.2738678	0.2645399	0.2811137	0.3983590	0.2249454	0.1780821
3232988306.9955783	0.2166132	0.2453229	0.1868350	0.2754782	0.2294120	0.3606315	0.1739486	0.1600926	0.2319233	0.3111767	0.2738630	0.2645172	0.2811104	0.3983638	0.2249510	0.1780520
3232988307.0054665	0.2166343	0.2453327	0.1868359	0.2754787	0.2294121	0.3606291	0.1739472	0.1601126	0.2319207	0.3111547	0.2738676	0.2645373	0.2811155	0.3983714	0.2249508	0.1780742
3232988307.0153546	0.2166307	0.2453180	0.1868218	0.2754664	0.2294097	0.3606440	0.1739427	0.1601184	0.2319288	0.3111404	0.2738476	0.2645112	0.2811164	0.3983876	0.2249471	0.1780574
3232988307.0252428	0.2166211	0.2453213	0.1867940	0.2754811	0.2294044	0.3606314	0.1739458	0.1601141	0.2319154	0.3111433	0.2738568	0.2645153	0.2811182	0.3983861	0.2249413	0.1780626
3232988307.0351310	0.2166192	0.2453067	0.1868347	0.2754719	0.2294007	0.3606306	0.1739473	0.1601106	0.2319335	0.3111315	0.2738585	0.2645220	0.2810905	0.3983790	0.2249375	0.1780457
3232988307.0450191	0.2166148	0.2453236	0.1868289	0.2754830	0.2293990	0.3606419	0.1739456	0.1601037	0.2319186	0.3111471	0.2738675	0.2645380	0.2810902	0.3983688	0.2249481	0.1780585
3232988307.0549073	0.2166186	0.2453231	0.1868331	0.2754728	0.2294194	0.3606494	0.1739512	0.1600858	0.2319112	0.3111550	0.2738627	0.2645338	0.2810824	0.3983908	0.2249468	0.1780623
3232988307.0647955	0.2166212	0.2453315	0.1868209	0.2754775	0.2294145	0.3606381	0.1739467	0.1601183	0.2319293	0.3111245	0.2738502	0.2645368	0.2810914	0.3983604	0.2249595	0.1780755
3232988307.0746837	0.2166326	0.2453155	0.1868141	0.2754708	0.2294136	0.3606423	0.1739398	0.1600981	0.2319184	0.3111309	0.2738574	0.2645291	0.2811146	0.3983686	0.2249435	0.1780444
3232988307.0845699	0.2166153	0.2453101	0.1868143	0.2754690	0.2294020	0.3606326	0.1739379	0.1601109	0.2319021	0.3111354	0.2738559	0.2645405	0.2810949	0.3983813	0.2249328	0.1780555
3232988307.0944581	0.2166325	0.2453175	0.1868199	0.2754707	0.2293899	0.3606251	0.1739412	0.1601246	0.2319151	0.3111386	0.2738755	0.2645298	0.2811124	0.3983591	0.2249350	0.1780877
3232988307.1043463	0.2166127	0.2453072	0.1868113	0.2754655	0.2293862	0.3606412	0.1739188	0.1601230	0.2319273	0.3111635	0.2738505	0.2645183	0.2811083	0.3983752	0.2249338	0.1780758
3232988307.1142344	0.2166161	0.2452997	0.1868455	0.2754771	0.2294034	0.3606258	0.1739541	0.1601236	0.2319226	0.3111438	0.2738558	0.2645162	0.2811068	0.3983677	0.2249306	0.1780566
3232988307.1241226	0.2166241	0.2453478	0.1868340	0.2754759	0.2294060	0.3606258	0.1739445	0.1601126	0.2319188	0.3111400	0.2738497	0.2645198	0.2811085	0.3983847	0.2249468	0.1780679
3232988307.1340108	0.2166343	0.2453074	0.1868267	0.2754654	0.2294103	0.3606333	0.1739379	0.1601046	0.2319153	0.3111500	0.2738510	0.2645345	0.2810925	0.3983560	0.2249501	0.1780598
3232988307.1438990	0.2166156	0.2453161	0.1868294	0.2754767	0.2293917	0.3606412	0.1739451	0.1601259	0.2319183	0.3111265	0.2738787	0.2645455	0.2811018	0.3983676	0.2249422	0.1780702
3232988307.1537871	0.2166087	0.2453277	0.1867989	0.2754669	0.2294108	0.3606130	0.1739377	0.1601145	0.2319256	0.3111279	0.2738583	0.2645291	0.2811057	0.3983578	0.2249422	0.1780541
3232988307.1636753	0.2166325	0.2453289	0.1868216	0.2754795	0.2293898	0.3606409	0.1739336	0.1601238	0.2319300	0.3111518	0.2738710	0.2645217	0.2811094	0.3983778	0.2249353	0.1780652
3232988307.1735635	0.2166238	0.2453316	0.1868370	0.2754736	0.2294075	0.3606413	0.1739438	0.1601000	0.2319239	0.3111501	0.2738598	0.2645363	0.2811046	0.3983731	0.2249384	0.1780883
3232988307.1834502	0.2166129	0.2453076	0.1868455	0.2754569	0.2294084	0.3606351	0.1739412	0.1601105	0.2319298	0.3111285	0.2738502	0.2645242	0.2811126	0.3983646	0.2249453	0.1780560
3232988307.1933384	0.2166136	0.2453364	0.1868270	0.2754686	0.2293959	0.3606393	0.1739405	0.1600956	0.2319143	0.3111402	0.2738506	0.2645249	0.2811087	0.3983560	0.2249293	0.1780568
3232988307.2032266	0.2166323	0.2453112	0.1868175	0.2754538	0.2294104	0.3606312	0.1739590	0.1601056	0.2319309	0.3111426	0.2738568	0.2645235	0.2810884	0.3983585	0.2249387	0.1780602
3232988307.2131147	0.2166183	0.2453184	0.1868328	0.2754675	0.2293943	0.3606204	0.1739561	0.1600988	0.2319166	0.3111435	0.2738625	0.2645184	0.2811128	0.3983743	0.2249514	0.1780610
3232988307.2230029	0.2166239	0.2453256	0.1868292	0.2754609	0.2294118	0.3606254	0.1739576	0.1601044	0.2319105	0.3111532	0.2738531	0.2645239	0.2810947	0.3983532	0.2249578	0.1780615
3232988307.2328911	0.2166256	0.2453225	0.1868198	0.2754682	0.2294162	0.3606204	0.1739549	0.1600974	0.2319248	0.3111293	0.2738510	0.2645141	0.2810959	0.3983645	0.2249421	0.1780631
3232988307.2427793	0.2166304	0.2453186	0.1868223	0.2754571	0.2294081	0.3606113	0.1739516	0.1601030	0.2319309	0.3111425	0.2738523	0.2645278	0.2811136	0.3983752	0.2249411	0.1780750
3232988307.2526674	0.2166111	0.2452985	0.1868288	0.2754716	0.2294023	0.3606192	0.1739502	0.1601195	0.2319073	0.3111209	0.2738450	0.2645238	0.2810981	0.3983594	0.2249347	0.1780408
3232988307.2625556	0.2166255	0.2453037	0.1868394	0.2754694	0.2294087	0.3606191	0.1739485	0.1600979	0.2319321	0.3111358	0.2738547	0.2645149	0.2811116	0.3983563	0.2249422	0.1780509
3232988307.2724438	0.2166242	0.2453049	0.1868320	0.2754728	0.2294099	0.3606392	0.1739336	0.1600918	0.2319003	0.3111421	0.2738678	0.2645182	0.2811154	0.3983616	0.2249285	0.1780534
3232988307.2823300	0.2166178	0.2453358	0.1868398	0.2754430	0.2294157	0.3606250	0.1739374	0.1601032	0.2319250	0.3111295	0.2738326	0.2645154	0.2811111	0.3983618	0.2249444	0.1780657
3232988307.2922182	0.2166211	0.2453081	0.1868201	0.2754508	0.2294027	0.3606428	0.1739415	0.1601023	0.2319134	0.3111362	0.2738631	0.2645073	0.2811022	0.3983565	0.2249308	0.1780725
3232988307.3021064	0.2166291	0.2452956	0.1868397	0.2754676	0.2293979	0.3606267	0.1739276	0.1601163	0.2319175	0.3111317	0.2738481	0.2645261	0.2810908	0.3983656	0.2249353	0.1780462
3232988307.3119946	0.2166244	0.2453145	0.1868233	0.2754785	0.2293925	0.3606173	0.1739508	0.1601008	0.2319109	0.3111116	0.2738655	0.2645032	0.2810996	0.3983584	0.2249378	0.1780693
3232988307.3218827	0.2166312	0.2453183	0.1868482	0.2754771	0.2294338	0.3606087	0.1739499	0.1601141	0.2319127	0.3111247	0.2738616	0.2645179	0.2810935	0.3983583	0.2249491	0.1780562
3232988307.3317709	0.2166139	0.2453157	0.1868414	0.2754710	0.2293962	0.3606229	0.1739453	0.1601023	0.2319158	0.3111213	0.2738552	0.2645143	0.2811092	0.3983567	0.2249347	0.1780625
3232988307.3416591	0.2166366	0.2453078	0.1868198	0.2754681	0.2294061	0.3606293	0.1739296	0.1600968	0.2319179	0.3111554	0.2738519	0.2645218	0.2810969	0.3983519	0.2249497	0.1780720
3232988307.3515472	0.2166196	0.2453075	0.1868256	0.2754549	0.2294089	0.3606192	0.1739261	0.1601122	0.2319088	0.3111104	0.2738434	0.2645284	0.2811083	0.3983548	0.2249467	0.1780588
3232988307.3614354	0.2166262	0.2453102	0.1868195	0.2754723	0.2293982	0.3606156	0.1739447	0.1600972	0.2319277	0.3111375	0.2738570	0.2645323	0.2810975	0.3983489	0.2249364	0.1780706
3232988307.3713236	0.2166109	0.2453111	0.1868341	0.2754563	0.2294149	0.3606120	0.1739364	0.1600866	0.2319238	0.3111253	0.2738591	0.2645296	0.2811004	0.3983627	0.2249173	0.1780470
3232988307.3812103	0.2166138	0.2453069	0.1868421	0.2754574	0.2294152	0.3606263	0.1739452	0.1600868	0.2319033	0.3111245	0.2738591	0.2645018	0.2810974	0.3983479	0.2249280	0.1780641
3232988307.3910985	0.2166303	0.2452974	0.1868472	0.2754476	0.2294142	0.3606120	0.1739315	0.1601107	0.2319226	0.3111394	0.2738586	0.2645158	0.2811032	0.3983464	0.2249452	0.1780421
3232988307.4009867	0.2166357	0.2453161	0.1868143	0.2754489	0.2294092	0.3606449	0.1739407	0.1600935	0.2319149	0.3111402	0.2738546	0.2644981	0.2810882	0.3983513	0.2249463	0.1780607
3232988307.4108748	0.2166207	0.2453121	0.1868181	0.2754281	0.2294063	0.3606047	0.1739329	0.1601126	0.2319246	0.3111328	0.2738531	0.2645238	0.2810894	0.3983601	0.2249321	0.1780360
3232988307.4207630	0.2166146	0.2453116	0.1868151	0.2754587	0.2294017	0.3606161	0.1739454	0.1601141	0.2319162	0.3111176	0.2738715	0.2645268	0.2811043	0.3983400	0.2249284	0.1780548
3232988307.4306512	0.2166381	0.2453051	0.1868441	0.2754483	0.2293981	0.3606002	0.1739616	0.1601142	0.2319104	0.3111281	0.2738457	0.2645064	0.2811021	0.3983375	0.2249425	0.1780454
3232988307.4405394	0.2166194	0.2453146	0.1868396	0.2754276	0.2294129	0.3606257	0.1739451	0.1600930	0.2319392	0.3111431	0.2738566	0.2645177	0.2811156	0.3983480	0.2249500	0.1780717
3232988307.4504275	0.2166125	0.2453092	0.1868455	0.2754456	0.2294248	0.3606149	0.1739399	0.1601075	0.2319253	0.3111229	0.2738571	0.2645262	0.2810853	0.3983570	0.2249533	0.1780540
3232988307.4603157	0.2166037	0.2453043	0.1868264	0.2754453	0.2294035	0.3605811	0.1739450	0.1601029	0.2319199	0.3111237	0.2738642	0.2645213	0.2810920	0.3983641	0.2249402	0.1780580
3232988307.4702039	0.2166107	0.2453043	0.1868361	0.2754609	0.2293937	0.3606001	0.1739444	0.1601099	0.2319242	0.3111179	0.2738683	0.2645042	0.2811050	0.3983429	0.2249233	0.1780687
3232988307.4800901	0.2166197	0.2452937	0.1868171	0.2754399	0.2294105	0.3606119	0.1739323	0.1601010	0.2319163	0.3111105	0.2738508	0.2645092	0.2811186	0.3983499	0.2249395	0.1780674
3232988307.4899783	0.2166287	0.2453082	0.1868225	0.2754434	0.2293763	0.3605934	0.1739472	0.1601012	0.2319088	0.3111279	0.2738379	0.2644945	0.2810930	0.3983716	0.2249370	0.1780481
3232988307.4998665	0.2166436	0.2453293	0.1868357	0.2754545	0.2294079	0.3606293	0.1739340	0.1600996	0.2319127	0.3111088	0.2738645	0.2645047	0.2811078	0.3983516	0.2249290	0.1780654
3232988307.5097547	0.2166213	0.2453038	0.1868242	0.2754392	0.2293786	0.3606126	0.1739413	0.1601060	0.2319086	0.3111284	0.2738615	0.2645062	0.2811125	0.3983496	0.2249382	0.1780619
3232988307.5196428	0.2166214	0.2453150	0.1868251	0.2754420	0.2293816	0.3606171	0.1739244	0.1600676	0.2319091	0.3111273	0.2738683	0.2645074	0.2810875	0.3983518	0.2249392	0.1780392
3232988307.5295310	0.2166172	0.2452935	0.1868192	0.2754379	0.2294097	0.3606072	0.1739319	0.1601009	0.2319298	0.3111330	0.2738510	0.2645026	0.2811035	0.3983380	0.2249383	0.1780618
3232988307.5394192	0.2166295	0.2452827	0.1868307	0.2754612	0.2294133	0.3605950	0.1739586	0.1601025	0.2319304	0.3111162	0.2738467	0.2645062	0.2810763	0.3983500	0.2249514	0.1780553
3232988307.5493073	0.2166216	0.2452953	0.1868152	0.2754278	0.2294041	0.3606115	0.1739224	0.1600885	0.2319023	0.3111316	0.2738540	0.2645079	0.2811166	0.3983477	0.2249345	0.1780451
3232988307.5591955	0.2166196	0.2453041	0.1868417	0.2754381	0.2294087	0.3605911	0.1739219	0.1601029	0.2319349	0.3111240	0.2738545	0.2645121	0.2811115	0.3983526	0.2249186	0.1780526
3232988307.5690837	0.2166353	0.2453066	0.1868161	0.2754510	0.2293922	0.3605957	0.1739356	0.1600782	0.2319209	0.3111223	0.2738587	0.2644874	0.2811092	0.3983309	0.2249318	0.1780453
3232988307.5789700	0.2166083	0.2452880	0.1868257	0.2754262	0.2293971	0.3605990	0.1739532	0.1600795	0.2319079	0.3111146	0.2738548	0.2645007	0.2811119	0.3983508	0.2249491	0.1780395
3232988307.5888581	0.2166093	0.2453057	0.1868311	0.2754267	0.2293935	0.3606059	0.1739480	0.1600836	0.2319255	0.3111149	0.2738626	0.2645307	0.2811232	0.3983391	0.2249352	0.1780572
3232988307.5987463	0.2166161	0.2452779	0.1868305	0.2754419	0.2294226	0.3605775	0.1739383	0.1600769	0.2319158	0.3111060	0.2738519	0.2645018	0.2811124	0.3983366	0.2249445	0.1780563
3232988307.6086345	0.2166199	0.2452911	0.1868307	0.2754510	0.2294104	0.3606017	0.1739364	0.1600985	0.2319143	0.3111273	0.2738589	0.2645009	0.2811004	0.3983339	0.2249313	0.1780414
3232988307.6185226	0.2166019	0.2452989	0.1868265	0.2754425	0.2294055	0.3606007	0.1739310	0.1601030	0.2319249	0.3111238	0.2738407	0.2644890	0.2811171	0.3983199	0.2249350	0.1780562
3232988307.6284108	0.2166170	0.2452873	0.1868207	0.2754327	0.2293916	0.3606108	0.1739141	0.1601091	0.2319152	0.3111039	0.2738615	0.2645236	0.2811142	0.3983424	0.2249268	0.1780440
3232988307.6382990	0.2166065	0.2452907	0.1868406	0.2754392	0.2294117	0.3606013	0.1739550	0.1600872	0.2319238	0.3111033	0.2738622	0.2645064	0.2810991	0.3983188	0.2249429	0.1780417
3232988307.6481872	0.2166195	0.2452947	0.1868425	0.2754485	0.2294080	0.3605931	0.1739299	0.1601085	0.2319135	0.3111114	0.2738587	0.2645104	0.2811032	0.3983156	0.2249506	0.1780476
3232988307.6580753	0.2166338	0.2453006	0.1868186	0.2754453	0.2293936	0.3605965	0.1739538	0.1600998	0.2319269	0.3111247	0.2738516	0.2644952	0.2811036	0.3983255	0.2249387	0.1780504
3232988307.6679635	0.2166352	0.2452947	0.1868218	0.2754358	0.2293831	0.3605749	0.1739390	0.1600992	0.2319156	0.3111054	0.2738525	0.2644924	0.2811057	0.3983187	0.2249425	0.1780473
3232988307.6778502	0.2166131	0.2452734	0.1868317	0.2754195	0.2293993	0.3605859	0.1739327	0.1600829	0.2319243	0.3111088	0.2738601	0.2644966	0.2811041	0.3983242	0.2249309	0.1780557
3232988307.6877384	0.2166138	0.2453007	0.1868322	0.2754372	0.2293972	0.3605901	0.1739374	0.1600902	0.2319106	0.3111086	0.2738538	0.2645142	0.2811035	0.3983373	0.2249602	0.1780357
3232988307.6976266	0.2166305	0.2452853	0.1868238	0.2754413	0.2294128	0.3606091	0.1739361	0.1601029	0.2319196	0.3110960	0.2738570	0.2644874	0.2810931	0.3983213	0.2249474	0.1780487
3232988307.7075148	0.2166282	0.2452920	0.1868448	0.2754325	0.2294128	0.3606052	0.1739541	0.1600858	0.2319073	0.3111253	0.2738647	0.2644995	0.2811034	0.3983170	0.2249312	0.1780292
3232988307.7174029	0.2166329	0.2452910	0.1868149	0.2754312	0.2293975	0.3605794	0.1739381	0.1600980	0.2319224	0.3110930	0.2738556	0.2645084	0.2811022	0.3983343	0.2249256	0.1780476
3232988307.7272911	0.2166032	0.2452864	0.1868139	0.2754080	0.2294024	0.3605867	0.1739513	0.1600855	0.2319178	0.3111074	0.2738439	0.2644895	0.2811071	0.3983189	0.2249441	0.1780552
3232988307.7371793	0.2166050	0.2452857	0.1868429	0.2754252	0.2294289	0.3605869	0.1739090	0.1600869	0.2319044	0.3110991	0.2738445	0.2644877	0.2810937	0.3983072	0.2249351	0.1780461
3232988307.7470674	0.2166288	0.2452859	0.1868211	0.2754196	0.2293967	0.3605902	0.1739391	0.1600890	0.2319186	0.3110890	0.2738468	0.2644830	0.2811135	0.3983221	0.2249279	0.1780390
3232988307.7569556	0.2166297	0.2452942	0.1868445	0.2754342	0.2294111	0.3605843	0.1739424	0.1600984	0.2319283	0.3110922	0.2738462	0.2644781	0.2810787	0.3983270	0.2249308	0.1780335
3232988307.7668438	0.2166281	0.2452626	0.1868294	0.2754199	0.2293960	0.3605862	0.1739432	0.1601009	0.2319063	0.3111057	0.2738368	0.2644898	0.2810969	0.3983275	0.2249453	0.1780447
3232988307.7767301	0.2166273	0.2452743	0.1868162	0.2754386	0.2293904	0.3605749	0.1739424	0.1600970	0.2319106	0.3110906	0.2738427	0.2644776	0.2810792	0.3983119	0.2249327	0.1780538
3232988307.7866182	0.2166212	0.2452930	0.1868249	0.2754058	0.2293916	0.3605867	0.1739640	0.1600699	0.2319184	0.3110985	0.2738475	0.2644896	0.2810993	0.3983178	0.2249283	0.1780301
3232988307.7965064	0.2166159	0.2452796	0.1868411	0.2754399	0.2294116	0.3605856	0.1739494	0.1600980	0.2319236	0.3110980	0.2738545	0.2644635	0.2810900	0.3983005	0.2249387	0.1780264
3232988307.8063946	0.2166371	0.2452828	0.1868314	0.2754129	0.2294035	0.3605860	0.1739393	0.1600843	0.2319045	0.3110834	0.2738541	0.2644973	0.2810971	0.3982933	0.2249488	0.1780461
3232988307.8162827	0.2166174	0.2452779	0.1868365	0.2754243	0.2294037	0.3605794	0.1739401	0.1601026	0.2319262	0.3110722	0.2738523	0.2644862	0.2810846	0.3983215	0.2249328	0.1780272
3232988307.8261709	0.2166056	0.2452658	0.1868219	0.2754246	0.2294022	0.3605766	0.1739352	0.1600778	0.2318910	0.3110874	0.2738610	0.2644789	0.2810827	0.3983049	0.2249233	0.1780539
3232988307.8360591	0.2165919	0.2452647	0.1868262	0.2754332	0.2294114	0.3605782	0.1739468	0.1600792	0.2319259	0.3110956	0.2738433	0.2644933	0.2810971	0.3983101	0.2249252	0.1780263
3232988307.8459473	0.2166041	0.2452788	0.1868341	0.2754306	0.2293986	0.3605668	0.1739532	0.1600656	0.2319092	0.3110924	0.2738414	0.2644825	0.2810973	0.3983082	0.2249411	0.1780506
3232988307.8558354	0.2165928	0.2452751	0.1868340	0.2754298	0.2294051	0.3605910	0.1739470	0.1600849	0.2319137	0.3110856	0.2738420	0.2644810	0.2810860	0.3983036	0.2249381	0.1780348
3232988307.8657236	0.2166274	0.2452855	0.1868403	0.2754232	0.2294139	0.3605777	0.1739383	0.1600916	0.2319240	0.3110840	0.2738326	0.2644708	0.2810882	0.3982956	0.2249443	0.1780273
3232988307.8756099	0.2166078	0.2453000	0.1868323	0.2754332	0.2294080	0.3605555	0.1739574	0.1600816	0.2319192	0.3110643	0.2738449	0.2644883	0.2811013	0.3982793	0.2249361	0.1780143
3232988307.8854980	0.2166307	0.2452826	0.1868268	0.2754142	0.2294144	0.3605729	0.1739353	0.1600731	0.2318878	0.3110792	0.2738543	0.2644831	0.2810952	0.3982814	0.2249241	0.1780367
3232988307.8953862	0.2166222	0.2452892	0.1868180	0.2754244	0.2294017	0.3605705	0.1739321	0.1600882	0.2319152	0.3110649	0.2738413	0.2644602	0.2810947	0.3983020	0.2249370	0.1780208
3232988307.9052744	0.2166114	0.2452769	0.1868351	0.2754107	0.2293833	0.3605585	0.1739355	0.1600908	0.2319019	0.3110762	0.2738456	0.2644786	0.2811032	0.3982950	0.2249335	0.1780254
3232988307.9151626	0.2166285	0.2452789	0.1868288	0.2754234	0.2294047	0.3605759	0.1739566	0.1600974	0.2319051	0.3110843	0.2738607	0.2644716	0.2810839	0.3982998	0.2249259	0.1780221
3232988307.9250507	0.2166216	0.2452854	0.1868243	0.2754325	0.2293989	0.3605630	0.1739377	0.1600733	0.2319059	0.3110984	0.2738644	0.2644754	0.2811023	0.3982873	0.2249261	0.1780108
3232988307.9349389	0.2166177	0.2452760	0.1868312	0.2754097	0.2293947	0.3605564	0.1739345	0.1600930	0.2319110	0.3110701	0.2738391	0.2644838	0.2810978	0.3982850	0.2249333	0.1780155
3232988307.9448271	0.2166180	0.2452683	0.1868378	0.2753979	0.2294089	0.3605484	0.1739465	0.1600552	0.2319054	0.3110661	0.2738471	0.2644806	0.2810871	0.3982970	0.2249315	0.1780241
3232988307.9547152	0.2166417	0.2453027	0.1868042	0.2753970	0.2294058	0.3605680	0.1739360	0.1600850	0.2319258	0.3110791	0.2738582	0.2644804	0.2811006	0.3982928	0.2249403	0.1780316
3232988307.9646034	0.2166326	0.2452729	0.1868166	0.2754265	0.2294168	0.3605652	0.1739541	0.1600821	0.2319223	0.3110813	0.2738563	0.2644710	0.2811082	0.3982967	0.2249237	0.1780271
3232988307.9744902	0.2166196	0.2452659	0.1868147	0.2754117	0.2293918	0.3605767	0.1739682	0.1600856	0.2319146	0.3110858	0.2738653	0.2644881	0.2811096	0.3983160	0.2249425	0.1780231
3232988307.9843783	0.2166290	0.2452721	0.1868166	0.2754274	0.2294019	0.3605683	0.1739566	0.1600758	0.2319137	0.3110924	0.2738424	0.2644753	0.2811058	0.3982996	0.2249412	0.1780272
3232988307.9942665	0.2166293	0.2452717	0.1868072	0.2754136	0.2293903	0.3605681	0.1739396	0.1600835	0.2319455	0.3110929	0.2738492	0.2644908	0.2811254	0.3983214	0.2249423	0.1780061
3232988308.0041547	0.2166305	0.2452622	0.1868108	0.2753890	0.2293919	0.3605540	0.1739364	0.1600888	0.2319330	0.3111084	0.2738535	0.2644900	0.2811011	0.3983104	0.2249461	0.1780413
3232988308.0140429	0.2166278	0.2452817	0.1868243	0.2754028	0.2294012	0.3605722	0.1739363	0.1600640	0.2319234	0.3110924	0.2738571	0.2644741	0.2811295	0.3983102	0.2249188	0.1780147
3232988308.0239310	0.2166267	0.2452733	0.1868400	0.2754282	0.2294154	0.3605679	0.1739597	0.1600768	0.2319240	0.3110869	0.2738681	0.2644766	0.2811232	0.3983063	0.2249464	0.1780340
3232988308.0338192	0.2166175	0.2452648	0.1868290	0.2754091	0.2293951	0.3605709	0.1739551	0.1600719	0.2319407	0.3111089	0.2738737	0.2644862	0.2810981	0.3983065	0.2249445	0.1780350
3232988308.0437074	0.2166130	0.2452722	0.1868258	0.2754036	0.2293979	0.3605695	0.1739321	0.1600528	0.2319163	0.3110835	0.2738637	0.2644666	0.2811068	0.3983012	0.2249378	0.1780177
3232988308.0535955	0.2166250	0.2452821	0.1868281	0.2754097	0.2293975	0.3605841	0.1739309	0.1600746	0.2319294	0.3110840	0.2738493	0.2644761	0.2810884	0.3983097	0.2249395	0.1780150
3232988308.0634837	0.2166250	0.2452837	0.1868446	0.2753999	0.2294066	0.3605546	0.1739404	0.1600712	0.2319296	0.3110972	0.2738605	0.2644833	0.2811036	0.3983044	0.2249240	0.1780377
3232988308.0733700	0.2166072	0.2452625	0.1868390	0.2754047	0.2294244	0.3605598	0.1739640	0.1600853	0.2319178	0.3110828	0.2738542	0.2644820	0.2810944	0.3983085	0.2249384	0.1780326
3232988308.0832582	0.2166139	0.2452805	0.1868254	0.2754152	0.2294221	0.3605521	0.1739604	0.1600656	0.2319223	0.3110890	0.2738568	0.2644777	0.2811120	0.3983117	0.2249357	0.1780746
3232988308.0931463	0.2166122	0.2452462	0.1868216	0.2754367	0.2294138	0.3605633	0.1739415	0.1600557	0.2319236	0.3110839	0.2738460	0.2644860	0.2811050	0.3982935	0.2249644	0.1780214
3232988308.1030345	0.2166232	0.2452687	0.1868156	0.2754151	0.2294080	0.3605621	0.1739461	0.1600713	0.2319220	0.3110940	0.2738524	0.2644733	0.2811268	0.3983028	0.2249420	0.1780247
3232988308.1129227	0.2166190	0.2452751	0.1868369	0.2754262	0.2293969	0.3605699	0.1739440	0.1600843	0.2319197	0.3110914	0.2738422	0.2644677	0.2810880	0.3982888	0.2249226	0.1780242
3232988308.1228108	0.2166440	0.2452883	0.1868175	0.2754122	0.2294189	0.3605698	0.1739614	0.1600689	0.2319223	0.3110908	0.2738597	0.2644703	0.2811027	0.3982951	0.2249457	0.1780309
3232988308.1326990	0.2166183	0.2452709	0.1868223	0.2754163	0.2293979	0.3605715	0.1739304	0.1600944	0.2319246	0.3110839	0.2738419	0.2644744	0.2810990	0.3982951	0.2249415	0.1780242
3232988308.1425872	0.2166166	0.2452743	0.1868360	0.2754246	0.2294041	0.3605498	0.1739416	0.1600691	0.2319094	0.3110771	0.2738572	0.2644549	0.2810995	0.3982894	0.2249306	0.1780233
3232988308.1524754	0.2166290	0.2452652	0.1868339	0.2754091	0.2294072	0.3605711	0.1739555	0.1600677	0.2318955	0.3110868	0.2738508	0.2644858	0.2811174	0.3982932	0.2249419	0.1780382
3232988308.1623635	0.2166245	0.2452550	0.1868259	0.2754124	0.2294060	0.3605532	0.1739331	0.1600725	0.2319171	0.3110690	0.2738318	0.2644786	0.2811091	0.3982985	0.2249305	0.1780227
3232988308.1722503	0.2166166	0.2452804	0.1868110	0.2754082	0.2294082	0.3605809	0.1739261	0.1600739	0.2319186	0.3110873	0.2738516	0.2644778	0.2811025	0.3983010	0.2249422	0.1780249
3232988308.1821384	0.2166339	0.2452671	0.1868360	0.2754108	0.2294222	0.3605830	0.1739375	0.1600850	0.2319164	0.3110821	0.2738590	0.2644701	0.2811112	0.3982862	0.2249344	0.1780256
3232988308.1920266	0.2166208	0.2452661	0.1868267	0.2754212	0.2294050	0.3605584	0.1739455	0.1600744	0.2319349	0.3111022	0.2738582	0.2644874	0.2811057	0.3982864	0.2249431	0.1780110
3232988308.2019148	0.2166040	0.2452670	0.1868248	0.2754200	0.2293998	0.3605560	0.1739465	0.1600802	0.2319354	0.3110746	0.2738585	0.2644664	0.2811056	0.3982994	0.2249169	0.1780289
3232988308.2118030	0.2166376	0.2452729	0.1868146	0.2754032	0.2293964	0.3605636	0.1739560	0.1600704	0.2319304	0.3110888	0.2738642	0.2644800	0.2810748	0.3982769	0.2249248	0.1780383
3232988308.2216911	0.2166165	0.2452791	0.1868366	0.2754153	0.2294099	0.3605617	0.1739392	0.1600937	0.2319167	0.3110774	0.2738641	0.2644653	0.2811066	0.3983044	0.2249270	0.1780242
3232988308.2315793	0.2166419	0.2452796	0.1868241	0.2754206	0.2294318	0.3605494	0.1739496	0.1600720	0.2319323	0.3110808	0.2738644	0.2644832	0.2811204	0.3982902	0.2249374	0.1780234
3232988308.2414675	0.2166344	0.2452634	0.1868352	0.2754170	0.2293989	0.3605532	0.1739342	0.1600754	0.2319270	0.3110863	0.2738550	0.2644753	0.2811035	0.3983010	0.2249271	0.1780377
3232988308.2513556	0.2166348	0.2452784	0.1868279	0.2754060	0.2294136	0.3605714	0.1739573	0.1600618	0.2319111	0.3110849	0.2738532	0.2644568	0.2810968	0.3982864	0.2249373	0.1780379
3232988308.2612438	0.2166133	0.2452739	0.1868145	0.2754233	0.2294166	0.3605570	0.1739365	0.1600852	0.2319242	0.3110780	0.2738626	0.2644732	0.2811023	0.3983034	0.2249347	0.1780418
3232988308.2711301	0.2166198	0.2452756	0.1868285	0.2754180	0.2294129	0.3605498	0.1739543	0.1600896	0.2319141	0.3110702	0.2738575	0.2644714	0.2811097	0.3982898	0.2249282	0.1780042
3232988308.2810183	0.2166340	0.2452566	0.1868552	0.2754174	0.2294220	0.3605694	0.1739394	0.1600831	0.2319084	0.3110651	0.2738542	0.2644661	0.2811191	0.3982899	0.2249441	0.1780332
3232988308.2909064	0.2166248	0.2452757	0.1868282	0.2754159	0.2293979	0.3605664	0.1739464	0.1600862	0.2319266	0.3110741	0.2738671	0.2644802	0.2810907	0.3982772	0.2249433	0.1780271
3232988308.3007946	0.2166107	0.2452644	0.1868410	0.2754137	0.2294116	0.3605584	0.1739531	0.1600688	0.2319319	0.3110590	0.2738752	0.2644508	0.2811063	0.3982961	0.2249368	0.1780377
3232988308.3106828	0.2166124	0.2452716	0.1868327	0.2754065	0.2293959	0.3605578	0.1739440	0.1600657	0.2319215	0.3110760	0.2738440	0.2644679	0.2811129	0.3983039	0.2249404	0.1780472
3232988308.3205709	0.2166311	0.2452968	0.1868259	0.2754155	0.2294122	0.3605638	0.1739257	0.1600709	0.2319093	0.3110766	0.2738649	0.2644830	0.2811258	0.3982905	0.2249300	0.1780220
3232988308.3304591	0.2166164	0.2452706	0.1868429	0.2754043	0.2293989	0.3605603	0.1739413	0.1600810	0.2319274	0.3110793	0.2738553	0.2644953	0.2811049	0.3982762	0.2249318	0.1780270
3232988308.3403473	0.2166272	0.2452793	0.1868461	0.2754317	0.2294037	0.3605385	0.1739705	0.1600754	0.2319370	0.3110911	0.2738430	0.2644660	0.2811047	0.3982958	0.2249438	0.1780646
3232988308.3502355	0.2166252	0.2452808	0.1868111	0.2753964	0.2294056	0.3605710	0.1739474	0.1600722	0.2319154	0.3110760	0.2738600	0.2644848	0.2810953	0.3982874	0.2249499	0.1780279
3232988308.3601236	0.2166087	0.2452930	0.1868156	0.2754093	0.2294040	0.3605612	0.1739419	0.1600842	0.2319328	0.3110828	0.2738518	0.2644939	0.2811215	0.3983030	0.2249344	0.1780140
3232988308.3700099	0.2166207	0.2452748	0.1868318	0.2754102	0.2294123	0.3605741	0.1739377	0.1600584	0.2319328	0.3110848	0.2738599	0.2644765	0.2811110	0.3982936	0.2249279	0.1780259
3232988308.3798981	0.2166118	0.2452663	0.1868179	0.2753960	0.2294102	0.3605599	0.1739429	0.1600839	0.2319157	0.3110731	0.2738717	0.2644674	0.2811130	0.3983045	0.2249404	0.1780236
3232988308.3897862	0.2166280	0.2452564	0.1868467	0.2754297	0.2294029	0.3605676	0.1739470	0.1600720	0.2319306	0.3110920	0.2738642	0.2644777	0.2811062	0.3983028	0.2249473	0.1780238
3232988308.3996744	0.2166211	0.2452798	0.1868281	0.2754174	0.2293958	0.3605635	0.1739364	0.1600811	0.2319041	0.3110780	0.2738684	0.2644568	0.2811116	0.3982798	0.2249375	0.1780175
3232988308.4095626	0.2166185	0.2452549	0.1868364	0.2754188	0.2294116	0.3605333	0.1739375	0.1600901	0.2319092	0.3110796	0.2738532	0.2644881	0.2811056	0.3983182	0.2249437	0.1780450
3232988308.4194508	0.2166215	0.2452804	0.1868283	0.2754167	0.2294051	0.3605601	0.1739370	0.1600881	0.2319279	0.3111029	0.2738607	0.2644817	0.2811084	0.3982833	0.2249308	0.1780155
3232988308.4293389	0.2166147	0.2452788	0.1868375	0.2754079	0.2294096	0.3605677	0.1739434	0.1600798	0.2319192	0.3110797	0.2738541	0.2644651	0.2810993	0.3982926	0.2249383	0.1780236
3232988308.4392271	0.2166477	0.2452730	0.1868338	0.2754252	0.2294162	0.3605698	0.1739422	0.1600727	0.2319246	0.3110842	0.2738633	0.2644888	0.2811111	0.3982800	0.2249441	0.1780199
3232988308.4491153	0.2166365	0.2452667	0.1868307	0.2754041	0.2293959	0.3605484	0.1739325	0.1600697	0.2319118	0.3110798	0.2738505	0.2644754	0.2811233	0.3982889	0.2249531	0.1780279
3232988308.4590034	0.2166261	0.2452715	0.1868433	0.2754050	0.2294011	0.3605715	0.1739445	0.1600902	0.2319156	0.3110800	0.2738397	0.2644566	0.2811116	0.3983005	0.2249307	0.1780403
3232988308.4688902	0.2166188	0.2452602	0.1868259	0.2754140	0.2294005	0.3605502	0.1739352	0.1600918	0.2319249	0.3110987	0.2738596	0.2644596	0.2811081	0.3982851	0.2249316	0.1780425
3232988308.4787784	0.2166256	0.2452917	0.1868339	0.2753987	0.2293991	0.3605647	0.1739244	0.1600741	0.2319311	0.3110746	0.2738616	0.2644684	0.2811120	0.3982993	0.2249332	0.1780314
3232988308.4886665	0.2166356	0.2452461	0.1868279	0.2754093	0.2293944	0.3605594	0.1739482	0.1600834	0.2319248	0.3110900	0.2738450	0.2644873	0.2811217	0.3982806	0.2249431	0.1780194
3232988308.4985547	0.2166281	0.2452545	0.1868300	0.2754300	0.2294076	0.3605904	0.1739565	0.1600836	0.2319138	0.3110877	0.2738460	0.2644699	0.2811138	0.3982818	0.2249487	0.1780114
3232988308.5084429	0.2166400	0.2452664	0.1868227	0.2754114	0.2294155	0.3605541	0.1739558	0.1600661	0.2319306	0.3110725	0.2738401	0.2644715	0.2811126	0.3982919	0.2249138	0.1780258
3232988308.5183310	0.2166229	0.2452700	0.1868306	0.2753930	0.2294173	0.3605443	0.1739352	0.1600932	0.2319124	0.3110926	0.2738612	0.2644642	0.2810818	0.3983031	0.2249352	0.1780267
3232988308.5282192	0.2166131	0.2452660	0.1868060	0.2754139	0.2294073	0.3605531	0.1739473	0.1600723	0.2319068	0.3110786	0.2738529	0.2644886	0.2811146	0.3982846	0.2249121	0.1780114
3232988308.5381074	0.2166085	0.2452749	0.1868270	0.2754070	0.2294053	0.3605377	0.1739503	0.1600804	0.2318998	0.3110680	0.2738648	0.2644725	0.2811195	0.3982973	0.2249452	0.1780121
3232988308.5479956	0.2166262	0.2452667	0.1868329	0.2754101	0.2294117	0.3605583	0.1739430	0.1600694	0.2319149	0.3110794	0.2738609	0.2644686	0.2810970	0.3982865	0.2249308	0.1780199
3232988308.5578837	0.2166293	0.2452746	0.1868320	0.2754179	0.2294344	0.3605633	0.1739507	0.1600892	0.2318987	0.3110712	0.2738703	0.2644615	0.2811048	0.3983043	0.2249424	0.1780245
3232988308.5677700	0.2166326	0.2452789	0.1868232	0.2754058	0.2294057	0.3605531	0.1739422	0.1600643	0.2319289	0.3110818	0.2738434	0.2644537	0.2811087	0.3982966	0.2249495	0.1780218
3232988308.5776582	0.2166012	0.2452607	0.1868415	0.2754027	0.2294052	0.3605678	0.1739347	0.1600607	0.2319155	0.3110708	0.2738730	0.2644691	0.2810954	0.3983109	0.2249293	0.1780083
3232988308.5875463	0.2166053	0.2452508	0.1868300	0.2754226	0.2294063	0.3605642	0.1739389	0.1600809	0.2319069	0.3110947	0.2738493	0.2644573	0.2811008	0.3982779	0.2249313	0.1780230
3232988308.5974345	0.2166243	0.2452746	0.1868172	0.2754221	0.2294052	0.3605597	0.1739488	0.1600819	0.2319249	0.3110831	0.2738549	0.2644720	0.2811194	0.3982894	0.2249454	0.1780371
3232988308.6073227	0.2166200	0.2452829	0.1868564	0.2754161	0.2293930	0.3605371	0.1739406	0.1600801	0.2319154	0.3110785	0.2738481	0.2645051	0.2810938	0.3982695	0.2249341	0.1780290
3232988308.6172109	0.2166357	0.2452780	0.1868315	0.2753931	0.2294096	0.3605697	0.1739276	0.1600819	0.2319166	0.3110712	0.2738429	0.2644739	0.2810930	0.3982931	0.2249379	0.1780364
3232988308.6270990	0.2166256	0.2452844	0.1868259	0.2754175	0.2294090	0.3605665	0.1739527	0.1600697	0.2319238	0.3110673	0.2738680	0.2644739	0.2811083	0.3982891	0.2249281	0.1780055
3232988308.6369872	0.2166254	0.2452661	0.1868167	0.2754065	0.2293994	0.3605670	0.1739355	0.1600819	0.2318953	0.3110800	0.2738438	0.2644766	0.2810896	0.3982921	0.2249386	0.1780261
3232988308.6468754	0.2166336	0.2452569	0.1868419	0.2754147	0.2294095	0.3605697	0.1739460	0.1600754	0.2319160	0.3110832	0.2738563	0.2644767	0.2811161	0.3982999	0.2249250	0.1780202
3232988308.6567636	0.2166220	0.2452748	0.1868369	0.2754184	0.2293987	0.3605537	0.1739279	0.1600762	0.2319076	0.3110977	0.2738492	0.2644605	0.2811250	0.3982890	0.2249557	0.1780176
3232988308.6666503	0.2166452	0.2452462	0.1868430	0.2754070	0.2294231	0.3605467	0.1739366	0.1600784	0.2319165	0.3110812	0.2738644	0.2644828	0.2810906	0.3982808	0.2249355	0.1780270
3232988308.6765385	0.2166152	0.2452689	0.1868368	0.2754061	0.2294090	0.3605616	0.1739341	0.1600765	0.2319248	0.3110595	0.2738516	0.2644526	0.2810896	0.3982917	0.2249411	0.1780165
3232988308.6864266	0.2166308	0.2452740	0.1868357	0.2754178	0.2293960	0.3605395	0.1739560	0.1600690	0.2319284	0.3110793	0.2738419	0.2644710	0.2811098	0.3982798	0.2249384	0.1780256
3232988308.6963148	0.2166225	0.2452834	0.1868190	0.2753983	0.2294126	0.3605549	0.1739356	0.1600826	0.2319417	0.3110815	0.2738650	0.2644685	0.2811069	0.3982886	0.2249330	0.1780161
3232988308.7062030	0.2166174	0.2452553	0.1868314	0.2754093	0.2294004	0.3605490	0.1739708	0.1600637	0.2319185	0.3110926	0.2738576	0.2644483	0.2811170	0.3982888	0.2249218	0.1780369
3232988308.7160912	0.2166181	0.2452748	0.1868284	0.2754181	0.2294039	0.3605649	0.1739378	0.1600890	0.2319211	0.3110719	0.2738597	0.2644592	0.2811027	0.3982867	0.2249361	0.1780216
3232988308.7259793	0.2166289	0.2452623	0.1868424	0.2754046	0.2294207	0.3605441	0.1739475	0.1600723	0.2319065	0.3110658	0.2738461	0.2644724	0.2811007	0.3982833	0.2249411	0.1780278
3232988308.7358675	0.2166180	0.2452763	0.1868374	0.2753907	0.2294060	0.3605542	0.1739244	0.1600837	0.2319233	0.3110750	0.2738448	0.2644705	0.2811076	0.3982903	0.2249427	0.1780236
3232988308.7457557	0.2166184	0.2452690	0.1868332	0.2754080	0.2294225	0.3605466	0.1739470	0.1600831	0.2319281	0.3110654	0.2738548	0.2644626	0.2810884	0.3982540	0.2249456	0.1780180
3232988308.7556438	0.2166191	0.2452690	0.1868281	0.2754277	0.2294152	0.3605548	0.1739497	0.1600880	0.2319158	0.3110712	0.2738715	0.2644583	0.2810843	0.3982774	0.2249333	0.1780247
3232988308.7655301	0.2166248	0.2452532	0.1868260	0.2754026	0.2293945	0.3605501	0.1739518	0.1600659	0.2319196	0.3110541	0.2738340	0.2644602	0.2811098	0.3982905	0.2249299	0.1780361
3232988308.7754183	0.2166346	0.2452592	0.1868322	0.2753988	0.2294157	0.3605545	0.1739357	0.1600807	0.2319072	0.3110745	0.2738588	0.2644551	0.2810806	0.3982952	0.2249319	0.1780186
3232988308.7853065	0.2166227	0.2452489	0.1868424	0.2753986	0.2294168	0.3605510	0.1739548	0.1600627	0.2319059	0.3110795	0.2738459	0.2644552	0.2811079	0.3982776	0.2249304	0.1780347
3232988308.7951946	0.2166247	0.2452666	0.1868437	0.2753935	0.2293996	0.3605426	0.1739314	0.1600441	0.2319384	0.3110792	0.2738589	0.2644818	0.2811022	0.3982776	0.2249500	0.1780001
3232988308.8050828	0.2166192	0.2452588	0.1868294	0.2754139	0.2293950	0.3605398	0.1739539	0.1600936	0.2319220	0.3110581	0.2738608	0.2644748	0.2811077	0.3982829	0.2249242	0.1780153
3232988308.8149710	0.2166327	0.2452757	0.1868317	0.2754079	0.2294177	0.3605454	0.1739474	0.1600785	0.2319260	0.3110585	0.2738552	0.2644535	0.2811030	0.3982872	0.2249345	0.1780283
3232988308.8248591	0.2166099	0.2452635	0.1868408	0.2753993	0.2294255	0.3605352	0.1739668	0.1600824	0.2319213	0.3110577	0.2738455	0.2644684	0.2811248	0.3982773	0.2249376	0.1780432
3232988308.8347473	0.2166222	0.2452518	0.1868304	0.2754078	0.2293938	0.3605611	0.1739515	0.1600912	0.2319147	0.3110724	0.2738374	0.2644613	0.2811024	0.3982800	0.2249351	0.1780072
3232988308.8446355	0.2166044	0.2452540	0.1868195	0.2753960	0.2294105	0.3605349	0.1739400	0.1600613	0.2319117	0.3110643	0.2738485	0.2644607	0.2811044	0.3982737	0.2249280	0.1780096
3232988308.8545237	0.2166022	0.2452678	0.1868264	0.2754011	0.2294077	0.3605503	0.1739443	0.1600638	0.2319370	0.3110661	0.2738598	0.2644569	0.2810961	0.3982726	0.2249330	0.1780180
3232988308.8644099	0.2166310	0.2452656	0.1868429	0.2754105	0.2294142	0.3605545	0.1739488	0.1600790	0.2319123	0.3110773	0.2738624	0.2644846	0.2810932	0.3982639	0.2249454	0.1780206
3232988308.8742981	0.2166246	0.2452682	0.1868317	0.2754101	0.2294167	0.3605686	0.1739460	0.1600658	0.2319301	0.3110598	0.2738650	0.2644517	0.2811077	0.3982628	0.2249380	0.1780220
3232988308.8841863	0.2166382	0.2452677	0.1868266	0.2754016	0.2294073	0.3605353	0.1739433	0.1600673	0.2319184	0.3110578	0.2738506	0.2644696	0.2810909	0.3982726	0.2249305	0.1780027
3232988308.8940744	0.2166160	0.2452540	0.1868246	0.2753889	0.2293790	0.3605463	0.1739277	0.1600806	0.2319001	0.3110685	0.2738488	0.2644539	0.2811020	0.3982847	0.2249401	0.1780011
3232988308.9039626	0.2166160	0.2452367	0.1868488	0.2754114	0.2294118	0.3605185	0.1739210	0.1600627	0.2319168	0.3110629	0.2738417	0.2644594	0.2811124	0.3982796	0.2249236	0.1780141
3232988308.9138508	0.2166192	0.2452762	0.1868329	0.2754055	0.2294084	0.3605520	0.1739563	0.1600668	0.2319285	0.3110562	0.2738600	0.2644561	0.2810964	0.3982666	0.2249295	0.1780247
3232988308.9237390	0.2166117	0.2452822	0.1868419	0.2754071	0.2294151	0.3605393	0.1739603	0.1600828	0.2319214	0.3110626	0.2738577	0.2644639	0.2810895	0.3982653	0.2249290	0.1780304
3232988308.9336271	0.2166200	0.2452682	0.1868365	0.2754039	0.2294170	0.3605240	0.1739360	0.1600869	0.2319153	0.3110694	0.2738523	0.2644472	0.2811092	0.3982781	0.2249501	0.1780214
3232988308.9435153	0.2166212	0.2452448	0.1868344	0.2753987	0.2294194	0.3605269	0.1739617	0.1600753	0.2319106	0.3110642	0.2738490	0.2644548	0.2811059	0.3982608	0.2249374	0.1780112
3232988308.9534035	0.2166261	0.2452378	0.1868314	0.2753923	0.2294171	0.3605455	0.1739370	0.1600653	0.2319153	0.3110658	0.2738307	0.2644439	0.2810826	0.3982936	0.2249409	0.1780108
3232988308.9632902	0.2166170	0.2452605	0.1868373	0.2754054	0.2294096	0.3605453	0.1739377	0.1600694	0.2319315	0.3110443	0.2738447	0.2644773	0.2811094	0.3982562	0.2249326	0.1780268
3232988308.9731784	0.2166181	0.2452491	0.1868247	0.2753881	0.2294255	0.3605422	0.1739494	0.1600627	0.2319108	0.3110581	0.2738441	0.2644640	0.2810887	0.3982545	0.2249290	0.1780317
3232988308.9830666	0.2166224	0.2452556	0.1868357	0.2754049	0.2294106	0.3605407	0.1739549	0.1600739	0.2319170	0.3110679	0.2738482	0.2644671	0.2811164	0.3982723	0.2249209	0.1780235
3232988308.9929547	0.2166240	0.2452703	0.1868225	0.2753959	0.2294151	0.3605287	0.1739321	0.1600774	0.2318911	0.3110669	0.2738590	0.2644619	0.2810774	0.3982959	0.2249478	0.1780216
3232988309.0028429	0.2166199	0.2452404	0.1868279	0.2753976	0.2294050	0.3605586	0.1739442	0.1600663	0.2319176	0.3110574	0.2738534	0.2644650	0.2811051	0.3982830	0.2249160	0.1780072
3232988309.0127311	0.2166315	0.2452468	0.1868153	0.2754042	0.2293988	0.3605446	0.1739485	0.1600712	0.2319075	0.3110649	0.2738460	0.2644617	0.2810871	0.3982741	0.2249355	0.1780361
3232988309.0226192	0.2166152	0.2452486	0.1868250	0.2754044	0.2293980	0.3605584	0.1739441	0.1600712	0.2319151	0.3110558	0.2738578	0.2644779	0.2811067	0.3982647	0.2249469	0.1780251
3232988309.0325074	0.2166279	0.2452834	0.1868305	0.2753808	0.2294060	0.3605363	0.1739307	0.1600752	0.2319120	0.3110539	0.2738558	0.2644710	0.2811002	0.3982696	0.2249288	0.1780181
3232988309.0423956	0.2166133	0.2452505	0.1868174	0.2754007	0.2294083	0.3605448	0.1739271	0.1600606	0.2319043	0.3110625	0.2738578	0.2644660	0.2810955	0.3982542	0.2249495	0.1780242
3232988309.0522838	0.2166120	0.2452529	0.1868371	0.2753792	0.2293966	0.3605228	0.1739527	0.1600597	0.2319182	0.3110674	0.2738564	0.2644432	0.2811061	0.3982645	0.2249490	0.1780330
3232988309.0621700	0.2166382	0.2452615	0.1868296	0.2753883	0.2294230	0.3605424	0.1739368	0.1600726	0.2319226	0.3110609	0.2738535	0.2644723	0.2810870	0.3982791	0.2249259	0.1780154
3232988309.0720582	0.2166075	0.2452544	0.1868123	0.2753999	0.2294221	0.3605428	0.1739427	0.1600733	0.2319242	0.3110565	0.2738629	0.2644554	0.2811026	0.3982549	0.2249479	0.1780288
3232988309.0819464	0.2166244	0.2452646	0.1868310	0.2754075	0.2294110	0.3605468	0.1739666	0.1600532	0.2319033	0.3110658	0.2738555	0.2644580	0.2810845	0.3982479	0.2249453	0.1780285
3232988309.0918345	0.2166343	0.2452477	0.1868388	0.2753976	0.2293817	0.3605261	0.1739360	0.1600850	0.2319035	0.3110508	0.2738399	0.2644654	0.2811041	0.3982721	0.2249489	0.1780102
3232988309.1017227	0.2166353	0.2452473	0.1868093	0.2753792	0.2293986	0.3605417	0.1739421	0.1600640	0.2319167	0.3110533	0.2738221	0.2644495	0.2810941	0.3982623	0.2249337	0.1780191
3232988309.1116109	0.2166221	0.2452489	0.1868205	0.2753933	0.2293878	0.3605281	0.1739326	0.1600367	0.2319144	0.3110647	0.2738479	0.2644314	0.2810844	0.3982436	0.2249421	0.1779982
3232988309.1214991	0.2166204	0.2452402	0.1868328	0.2753848	0.2293962	0.3605384	0.1739241	0.1600841	0.2319105	0.3110576	0.2738632	0.2644510	0.2810937	0.3982403	0.2249342	0.1779976
3232988309.1313872	0.2166201	0.2452539	0.1868100	0.2753925	0.2294137	0.3605192	0.1739597	0.1600631	0.2319071	0.3110547	0.2738407	0.2644530	0.2811220	0.3982607	0.2249398	0.1780224
3232988309.1412754	0.2166239	0.2452480	0.1868358	0.2753780	0.2294051	0.3605348	0.1739478	0.1600839	0.2319134	0.3110513	0.2738392	0.2644666	0.2810920	0.3982694	0.2249269	0.1779953
3232988309.1511636	0.2166165	0.2452550	0.1868308	0.2753954	0.2294086	0.3605127	0.1739479	0.1600571	0.2319172	0.3110433	0.2738578	0.2644427	0.2810852	0.3982650	0.2249374	0.1780157
3232988309.1610503	0.2166246	0.2452441	0.1868209	0.2753951	0.2294047	0.3605397	0.1739296	0.1600725	0.2319119	0.3110548	0.2738399	0.2644601	0.2811027	0.3982517	0.2249280	0.1779908
3232988309.1709385	0.2166122	0.2452567	0.1868168	0.2754025	0.2294050	0.3605282	0.1739508	0.1600551	0.2319221	0.3110625	0.2738367	0.2644515	0.2810951	0.3982535	0.2249193	0.1780265
3232988309.1808267	0.2166329	0.2452585	0.1868281	0.2753772	0.2294000	0.3605214	0.1739489	0.1600626	0.2319149	0.3110410	0.2738457	0.2644510	0.2810949	0.3982579	0.2249547	0.1779951
3232988309.1907148	0.2166170	0.2452500	0.1868293	0.2753843	0.2294157	0.3605247	0.1739713	0.1600779	0.2318955	0.3110526	0.2738553	0.2644531	0.2810975	0.3982508	0.2249267	0.1780019
3232988309.2006030	0.2166073	0.2452460	0.1868142	0.2753764	0.2294096	0.3605408	0.1739483	0.1600632	0.2319045	0.3110472	0.2738569	0.2644481	0.2811007	0.3982518	0.2249342	0.1780098
3232988309.2104912	0.2166100	0.2452639	0.1868368	0.2753999	0.2293947	0.3605263	0.1739253	0.1600668	0.2319095	0.3110411	0.2738414	0.2644398	0.2810923	0.3982434	0.2249395	0.1780084
3232988309.2203794	0.2166153	0.2452509	0.1868104	0.2753721	0.2294016	0.3605181	0.1739390	0.1600528	0.2318989	0.3110474	0.2738622	0.2644612	0.2811027	0.3982531	0.2249159	0.1780035
3232988309.2302675	0.2166380	0.2452285	0.1868175	0.2753838	0.2294161	0.3605212	0.1739326	0.1600595	0.2319201	0.3110292	0.2738438	0.2644486	0.2810894	0.3982584	0.2249208	0.1780084
3232988309.2401557	0.2166256	0.2452532	0.1868312	0.2753916	0.2294073	0.3605300	0.1739611	0.1600430	0.2319053	0.3110544	0.2738608	0.2644379	0.2810814	0.3982458	0.2249348	0.1779991
3232988309.2500439	0.2166116	0.2452252	0.1868361	0.2753911	0.2294114	0.3605460	0.1739389	0.1600671	0.2319035	0.3110525	0.2738592	0.2644346	0.2810922	0.3982457	0.2249344	0.1779934
3232988309.2599301	0.2166174	0.2452351	0.1868340	0.2753930	0.2293896	0.3605115	0.1739440	0.1600517	0.2319203	0.3110525	0.2738446	0.2644421	0.2810952	0.3982522	0.2249206	0.1780025
3232988309.2698183	0.2166157	0.2452548	0.1868141	0.2753712	0.2293847	0.3605338	0.1739338	0.1600784	0.2319040	0.3110587	0.2738454	0.2644152	0.2810874	0.3982403	0.2249220	0.1780109
3232988309.2797065	0.2165983	0.2452422	0.1868333	0.2753997	0.2293992	0.3605110	0.1739437	0.1600691	0.2319092	0.3110412	0.2738480	0.2644472	0.2810908	0.3982351	0.2249385	0.1780241
3232988309.2895946	0.2166070	0.2452365	0.1868312	0.2753964	0.2293946	0.3605396	0.1739465	0.1600770	0.2319033	0.3110516	0.2738352	0.2644604	0.2810911	0.3982751	0.2249434	0.1780172
3232988309.2994828	0.2166270	0.2452270	0.1868236	0.2753866	0.2293949	0.3605268	0.1739468	0.1600553	0.2319088	0.3110527	0.2738512	0.2644444	0.2810996	0.3982390	0.2249251	0.1780343
3232988309.3093710	0.2166094	0.2452451	0.1868349	0.2753793	0.2294207	0.3605354	0.1739317	0.1600714	0.2319212	0.3110522	0.2738224	0.2644421	0.2810993	0.3982509	0.2249402	0.1780000
3232988309.3192592	0.2166031	0.2452340	0.1868284	0.2754054	0.2293894	0.3605252	0.1739206	0.1600469	0.2319038	0.3110650	0.2738667	0.2644437	0.2810954	0.3982501	0.2249298	0.1780183
3232988309.3291473	0.2166243	0.2452407	0.1868057	0.2753842	0.2294064	0.3605173	0.1739294	0.1600533	0.2319205	0.3110599	0.2738477	0.2644556	0.2810950	0.3982459	0.2249214	0.1780007
3232988309.3390355	0.2166231	0.2452506	0.1868476	0.2753891	0.2293955	0.3605192	0.1739435	0.1600844	0.2319127	0.3110526	0.2738334	0.2644419	0.2810956	0.3982496	0.2249229	0.1780242
3232988309.3489237	0.2166307	0.2452348	0.1868399	0.2753863	0.2294176	0.3605346	0.1739503	0.1600384	0.2319190	0.3110612	0.2738503	0.2644414	0.2810882	0.3982541	0.2249371	0.1780050
3232988309.3588099	0.2166281	0.2452410	0.1868170	0.2754012	0.2294122	0.3605232	0.1739431	0.1600622	0.2319041	0.3110304	0.2738594	0.2644435	0.2810989	0.3982422	0.2249266	0.1780174
3232988309.3686981	0.2166215	0.2452567	0.1868287	0.2753997	0.2293933	0.3605133	0.1739399	0.1600524	0.2318891	0.3110473	0.2738622	0.2644604	0.2810994	0.3982469	0.2249434	0.1779963
3232988309.3785863	0.2166191	0.2452555	0.1868044	0.2753817	0.2294139	0.3605155	0.1739362	0.1600623	0.2319172	0.3110502	0.2738490	0.2644360	0.2811073	0.3982378	0.2249258	0.1780273
3232988309.3884745	0.2166221	0.2452481	0.1868284	0.2753857	0.2294002	0.3605246	0.1739442	0.1600473	0.2319141	0.3110436	0.2738560	0.2644418	0.2811040	0.3982553	0.2249331	0.1780094
3232988309.3983626	0.2166179	0.2452457	0.1868401	0.2754071	0.2294148	0.3605324	0.1739441	0.1600607	0.2319339	0.3110457	0.2738699	0.2644376	0.2810939	0.3982446	0.2249314	0.1780081
3232988309.4082508	0.2166200	0.2452275	0.1868322	0.2753800	0.2294040	0.3605312	0.1739498	0.1600492	0.2319218	0.3110376	0.2738201	0.2644272	0.2810779	0.3982402	0.2249300	0.1780038
3232988309.4181390	0.2166102	0.2452815	0.1868092	0.2753868	0.2293986	0.3605257	0.1739542	0.1600694	0.2319206	0.3110378	0.2738594	0.2644571	0.2810916	0.3982325	0.2249468	0.1780222
3232988309.4280272	0.2166262	0.2452447	0.1868425	0.2753821	0.2294120	0.3605255	0.1739325	0.1600466	0.2319303	0.3110369	0.2738396	0.2644464	0.2811060	0.3982384	0.2249413	0.1780094
3232988309.4379153	0.2166195	0.2452463	0.1868259	0.2753870	0.2294013	0.3605204	0.1739330	0.1600625	0.2319045	0.3110372	0.2738458	0.2644543	0.2810974	0.3982450	0.2249258	0.1780066
3232988309.4478035	0.2166255	0.2452342	0.1868106	0.2753978	0.2294022	0.3605289	0.1739385	0.1600648	0.2319214	0.3110410	0.2738189	0.2644549	0.2811101	0.3982472	0.2249248	0.1780022
3232988309.4576902	0.2166340	0.2452516	0.1868318	0.2753754	0.2293961	0.3605228	0.1739360	0.1600699	0.2319174	0.3110371	0.2738345	0.2644333	0.2810925	0.3982648	0.2249360	0.1780054
3232988309.4675784	0.2166190	0.2452528	0.1868235	0.2753690	0.2294231	0.3605162	0.1739439	0.1600443	0.2319053	0.3110347	0.2738461	0.2644598	0.2811015	0.3982482	0.2249343	0.1780146
3232988309.4774666	0.2166210	0.2452377	0.1868299	0.2753819	0.2293920	0.3605230	0.1739469	0.1600658	0.2319011	0.3110609	0.2738414	0.2644464	0.2810827	0.3982549	0.2249354	0.1780005
3232988309.4873548	0.2166093	0.2452458	0.1868341	0.2753710	0.2294066	0.3605321	0.1739412	0.1600596	0.2319129	0.3110558	0.2738506	0.2644509	0.2810925	0.3982203	0.2249263	0.1780091
3232988309.4972429	0.2166126	0.2452513	0.1868357	0.2753746	0.2294132	0.3605260	0.1739478	0.1600547	0.2318979	0.3110345	0.2738311	0.2644517	0.2811007	0.3982518	0.2249304	0.1780082
3232988309.5071311	0.2166136	0.2452597	0.1868436	0.2753887	0.2293956	0.3605006	0.1739496	0.1600513	0.2319101	0.3110534	0.2738527	0.2644348	0.2810973	0.3982416	0.2249328	0.1780110
3232988309.5170193	0.2166288	0.2452532	0.1868146	0.2753807	0.2293955	0.3605208	0.1739477	0.1600698	0.2319200	0.3110381	0.2738439	0.2644305	0.2810908	0.3982467	0.2249443	0.1780084
3232988309.5269074	0.2166238	0.2452383	0.1868162	0.2753817	0.2293923	0.3605142	0.1739544	0.1600583	0.2319123	0.3110380	0.2738502	0.2644690	0.2811011	0.3982399	0.2249407	0.1780164
3232988309.5367956	0.2166064	0.2452419	0.1868220	0.2753734	0.2293986	0.3605256	0.1739502	0.1600498	0.2319150	0.3110487	0.2738433	0.2644531	0.2810911	0.3982454	0.2249286	0.1780168
3232988309.5466838	0.2166210	0.2452361	0.1868160	0.2753992	0.2294137	0.3605282	0.1739509	0.1600666	0.2319055	0.3110478	0.2738499	0.2644155	0.2810910	0.3982373	0.2249372	0.1780166
3232988309.5565701	0.2166390	0.2452521	0.1868265	0.2753817	0.2293977	0.3605175	0.1739494	0.1600747	0.2319077	0.3110600	0.2738571	0.2644283	0.2810952	0.3982428	0.2249337	0.1780045
3232988309.5664582	0.2166042	0.2452394	0.1868411	0.2753904	0.2294300	0.3605004	0.1739448	0.1600705	0.2319027	0.3110631	0.2738356	0.2644511	0.2811057	0.3982484	0.2249147	0.1780103
3232988309.5763464	0.2166361	0.2452521	0.1868382	0.2753875	0.2294185	0.3605101	0.1739456	0.1600634	0.2319017	0.3110454	0.2738363	0.2644533	0.2811040	0.3982451	0.2249338	0.1780045
3232988309.5862346	0.2166208	0.2452510	0.1868317	0.2753803	0.2294079	0.3605193	0.1739332	0.1600579	0.2319171	0.3110577	0.2738509	0.2644431	0.2811046	0.3982444	0.2249368	0.1779980
3232988309.5961227	0.2166278	0.2452357	0.1868173	0.2754029	0.2293955	0.3605381	0.1739444	0.1600673	0.2318985	0.3110512	0.2738586	0.2644517	0.2811009	0.3982297	0.2249131	0.1779961
3232988309.6060109	0.2166143	0.2452590	0.1868373	0.2753889	0.2294155	0.3605074	0.1739437	0.1600611	0.2319264	0.3110238	0.2738594	0.2644512	0.2810933	0.3982419	0.2249325	0.1780134
3232988309.6158991	0.2166180	0.2452465	0.1868163	0.2753885	0.2294011	0.3605130	0.1739329	0.1600650	0.2319051	0.3110310	0.2738450	0.2644510	0.2811070	0.3982437	0.2249305	0.1780101
3232988309.6257873	0.2166257	0.2452432	0.1868320	0.2753807	0.2293993	0.3605204	0.1739341	0.1600481	0.2319192	0.3110342	0.2738290	0.2644375	0.2810885	0.3982341	0.2249331	0.1780319
3232988309.6356754	0.2166089	0.2452403	0.1868222	0.2753609	0.2293880	0.3605119	0.1739437	0.1600638	0.2318978	0.3110442	0.2738417	0.2644447	0.2811008	0.3982497	0.2249348	0.1780070
3232988309.6455636	0.2166224	0.2452428	0.1868222	0.2754043	0.2293934	0.3605139	0.1739321	0.1600622	0.2319199	0.3110662	0.2738378	0.2644189	0.2810961	0.3982438	0.2249233	0.1780069
3232988309.6554499	0.2166300	0.2452413	0.1868269	0.2753840	0.2294042	0.3605374	0.1739438	0.1600622	0.2319114	0.3110413	0.2738409	0.2644348	0.2810848	0.3982423	0.2249517	0.1780090
3232988309.6653380	0.2166053	0.2452417	0.1868262	0.2754014	0.2294118	0.3605255	0.1739453	0.1600665	0.2319193	0.3110313	0.2738584	0.2644525	0.2811079	0.3982448	0.2249323	0.1780205
3232988309.6752262	0.2166194	0.2452351	0.1868273	0.2753842	0.2293964	0.3605267	0.1739417	0.1600690	0.2318934	0.3110527	0.2738493	0.2644490	0.2811072	0.3982486	0.2249241	0.1780047
3232988309.6851144	0.2166342	0.2452467	0.1868119	0.2753969	0.2294204	0.3605178	0.1739332	0.1600626	0.2319002	0.3110351	0.2738639	0.2644403	0.2811051	0.3982261	0.2249336	0.1779962
3232988309.6950026	0.2166122	0.2452386	0.1868342	0.2753755	0.2293887	0.3605083	0.1739262	0.1600570	0.2319107	0.3110460	0.2738532	0.2644398	0.2810922	0.3982481	0.2249146	0.1779923
3232988309.7048907	0.2166170	0.2452358	0.1868310	0.2753928	0.2294054	0.3605157	0.1739373	0.1600566	0.2319054	0.3110459	0.2738550	0.2644360	0.2810774	0.3982521	0.2249306	0.1780185
3232988309.7147789	0.2166171	0.2452545	0.1868367	0.2753920	0.2294060	0.3605183	0.1739383	0.1600606	0.2319161	0.3110444	0.2738327	0.2644393	0.2810856	0.3982602	0.2249376	0.1780092
3232988309.7246671	0.2166390	0.2452472	0.1868299	0.2753674	0.2294227	0.3605107	0.1739386	0.1600555	0.2319114	0.3110336	0.2738446	0.2644336	0.2810918	0.3982385	0.2249314	0.1780219
3232988309.7345552	0.2166263	0.2452183	0.1868509	0.2753819	0.2293905	0.3605339	0.1739275	0.1600480	0.2319143	0.3110420	0.2738369	0.2644421	0.2811002	0.3982418	0.2249289	0.1780134
3232988309.7444434	0.2166187	0.2452509	0.1868250	0.2753711	0.2294042	0.3605009	0.1739366	0.1600626	0.2319077	0.3110426	0.2738406	0.2644309	0.2810908	0.3982377	0.2249290	0.1779952
3232988309.7543302	0.2166197	0.2452476	0.1868477	0.2753695	0.2294021	0.3605232	0.1739339	0.1600498	0.2319087	0.3110407	0.2738521	0.2644493	0.2811024	0.3982522	0.2249205	0.1780009
3232988309.7642183	0.2166305	0.2452618	0.1868389	0.2753919	0.2293854	0.3605154	0.1739540	0.1600598	0.2319080	0.3110549	0.2738374	0.2644313	0.2810880	0.3982531	0.2249533	0.1780216
3232988309.7741065	0.2166124	0.2452497	0.1868364	0.2753845	0.2294004	0.3605192	0.1739353	0.1600631	0.2319072	0.3110248	0.2738577	0.2644449	0.2810785	0.3982360	0.2249273	0.1780033
3232988309.7839947	0.2166193	0.2452292	0.1868193	0.2753785	0.2294044	0.3605231	0.1739472	0.1600512	0.2319202	0.3110465	0.2738287	0.2644454	0.2810956	0.3982337	0.2249370	0.1780125
3232988309.7938828	0.2166205	0.2452511	0.1868340	0.2753700	0.2294023	0.3605164	0.1739227	0.1600704	0.2319015	0.3110507	0.2738402	0.2644390	0.2810731	0.3982562	0.2249106	0.1779953
3232988309.8037710	0.2166189	0.2452482	0.1868295	0.2753673	0.2294087	0.3605084	0.1739441	0.1600511	0.2319112	0.3110400	0.2738390	0.2644434	0.2810824	0.3982526	0.2249359	0.1780127
3232988309.8136592	0.2166341	0.2452514	0.1868353	0.2753809	0.2294092	0.3605236	0.1739337	0.1600639	0.2319158	0.3110496	0.2738445	0.2644740	0.2810957	0.3982446	0.2249293	0.1780217
3232988309.8235474	0.2166264	0.2452436	0.1868353	0.2753871	0.2293911	0.3605229	0.1739387	0.1600670	0.2319040	0.3110331	0.2738632	0.2644256	0.2811022	0.3982523	0.2249332	0.1779956
3232988309.8334355	0.2166327	0.2452355	0.1868240	0.2753772	0.2293904	0.3604993	0.1739336	0.1600460	0.2319300	0.3110640	0.2738591	0.2644417	0.2810962	0.3982476	0.2249360	0.1779985
3232988309.8433237	0.2166186	0.2452530	0.1868190	0.2753785	0.2294068	0.3605292	0.1739313	0.1600783	0.2319124	0.3110485	0.2738533	0.2644451	0.2810960	0.3982510	0.2249224	0.1780189
3232988309.8532100	0.2166121	0.2452311	0.1868080	0.2753828	0.2294040	0.3605403	0.1739441	0.1600619	0.2319086	0.3110419	0.2738475	0.2644400	0.2810814	0.3982333	0.2249258	0.1780012
3232988309.8630981	0.2166138	0.2452373	0.1868238	0.2753785	0.2294092	0.3605138	0.1739337	0.1600576	0.2319280	0.3110476	0.2738448	0.2644412	0.2811164	0.3982382	0.2249450	0.1780217
3232988309.8729863	0.2166259	0.2452440	0.1868109	0.2753697	0.2294070	0.3605286	0.1739641	0.1600557	0.2319187	0.3110481	0.2738362	0.2644416	0.2810988	0.3982432	0.2249371	0.1780069
3232988309.8828745	0.2166129	0.2452258	0.1868186	0.2753934	0.2294128	0.3605252	0.1739530	0.1600621	0.2319160	0.3110304	0.2738498	0.2644547	0.2810793	0.3982517	0.2249400	0.1780072
3232988309.8927627	0.2166438	0.2452423	0.1868215	0.2753820	0.2293958	0.3605190	0.1739436	0.1600382	0.2319100	0.3110557	0.2738458	0.2644444	0.2810810	0.3982587	0.2249300	0.1780168
3232988309.9026508	0.2165876	0.2452406	0.1868297	0.2754042	0.2294015	0.3605309	0.1739513	0.1600609	0.2319190	0.3110578	0.2738416	0.2644536	0.2810852	0.3982470	0.2249445	0.1780128
3232988309.9125390	0.2166194	0.2452542	0.1868268	0.2753925	0.2293887	0.3605219	0.1739316	0.1600525	0.2319085	0.3110390	0.2738352	0.2644347	0.2811033	0.3982435	0.2249220	0.1779946
3232988309.9224272	0.2166101	0.2452441	0.1868326	0.2753900	0.2294183	0.3605243	0.1739369	0.1600942	0.2319291	0.3110476	0.2738515	0.2644427	0.2810821	0.3982551	0.2249389	0.1780074
3232988309.9323153	0.2166285	0.2452434	0.1868259	0.2754017	0.2294015	0.3605280	0.1739395	0.1600779	0.2319073	0.3110469	0.2738630	0.2644491	0.2810913	0.3982389	0.2249248	0.1780145
3232988309.9422035	0.2166131	0.2452602	0.1868274	0.2753776	0.2294128	0.3605199	0.1739397	0.1600671	0.2319428	0.3110480	0.2738505	0.2644489	0.2810962	0.3982468	0.2249347	0.1780054
3232988309.9520903	0.2166111	0.2452569	0.1868277	0.2753882	0.2294073	0.3605245	0.1739412	0.1600522	0.2318921	0.3110440	0.2738326	0.2644611	0.2810978	0.3982518	0.2249270	0.1779975
3232988309.9619784	0.2165978	0.2452540	0.1868312	0.2754038	0.2294095	0.3605267	0.1739413	0.1600636	0.2319087	0.3110526	0.2738599	0.2644481	0.2810791	0.3982591	0.2249407	0.1780124
3232988309.9718666	0.2166292	0.2452245	0.1868275	0.2754093	0.2294096	0.3605322	0.1739436	0.1600656	0.2319137	0.3110413	0.2738401	0.2644423	0.2811003	0.3982456	0.2249248	0.1780121
3232988309.9817548	0.2166223	0.2452359	0.1868356	0.2753902	0.2294122	0.3605312	0.1739502	0.1600650	0.2319091	0.3110525	0.2738441	0.2644587	0.2810956	0.3982400	0.2249368	0.1780179
3232988309.9916430	0.2166342	0.2452622	0.1868118	0.2754032	0.2293973	0.3605282	0.1739411	0.1600542	0.2319127	0.3110466	0.2738394	0.2644498	0.2810897	0.3982435	0.2249483	0.1780041
3232988310.0015311	0.2166362	0.2452527	0.1868412	0.2753834	0.2294101	0.3605302	0.1739507	0.1600696	0.2318971	0.3110643	0.2738502	0.2644513	0.2810811	0.3982524	0.2249335	0.1780167
3232988310.0114193	0.2166288	0.2452326	0.1868218	0.2753985	0.2294115	0.3605311	0.1739359	0.1600662	0.2318957	0.3110467	0.2738384	0.2644519	0.2811075	0.3982428	0.2249344	0.1780124
3232988310.0213075	0.2166028	0.2452780	0.1868228	0.2753899	0.2294021	0.3605224	0.1739449	0.1600692	0.2319013	0.3110450	0.2738707	0.2644587	0.2810723	0.3982561	0.2249162	0.1779995
3232988310.0311956	0.2166181	0.2452279	0.1868174	0.2754011	0.2293965	0.3605387	0.1739704	0.1600659	0.2319119	0.3110432	0.2738342	0.2644385	0.2810918	0.3982363	0.2249344	0.1780087
3232988310.0410838	0.2166139	0.2452559	0.1868195	0.2753870	0.2293975	0.3605328	0.1739529	0.1600615	0.2319145	0.3110576	0.2738461	0.2644438	0.2810905	0.3982433	0.2249310	0.1780044
3232988310.0509701	0.2166163	0.2452469	0.1868288	0.2753735	0.2294114	0.3605286	0.1739242	0.1600511	0.2319180	0.3110487	0.2738381	0.2644603	0.2810914	0.3982570	0.2249285	0.1780096
3232988310.0608582	0.2166124	0.2452377	0.1868369	0.2753961	0.2293980	0.3605377	0.1739495	0.1600532	0.2318992	0.3110439	0.2738537	0.2644281	0.2810798	0.3982511	0.2249192	0.1780048
3232988310.0707464	0.2166279	0.2452373	0.1868294	0.2753869	0.2294024	0.3605194	0.1739338	0.1600494	0.2319107	0.3110454	0.2738529	0.2644340	0.2811018	0.3982499	0.2249327	0.1780170
3232988310.0806346	0.2166061	0.2452527	0.1868315	0.2753701	0.2293854	0.3605405	0.1739456	0.1600627	0.2318926	0.3110429	0.2738475	0.2644596	0.2810845	0.3982638	0.2249297	0.1779901
3232988310.0905228	0.2166069	0.2452491	0.1868365	0.2754015	0.2294100	0.3605397	0.1739308	0.1600573	0.2319103	0.3110588	0.2738486	0.2644449	0.2811090	0.3982519	0.2249225	0.1780165
3232988310.1004109	0.2166220	0.2452662	0.1868315	0.2753993	0.2293910	0.3605200	0.1739375	0.1600716	0.2319111	0.3110498	0.2738390	0.2644425	0.2810927	0.3982457	0.2249280	0.1780081
3232988310.1102991	0.2166157	0.2452427	0.1868260	0.2754035	0.2293891	0.3605325	0.1739358	0.1600728	0.2319107	0.3110502	0.2738548	0.2644606	0.2811087	0.3982488	0.2249326	0.1780273
3232988310.1201873	0.2166103	0.2452612	0.1868244	0.2753863	0.2293954	0.3605414	0.1739225	0.1600685	0.2318996	0.3110376	0.2738466	0.2644645	0.2810892	0.3982489	0.2249420	0.1780127
3232988310.1300755	0.2166435	0.2452583	0.1868222	0.2754008	0.2294186	0.3605377	0.1739432	0.1600693	0.2319082	0.3110786	0.2738562	0.2644459	0.2811022	0.3982356	0.2249226	0.1780251
3232988310.1399636	0.2166239	0.2452601	0.1868208	0.2753939	0.2294118	0.3605300	0.1739445	0.1600606	0.2319300	0.3110472	0.2738372	0.2644382	0.2810976	0.3982685	0.2249372	0.1780131
3232988310.1498499	0.2166121	0.2452525	0.1868332	0.2753943	0.2294008	0.3605387	0.1739540	0.1600722	0.2319199	0.3110272	0.2738524	0.2644537	0.2810949	0.3982574	0.2249230	0.1780018
3232988310.1597381	0.2166064	0.2452453	0.1868347	0.2753868	0.2294125	0.3605195	0.1739458	0.1600494	0.2318991	0.3110515	0.2738465	0.2644679	0.2810994	0.3982462	0.2249346	0.1780071
3232988310.1696262	0.2166024	0.2452529	0.1868219	0.2753938	0.2293890	0.3605313	0.1739402	0.1600723	0.2319186	0.3110689	0.2738425	0.2644504	0.2811019	0.3982438	0.2249136	0.1779916
3232988310.1795144	0.2166215	0.2452386	0.1868208	0.2754035	0.2294051	0.3605558	0.1739501	0.1600453	0.2319122	0.3110368	0.2738360	0.2644365	0.2810922	0.3982592	0.2249205	0.1780123
3232988310.1894026	0.2166261	0.2452576	0.1868379	0.2753862	0.2294077	0.3605267	0.1739571	0.1600674	0.2319166	0.3110620	0.2738379	0.2644430	0.2810964	0.3982730	0.2249290	0.1780227
3232988310.1992908	0.2166384	0.2452426	0.1868342	0.2753926	0.2294210	0.3605309	0.1739543	0.1600439	0.2319081	0.3110504	0.2738473	0.2644492	0.2810970	0.3982451	0.2249390	0.1780128
3232988310.2091789	0.2166303	0.2452396	0.1868235	0.2754007	0.2294087	0.3605410	0.1739388	0.1600436	0.2319118	0.3110525	0.2738356	0.2644684	0.2810901	0.3982545	0.2249303	0.1780245
3232988310.2190671	0.2166311	0.2452540	0.1868363	0.2753974	0.2293784	0.3605389	0.1739258	0.1600803	0.2319027	0.3110686	0.2738286	0.2644516	0.2810875	0.3982661	0.2249326	0.1780093
3232988310.2289553	0.2166031	0.2452399	0.1868235	0.2753882	0.2294160	0.3605290	0.1739390	0.1600564	0.2319057	0.3110548	0.2738457	0.2644392	0.2810849	0.3982450	0.2249222	0.1780292
3232988310.2388434	0.2166128	0.2452645	0.1868250	0.2753812	0.2294070	0.3605426	0.1739423	0.1600590	0.2319153	0.3110347	0.2738215	0.2644526	0.2810826	0.3982761	0.2249348	0.1780325
3232988310.2487302	0.2166196	0.2452501	0.1868297	0.2753885	0.2293925	0.3605442	0.1739446	0.1600694	0.2319176	0.3110612	0.2738462	0.2644609	0.2810835	0.3982519	0.2249471	0.1780153
3232988310.2586184	0.2166179	0.2452598	0.1868382	0.2753975	0.2294139	0.3605157	0.1739387	0.1600667	0.2319188	0.3110529	0.2738628	0.2644566	0.2810917	0.3982503	0.2249352	0.1780172
3232988310.2685065	0.2166207	0.2452389	0.1868376	0.2753904	0.2293778	0.3605349	0.1739465	0.1600540	0.2318983	0.3110504	0.2738350	0.2644641	0.2810829	0.3982598	0.2249421	0.1780096
3232988310.2783947	0.2166182	0.2452707	0.1868186	0.2753921	0.2293878	0.3605533	0.1739325	0.1600695	0.2319146	0.3110600	0.2738397	0.2644455	0.2810867	0.3982668	0.2249329	0.1780197
3232988310.2882829	0.2166265	0.2452496	0.1868343	0.2754086	0.2294031	0.3605274	0.1739373	0.1600553	0.2319127	0.3110642	0.2738502	0.2644672	0.2810843	0.3982802	0.2249339	0.1780187
3232988310.2981710	0.2166314	0.2452630	0.1868290	0.2753970	0.2294235	0.3605494	0.1739480	0.1600837	0.2319022	0.3110461	0.2738410	0.2644444	0.2810975	0.3982423	0.2249295	0.1780168
3232988310.3080592	0.2166111	0.2452478	0.1868405	0.2754091	0.2294110	0.3605452	0.1739546	0.1600441	0.2319221	0.3110779	0.2738485	0.2644416	0.2811025	0.3982545	0.2249350	0.1779978
3232988310.3179474	0.2166134	0.2452592	0.1868335	0.2754030	0.2294016	0.3605432	0.1739398	0.1600746	0.2319200	0.3110622	0.2738298	0.2644421	0.2810999	0.3982737	0.2249450	0.1780183
3232988310.3278356	0.2166154	0.2452468	0.1868260	0.2753892	0.2293916	0.3605335	0.1739310	0.1600479	0.2319226	0.3110571	0.2738533	0.2644530	0.2810945	0.3982598	0.2249384	0.1780100
3232988310.3377237	0.2166105	0.2452533	0.1868409	0.2753870	0.2294029	0.3605292	0.1739278	0.1600818	0.2319084	0.3110587	0.2738420	0.2644499	0.2811007	0.3982679	0.2249324	0.1780089
3232988310.3476100	0.2166170	0.2452584	0.1868329	0.2753973	0.2294146	0.3605346	0.1739522	0.1600644	0.2319101	0.3110425	0.2738294	0.2644593	0.2810960	0.3982746	0.2249224	0.1780227
3232988310.3574982	0.2166208	0.2452655	0.1868408	0.2753891	0.2293922	0.3605596	0.1739403	0.1600715	0.2319199	0.3110544	0.2738467	0.2644543	0.2810937	0.3982808	0.2249343	0.1780260
3232988310.3673863	0.2166192	0.2452639	0.1868440	0.2753934	0.2294115	0.3605289	0.1739555	0.1600668	0.2319209	0.3110726	0.2738501	0.2644577	0.2811080	0.3982595	0.2249369	0.1780239
3232988310.3772745	0.2166242	0.2452510	0.1868228	0.2753814	0.2293971	0.3605415	0.1739474	0.1600738	0.2319125	0.3110473	0.2738541	0.2644526	0.2810934	0.3982606	0.2249421	0.1780090
3232988310.3871627	0.2166021	0.2452498	0.1868258	0.2753820	0.2294132	0.3605230	0.1739312	0.1600580	0.2318934	0.3110846	0.2738569	0.2644597	0.2810838	0.3982575	0.2249400	0.1780234
3232988310.3970509	0.2166040	0.2452540	0.1868287	0.2753778	0.2294050	0.3605385	0.1739294	0.1600805	0.2319213	0.3110610	0.2738471	0.2644640	0.2811005	0.3982644	0.2249486	0.1780238
3232988310.4069390	0.2166117	0.2452443	0.1868360	0.2754044	0.2294008	0.3605391	0.1739497	0.1600707	0.2319227	0.3110587	0.2738563	0.2644544	0.2810938	0.3982573	0.2249417	0.1780314
3232988310.4168272	0.2166280	0.2452608	0.1868275	0.2753831	0.2293975	0.3605547	0.1739601	0.1600812	0.2319205	0.3110498	0.2738450	0.2644744	0.2810952	0.3982859	0.2249461	0.1780161
3232988310.4267154	0.2166214	0.2452556	0.1868222	0.2754045	0.2294013	0.3605319	0.1739310	0.1600653	0.2319211	0.3110466	0.2738399	0.2644613	0.2810921	0.3982693	0.2249265	0.1780092
3232988310.4366035	0.2166168	0.2452654	0.1868309	0.2754008	0.2293889	0.3605450	0.1739344	0.1600692	0.2319228	0.3110574	0.2738389	0.2644718	0.2810792	0.3982657	0.2249493	0.1780080
3232988310.4464903	0.2166332	0.2452423	0.1868341	0.2753961	0.2294082	0.3605233	0.1739242	0.1600612	0.2319206	0.3110455	0.2738411	0.2644581	0.2811055	0.3982718	0.2249260	0.1780377
3232988310.4563785	0.2166263	0.2452658	0.1868442	0.2754085	0.2294124	0.3605459	0.1739532	0.1600554	0.2319192	0.3110473	0.2738368	0.2644501	0.2810971	0.3982672	0.2249515	0.1780120
3232988310.4662666	0.2166159	0.2452709	0.1868321	0.2753920	0.2294117	0.3605362	0.1739517	0.1600717	0.2319135	0.3110537	0.2738441	0.2644509	0.2811004	0.3982633	0.2249408	0.1780233
3232988310.4761548	0.2166159	0.2452422	0.1868232	0.2754105	0.2293965	0.3605351	0.1739436	0.1600630	0.2319111	0.3110479	0.2738406	0.2644755	0.2810994	0.3982721	0.2249228	0.1780009
3232988310.4860430	0.2166274	0.2452549	0.1868197	0.2753960	0.2293897	0.3605313	0.1739597	0.1600830	0.2319125	0.3110630	0.2738553	0.2644623	0.2811091	0.3982597	0.2249483	0.1780274
3232988310.4959311	0.2166099	0.2452574	0.1868563	0.2753975	0.2294175	0.3605405	0.1739266	0.1600629	0.2319155	0.3110510	0.2738567	0.2644512	0.2810864	0.3982690	0.2249373	0.1780138
3232988310.5058193	0.2166186	0.2452671	0.1868259	0.2754010	0.2294055	0.3605465	0.1739309	0.1600744	0.2319301	0.3110580	0.2738552	0.2644469	0.2810881	0.3982679	0.2249393	0.1780218
3232988310.5157075	0.2166188	0.2452589	0.1868282	0.2754058	0.2294103	0.3605515	0.1739454	0.1600729	0.2319319	0.3110783	0.2738563	0.2644635	0.2810913	0.3982507	0.2249455	0.1780210
3232988310.5255957	0.2166178	0.2452545	0.1868405	0.2753793	0.2294208	0.3605524	0.1739465	0.1600790	0.2319156	0.3110657	0.2738451	0.2644548	0.2810797	0.3982605	0.2249289	0.1780342
3232988310.5354838	0.2166230	0.2452613	0.1868359	0.2753985	0.2293869	0.3605421	0.1739402	0.1600584	0.2319149	0.3110629	0.2738614	0.2644516	0.2811070	0.3982728	0.2249364	0.1780118
3232988310.5453701	0.2166131	0.2452561	0.1868221	0.2753796	0.2294133	0.3605357	0.1739498	0.1600759	0.2319154	0.3110615	0.2738635	0.2644601	0.2810921	0.3982870	0.2249339	0.1780245
3232988310.5552583	0.2166094	0.2452645	0.1868450	0.2754067	0.2293965	0.3605503	0.1739414	0.1600785	0.2319321	0.3110721	0.2738438	0.2644565	0.2811228	0.3982649	0.2249293	0.1779983
3232988310.5651464	0.2166229	0.2452594	0.1868404	0.2753888	0.2294251	0.3605707	0.1739432	0.1600670	0.2319015	0.3110587	0.2738552	0.2644621	0.2810834	0.3982889	0.2249256	0.1780101
3232988310.5750346	0.2166332	0.2452465	0.1868306	0.2754191	0.2294033	0.3605317	0.1739545	0.1600754	0.2319065	0.3110549	0.2738427	0.2644529	0.2810961	0.3982555	0.2249396	0.1780234
3232988310.5849228	0.2166114	0.2452517	0.1868165	0.2753995	0.2294025	0.3605578	0.1739389	0.1600875	0.2319123	0.3110461	0.2738606	0.2644596	0.2810976	0.3982799	0.2249488	0.1780230
3232988310.5948110	0.2166225	0.2452472	0.1868219	0.2754046	0.2293998	0.3605421	0.1739341	0.1600560	0.2319014	0.3110619	0.2738554	0.2644544	0.2810961	0.3982640	0.2249406	0.1780222
3232988310.6046991	0.2166090	0.2452584	0.1868236	0.2754006	0.2294177	0.3605565	0.1739520	0.1600868	0.2319027	0.3110612	0.2738451	0.2644463	0.2810896	0.3982646	0.2249289	0.1780201
3232988310.6145873	0.2166170	0.2452643	0.1868167	0.2754062	0.2294112	0.3605464	0.1739352	0.1600729	0.2319100	0.3110668	0.2738468	0.2644466	0.2810912	0.3982642	0.2249431	0.1780285
3232988310.6244755	0.2166238	0.2452611	0.1868446	0.2753970	0.2294204	0.3605360	0.1739479	0.1600832	0.2319154	0.3110584	0.2738473	0.2644631	0.2811169	0.3982639	0.2249468	0.1780286
3232988310.6343636	0.2166227	0.2452446	0.1868290	0.2754067	0.2294017	0.3605250	0.1739575	0.1600743	0.2319179	0.3110568	0.2738534	0.2644617	0.2810918	0.3982712	0.2249449	0.1780343
3232988310.6442499	0.2166296	0.2452628	0.1868366	0.2753936	0.2294028	0.3605523	0.1739491	0.1600751	0.2319210	0.3110385	0.2738513	0.2644548	0.2810873	0.3982758	0.2249358	0.1780146
3232988310.6541381	0.2166185	0.2452313	0.1868291	0.2754049	0.2293933	0.3605484	0.1739324	0.1600565	0.2319023	0.3110537	0.2738349	0.2644571	0.2810894	0.3982707	0.2249378	0.1780218
3232988310.6640263	0.2166083	0.2452532	0.1868279	0.2754050	0.2294071	0.3605560	0.1739366	0.1600760	0.2319036	0.3110672	0.2738427	0.2644699	0.2811170	0.3982855	0.2249456	0.1780006
3232988310.6739144	0.2166294	0.2452693	0.1868193	0.2753996	0.2294186	0.3605494	0.1739512	0.1600681	0.2319163	0.3110487	0.2738618	0.2644387	0.2810963	0.3982796	0.2249273	0.1780095
3232988310.6838026	0.2166364	0.2452514	0.1868339	0.2754066	0.2294078	0.3605432	0.1739431	0.1600656	0.2319117	0.3110500	0.2738568	0.2644867	0.2810824	0.3982992	0.2249421	0.1780273
3232988310.6936908	0.2166090	0.2452408	0.1868339	0.2753938	0.2294034	0.3605392	0.1739314	0.1600760	0.2318968	0.3110664	0.2738407	0.2644518	0.2810925	0.3982585	0.2249262	0.1780137
3232988310.7035789	0.2166159	0.2452554	0.1868334	0.2753982	0.2294051	0.3605349	0.1739345	0.1600702	0.2319098	0.3110487	0.2738347	0.2644676	0.2810891	0.3982573	0.2249353	0.1780106
3232988310.7134671	0.2166299	0.2452424	0.1868171	0.2754056	0.2294024	0.3605487	0.1739353	0.1600675	0.2319127	0.3110550	0.2738373	0.2644693	0.2810802	0.3982546	0.2249383	0.1780151
3232988310.7233553	0.2166243	0.2452544	0.1868312	0.2754068	0.2294139	0.3605419	0.1739419	0.1600882	0.2319182	0.3110674	0.2738445	0.2644568	0.2810940	0.3982541	0.2249486	0.1780285
3232988310.7332435	0.2166326	0.2452664	0.1868330	0.2754141	0.2294188	0.3605426	0.1739569	0.1600675	0.2319307	0.3110760	0.2738544	0.2644488	0.2811130	0.3982717	0.2249334	0.1780111
3232988310.7431302	0.2166184	0.2452627	0.1868443	0.2753958	0.2294175	0.3605441	0.1739506	0.1600787	0.2319039	0.3110698	0.2738548	0.2644483	0.2811111	0.3982729	0.2249368	0.1780300
3232988310.7530184	0.2166091	0.2452603	0.1868250	0.2753941	0.2294085	0.3605374	0.1739429	0.1600596	0.2319145	0.3110780	0.2738405	0.2644594	0.2811032	0.3982818	0.2249118	0.1780159
3232988310.7629065	0.2166229	0.2452711	0.1868089	0.2753974	0.2294209	0.3605357	0.1739266	0.1600600	0.2319192	0.3110616	0.2738487	0.2644606	0.2811075	0.3982598	0.2249358	0.1779976
3232988310.7727947	0.2166206	0.2452566	0.1868207	0.2754110	0.2294039	0.3605499	0.1739458	0.1600764	0.2319183	0.3110596	0.2738511	0.2644722	0.2810947	0.3982767	0.2249323	0.1780124
3232988310.7826829	0.2166149	0.2452401	0.1868491	0.2753886	0.2294167	0.3605426	0.1739424	0.1600798	0.2319189	0.3110534	0.2738525	0.2644717	0.2810966	0.3982706	0.2249347	0.1780250
3232988310.7925711	0.2166365	0.2452467	0.1868294	0.2753864	0.2294270	0.3605197	0.1739552	0.1600714	0.2319202	0.3110576	0.2738542	0.2644528	0.2810904	0.3982718	0.2249469	0.1780370
3232988310.8024592	0.2166169	0.2452725	0.1868162	0.2753934	0.2293969	0.3605545	0.1739428	0.1600684	0.2318996	0.3110576	0.2738569	0.2644777	0.2811138	0.3982665	0.2249464	0.1780190
3232988310.8123474	0.2166120	0.2452817	0.1868276	0.2753891	0.2293828	0.3605433	0.1739456	0.1600420	0.2319134	0.3110470	0.2738684	0.2644511	0.2810896	0.3982760	0.2249341	0.1780246
3232988310.8222356	0.2166292	0.2452607	0.1868409	0.2754098	0.2294177	0.3605280	0.1739369	0.1600517	0.2319187	0.3110686	0.2738326	0.2644737	0.2811023	0.3982602	0.2249328	0.1780286
3232988310.8321238	0.2166230	0.2452745	0.1868162	0.2754011	0.2294159	0.3605320	0.1739467	0.1600616	0.2319089	0.3110778	0.2738609	0.2644621	0.2810759	0.3982749	0.2249262	0.1780125
3232988310.8420100	0.2166145	0.2452415	0.1868317	0.2753950	0.2294175	0.3605470	0.1739449	0.1600783	0.2319050	0.3110636	0.2738429	0.2644574	0.2811008	0.3982633	0.2249488	0.1780247
3232988310.8518982	0.2166270	0.2452614	0.1868245	0.2754026	0.2294061	0.3605334	0.1739424	0.1600600	0.2319047	0.3110714	0.2738559	0.2644691	0.2811054	0.3982672	0.2249230	0.1780281
3232988310.8617864	0.2166229	0.2452711	0.1868295	0.2753900	0.2294031	0.3605413	0.1739508	0.1600728	0.2319281	0.3110633	0.2738344	0.2644629	0.2810955	0.3982801	0.2249432	0.1780249
3232988310.8716745	0.2166021	0.2452615	0.1868142	0.2754071	0.2293962	0.3605444	0.1739375	0.1600676	0.2319149	0.3110667	0.2738542	0.2644608	0.2811071	0.3982623	0.2249387	0.1780228
3232988310.8815627	0.2166175	0.2452613	0.1868458	0.2754062	0.2294167	0.3605520	0.1739425	0.1600670	0.2319156	0.3110640	0.2738474	0.2644660	0.2811150	0.3982743	0.2249257	0.1780035
3232988310.8914509	0.2166318	0.2452471	0.1868314	0.2754004	0.2294169	0.3605504	0.1739502	0.1600721	0.2319180	0.3110684	0.2738578	0.2644787	0.2811061	0.3982789	0.2249405	0.1780183
3232988310.9013391	0.2166210	0.2452584	0.1868234	0.2753958	0.2294115	0.3605536	0.1739544	0.1600563	0.2319191	0.3110619	0.2738431	0.2644747	0.2810903	0.3982681	0.2249302	0.1780237
3232988310.9112272	0.2166057	0.2452612	0.1868272	0.2753958	0.2293954	0.3605326	0.1739268	0.1600751	0.2319260	0.3110482	0.2738406	0.2644462	0.2810891	0.3982879	0.2249280	0.1780125
3232988310.9211154	0.2166161	0.2452550	0.1868199	0.2753909	0.2294009	0.3605467	0.1739371	0.1600718	0.2319042	0.3110627	0.2738459	0.2644494	0.2810866	0.3982637	0.2249316	0.1780276
3232988310.9310036	0.2166203	0.2452584	0.1868331	0.2754067	0.2294117	0.3605582	0.1739526	0.1600740	0.2319170	0.3110573	0.2738681	0.2644650	0.2811020	0.3982863	0.2249255	0.1779963
3232988310.9408903	0.2166243	0.2452468	0.1868308	0.2754033	0.2294240	0.3605423	0.1739411	0.1600492	0.2319145	0.3110669	0.2738544	0.2644650	0.2810905	0.3982685	0.2249362	0.1779985
3232988310.9507785	0.2166346	0.2452657	0.1868393	0.2754033	0.2294222	0.3605436	0.1739503	0.1600634	0.2319117	0.3110490	0.2738546	0.2644643	0.2810986	0.3982795	0.2249528	0.1780077
3232988310.9606667	0.2166186	0.2452617	0.1868285	0.2753899	0.2294190	0.3605466	0.1739504	0.1600584	0.2319170	0.3110613	0.2738475	0.2644622	0.2810923	0.3982791	0.2249326	0.1780358
3232988310.9705548	0.2166284	0.2452678	0.1868235	0.2753785	0.2294010	0.3605279	0.1739332	0.1600561	0.2319205	0.3110577	0.2738538	0.2644470	0.2811028	0.3982913	0.2249500	0.1780097
3232988310.9804430	0.2166259	0.2452713	0.1868422	0.2754053	0.2294021	0.3605414	0.1739426	0.1600829	0.2319244	0.3110700	0.2738323	0.2644682	0.2811102	0.3982552	0.2249266	0.1780153
3232988310.9903312	0.2166410	0.2452703	0.1868363	0.2754120	0.2294165	0.3605620	0.1739519	0.1600608	0.2319132	0.3110516	0.2738596	0.2644598	0.2810876	0.3982656	0.2249527	0.1780239
3232988311.0002193	0.2166222	0.2452697	0.1868271	0.2753918	0.2294221	0.3605426	0.1739618	0.1600653	0.2319205	0.3110766	0.2738488	0.2644640	0.2811018	0.3982678	0.2249347	0.1780287
3232988311.0101075	0.2166360	0.2452660	0.1868244	0.2753993	0.2294049	0.3605421	0.1739308	0.1600771	0.2319265	0.3110631	0.2738540	0.2644642	0.2811083	0.3982831	0.2249225	0.1780141
3232988311.0199957	0.2166139	0.2452639	0.1868426	0.2753829	0.2294046	0.3605264	0.1739303	0.1600497	0.2319357	0.3110679	0.2738568	0.2644462	0.2811043	0.3982739	0.2249293	0.1779977
3232988311.0298839	0.2166138	0.2452436	0.1868316	0.2754064	0.2294122	0.3605370	0.1739393	0.1600627	0.2319214	0.3110616	0.2738375	0.2644572	0.2810897	0.3982890	0.2249349	0.1780108
3232988311.0397701	0.2166177	0.2452597	0.1868325	0.2753988	0.2294099	0.3605357	0.1739554	0.1600667	0.2319040	0.3110671	0.2738565	0.2644523	0.2811071	0.3982673	0.2249234	0.1780143
3232988311.0496583	0.2166199	0.2452476	0.1868419	0.2753966	0.2294111	0.3605393	0.1739575	0.1600604	0.2319269	0.3110391	0.2738656	0.2644683	0.2811284	0.3982753	0.2249251	0.1780161
3232988311.0595465	0.2166187	0.2452509	0.1868319	0.2753998	0.2294069	0.3605548	0.1739450	0.1600884	0.2319097	0.3110579	0.2738632	0.2644638	0.2811133	0.3982731	0.2249539	0.1780185
3232988311.0694346	0.2166185	0.2452666	0.1868107	0.2754123	0.2294165	0.3605574	0.1739344	0.1600803	0.2319326	0.3110733	0.2738631	0.2644530	0.2810954	0.3982584	0.2249375	0.1780116
3232988311.0793228	0.2166390	0.2452636	0.1868097	0.2754000	0.2294042	0.3605377	0.1739526	0.1600876	0.2319299	0.3110689	0.2738427	0.2644699	0.2810957	0.3982645	0.2249638	0.1780392
3232988311.0892110	0.2166338	0.2452437	0.1868554	0.2754017	0.2294120	0.3605504	0.1739579	0.1600777	0.2319188	0.3110671	0.2738632	0.2644547	0.2810996	0.3982606	0.2249440	0.1780204
3232988311.0990992	0.2166133	0.2452476	0.1868406	0.2754039	0.2294169	0.3605396	0.1739471	0.1600670	0.2319212	0.3110546	0.2738598	0.2644406	0.2811023	0.3982904	0.2249505	0.1780368
3232988311.1089873	0.2166299	0.2452731	0.1868359	0.2753901	0.2294041	0.3605518	0.1739611	0.1600594	0.2319123	0.3110693	0.2738470	0.2644598	0.2810852	0.3982631	0.2249525	0.1780538
3232988311.1188755	0.2166081	0.2452685	0.1868166	0.2754002	0.2294198	0.3605539	0.1739384	0.1600735	0.2319220	0.3110449	0.2738543	0.2644471	0.2811058	0.3982702	0.2249415	0.1780305
3232988311.1287637	0.2166275	0.2452529	0.1868313	0.2754044	0.2294011	0.3605527	0.1739311	0.1600604	0.2318982	0.3110613	0.2738544	0.2644542	0.2811050	0.3982640	0.2249378	0.1780044
3232988311.1386499	0.2166300	0.2452766	0.1868429	0.2753885	0.2294210	0.3605427	0.1739569	0.1600600	0.2319227	0.3110461	0.2738455	0.2644589	0.2811010	0.3982573	0.2249360	0.1780116
3232988311.1485381	0.2166126	0.2452669	0.1868371	0.2754023	0.2294159	0.3605186	0.1739334	0.1600698	0.2319230	0.3110483	0.2738578	0.2644510	0.2811147	0.3982543	0.2249331	0.1780224
3232988311.1584263	0.2166233	0.2452592	0.1868295	0.2754031	0.2294229	0.3605253	0.1739499	0.1600637	0.2319182	0.3110424	0.2738578	0.2644549	0.2811014	0.3982666	0.2249345	0.1780201
3232988311.1683145	0.2166273	0.2452534	0.1868350	0.2753951	0.2294276	0.3605414	0.1739478	0.1600628	0.2319266	0.3110668	0.2738477	0.2644425	0.2811103	0.3982558	0.2249362	0.1780133
3232988311.1782026	0.2166320	0.2452517	0.1868441	0.2754043	0.2294162	0.3605249	0.1739420	0.1600709	0.2319140	0.3110470	0.2738654	0.2644573	0.2810892	0.3982622	0.2249361	0.1780201
3232988311.1880908	0.2166271	0.2452399	0.1868284	0.2753908	0.2294116	0.3605456	0.1739386	0.1600633	0.2319295	0.3110592	0.2738602	0.2644674	0.2811162	0.3982707	0.2249482	0.1780174
3232988311.1979790	0.2166362	0.2452492	0.1868401	0.2754066	0.2294099	0.3605316	0.1739694	0.1600908	0.2319224	0.3110622	0.2738534	0.2644472	0.2810941	0.3982768	0.2249531	0.1780245
3232988311.2078671	0.2166101	0.2452664	0.1868319	0.2754082	0.2294111	0.3605447	0.1739507	0.1600636	0.2319250	0.3110597	0.2738605	0.2644532	0.2811016	0.3982604	0.2249307	0.1780184
3232988311.2177553	0.2166339	0.2452769	0.1868216	0.2754080	0.2294270	0.3605328	0.1739535	0.1600616	0.2319179	0.3110540	0.2738561	0.2644494	0.2811042	0.3982685	0.2249288	0.1780088
3232988311.2276435	0.2166150	0.2452661	0.1868235	0.2753832	0.2294143	0.3605310	0.1739366	0.1600641	0.2319111	0.3110497	0.2738496	0.2644661	0.2811384	0.3982600	0.2249351	0.1780193
3232988311.2375302	0.2166199	0.2452475	0.1868235	0.2753935	0.2294073	0.3605451	0.1739329	0.1600747	0.2319111	0.3110636	0.2738653	0.2644545	0.2810926	0.3982794	0.2249395	0.1780424
3232988311.2474184	0.2166387	0.2452503	0.1868356	0.2754124	0.2294220	0.3605559	0.1739479	0.1600583	0.2319204	0.3110490	0.2738554	0.2644517	0.2811069	0.3982714	0.2249489	0.1780459
3232988311.2573066	0.2166311	0.2452489	0.1868239	0.2753826	0.2293987	0.3605565	0.1739451	0.1600937	0.2319285	0.3110457	0.2738494	0.2644407	0.2811127	0.3982773	0.2249360	0.1780113
3232988311.2671947	0.2166066	0.2452605	0.1868268	0.2753960	0.2294043	0.3605310	0.1739449	0.1600525	0.2319193	0.3110544	0.2738530	0.2644501	0.2811018	0.3982670	0.2249472	0.1780023
3232988311.2770829	0.2166149	0.2452547	0.1868376	0.2753823	0.2294105	0.3605492	0.1739497	0.1600668	0.2319058	0.3110428	0.2738711	0.2644540	0.2810875	0.3982542	0.2249420	0.1780284
3232988311.2869711	0.2166104	0.2452671	0.1868314	0.2754084	0.2294140	0.3605148	0.1739315	0.1600789	0.2319108	0.3110621	0.2738493	0.2644477	0.2811100	0.3982590	0.2249123	0.1780192
3232988311.2968593	0.2165980	0.2452561	0.1868322	0.2753950	0.2294046	0.3605254	0.1739458	0.1600630	0.2319098	0.3110553	0.2738593	0.2644518	0.2811090	0.3982595	0.2249322	0.1780052
3232988311.3067474	0.2166260	0.2452680	0.1868386	0.2754043	0.2294186	0.3605230	0.1739592	0.1600660	0.2319233	0.3110525	0.2738373	0.2644444	0.2810988	0.3982772	0.2249351	0.1780338
3232988311.3166356	0.2166396	0.2452579	0.1868333	0.2754114	0.2294160	0.3605371	0.1739679	0.1600789	0.2319144	0.3110527	0.2738396	0.2644647	0.2810998	0.3982794	0.2249302	0.1780223
3232988311.3265238	0.2166091	0.2452695	0.1868235	0.2754011	0.2294055	0.3605251	0.1739398	0.1600652	0.2319187	0.3110671	0.2738473	0.2644387	0.2810906	0.3982680	0.2249399	0.1780005
3232988311.3364100	0.2166346	0.2452668	0.1868400	0.2754028	0.2294207	0.3605285	0.1739355	0.1600682	0.2319179	0.3110551	0.2738622	0.2644483	0.2811004	0.3982514	0.2249365	0.1780157
3232988311.3462982	0.2166275	0.2452456	0.1868387	0.2754072	0.2294178	0.3605344	0.1739461	0.1600687	0.2319135	0.3110485	0.2738737	0.2644476	0.2811125	0.3982558	0.2249310	0.1780294
3232988311.3561864	0.2166265	0.2452471	0.1868292	0.2754072	0.2294007	0.3605465	0.1739512	0.1600597	0.2319222	0.3110462	0.2738552	0.2644374	0.2810921	0.3982627	0.2249485	0.1780133
3232988311.3660746	0.2166357	0.2452550	0.1868258	0.2753940	0.2293961	0.3605391	0.1739427	0.1600488	0.2319203	0.3110425	0.2738518	0.2644529	0.2811065	0.3982593	0.2249572	0.1780166
3232988311.3759627	0.2166429	0.2452502	0.1868529	0.2753898	0.2294215	0.3605423	0.1739342	0.1600490	0.2319084	0.3110429	0.2738735	0.2644651	0.2811047	0.3982699	0.2249336	0.1780109
3232988311.3858509	0.2166246	0.2452516	0.1868260	0.2753794	0.2293948	0.3605413	0.1739275	0.1600746	0.2319123	0.3110627	0.2738353	0.2644703	0.2811242	0.3982670	0.2249365	0.1780139
3232988311.3957391	0.2166119	0.2452476	0.1868207	0.2754013	0.2294110	0.3605449	0.1739378	0.1600886	0.2319093	0.3110601	0.2738558	0.2644527	0.2810858	0.3982698	0.2249295	0.1780111
3232988311.4056272	0.2166328	0.2452677	0.1868304	0.2754080	0.2294221	0.3605189	0.1739612	0.1600558	0.2319038	0.3110581	0.2738527	0.2644315	0.2810902	0.3982513	0.2249493	0.1780250
3232988311.4155154	0.2166265	0.2452671	0.1868456	0.2753821	0.2294068	0.3605589	0.1739592	0.1600953	0.2319171	0.3110474	0.2738617	0.2644506	0.2811070	0.3982490	0.2249361	0.1780041
3232988311.4254036	0.2166180	0.2452718	0.1868493	0.2754113	0.2294054	0.3605478	0.1739498	0.1600569	0.2319312	0.3110496	0.2738488	0.2644481	0.2811138	0.3982470	0.2249429	0.1780234
3232988311.4352903	0.2166229	0.2452694	0.1868260	0.2753946	0.2294272	0.3605361	0.1739398	0.1600727	0.2319151	0.3110587	0.2738367	0.2644615	0.2810877	0.3982648	0.2249430	0.1780267
3232988311.4451785	0.2166218	0.2452464	0.1868441	0.2753911	0.2293998	0.3605329	0.1739664	0.1600685	0.2319033	0.3110513	0.2738556	0.2644477	0.2810979	0.3982337	0.2249379	0.1780264
3232988311.4550667	0.2166399	0.2452545	0.1868365	0.2754029	0.2294135	0.3605583	0.1739483	0.1600729	0.2319208	0.3110442	0.2738460	0.2644595	0.2811134	0.3982530	0.2249273	0.1780069
3232988311.4649549	0.2166400	0.2452330	0.1868440	0.2754033	0.2294016	0.3605371	0.1739471	0.1600768	0.2319246	0.3110396	0.2738549	0.2644762	0.2810898	0.3982633	0.2249487	0.1780191
3232988311.4748430	0.2166481	0.2452652	0.1868362	0.2754083	0.2294114	0.3605459	0.1739458	0.1600630	0.2319302	0.3110394	0.2738601	0.2644520	0.2810853	0.3982626	0.2249301	0.1780109
3232988311.4847312	0.2166209	0.2452616	0.1868286	0.2753888	0.2294136	0.3605279	0.1739445	0.1600763	0.2319063	0.3110574	0.2738594	0.2644449	0.2811041	0.3982642	0.2249455	0.1780250
3232988311.4946194	0.2166284	0.2452579	0.1868241	0.2754060	0.2294198	0.3605387	0.1739645	0.1600635	0.2319071	0.3110382	0.2738579	0.2644590	0.2811089	0.3982608	0.2249484	0.1780167
3232988311.5045075	0.2166258	0.2452483	0.1868272	0.2754030	0.2294050	0.3605277	0.1739504	0.1600744	0.2319226	0.3110567	0.2738570	0.2644668	0.2811023	0.3982690	0.2249388	0.1780059
3232988311.5143957	0.2166432	0.2452480	0.1868405	0.2753995	0.2294251	0.3605621	0.1739767	0.1600762	0.2319233	0.3110539	0.2738464	0.2644657	0.2810964	0.3982516	0.2249442	0.1779925
3232988311.5242839	0.2166186	0.2452564	0.1868355	0.2754025	0.2293970	0.3605381	0.1739520	0.1600695	0.2319166	0.3110484	0.2738700	0.2644342	0.2811057	0.3982694	0.2249427	0.1780148
3232988311.5341701	0.2166474	0.2452357	0.1868375	0.2753802	0.2294148	0.3605643	0.1739490	0.1600675	0.2319232	0.3110458	0.2738717	0.2644350	0.2811069	0.3982586	0.2249466	0.1780209
3232988311.5440583	0.2166262	0.2452445	0.1868317	0.2754099	0.2294230	0.3605416	0.1739496	0.1600745	0.2319411	0.3110472	0.2738668	0.2644538	0.2811014	0.3982520	0.2249470	0.1780204
3232988311.5539465	0.2166326	0.2452554	0.1868269	0.2753898	0.2294190	0.3605353	0.1739487	0.1600694	0.2319313	0.3110520	0.2738484	0.2644554	0.2811021	0.3982800	0.2249349	0.1780176
3232988311.5638347	0.2166308	0.2452503	0.1868290	0.2753883	0.2294214	0.3605418	0.1739406	0.1600683	0.2319259	0.3110576	0.2738525	0.2644488	0.2811124	0.3982454	0.2249343	0.1780217
3232988311.5737228	0.2166292	0.2452465	0.1868441	0.2754105	0.2294215	0.3605432	0.1739553	0.1600667	0.2319232	0.3110490	0.2738628	0.2644504	0.2811012	0.3982515	0.2249325	0.1780054
3232988311.5836110	0.2166322	0.2452621	0.1868340	0.2753933	0.2294159	0.3605271	0.1739597	0.1600458	0.2319025	0.3110490	0.2738582	0.2644626	0.2811047	0.3982509	0.2249491	0.1780101
3232988311.5934992	0.2166311	0.2452565	0.1868435	0.2753862	0.2294283	0.3605450	0.1739419	0.1600718	0.2319077	0.3110693	0.2738370	0.2644705	0.2811109	0.3982747	0.2249353	0.1779962
3232988311.6033874	0.2166279	0.2452794	0.1868300	0.2754091	0.2294102	0.3605495	0.1739399	0.1600634	0.2319061	0.3110517	0.2738541	0.2644659	0.2811159	0.3982737	0.2249210	0.1780129
3232988311.6132755	0.2166297	0.2452697	0.1868548	0.2753866	0.2294167	0.3605428	0.1739379	0.1600591	0.2319191	0.3110560	0.2738501	0.2644691	0.2811079	0.3982792	0.2249451	0.1780103
3232988311.6231637	0.2166296	0.2452504	0.1868255	0.2754010	0.2294379	0.3605529	0.1739559	0.1600542	0.2319138	0.3110433	0.2738659	0.2644614	0.2811119	0.3982511	0.2249273	0.1780172
3232988311.6330500	0.2166485	0.2452521	0.1868461	0.2754030	0.2294230	0.3605533	0.1739747	0.1600729	0.2319153	0.3110670	0.2738727	0.2644543	0.2810998	0.3982604	0.2249512	0.1780242
3232988311.6429381	0.2166332	0.2452521	0.1868425	0.2753994	0.2294006	0.3605451	0.1739460	0.1600724	0.2319173	0.3110477	0.2738512	0.2644550	0.2811215	0.3982802	0.2249354	0.1780278
3232988311.6528263	0.2166506	0.2452717	0.1868257	0.2753959	0.2294036	0.3605394	0.1739523	0.1600482	0.2319330	0.3110599	0.2738520	0.2644556	0.2810945	0.3982519	0.2249293	0.1780166
3232988311.6627145	0.2166233	0.2452613	0.1868307	0.2754070	0.2294215	0.3605503	0.1739416	0.1600617	0.2319055	0.3110619	0.2738561	0.2644472	0.2810948	0.3982530	0.2249274	0.1780327
3232988311.6726027	0.2166269	0.2452405	0.1868406	0.2753856	0.2294080	0.3605412	0.1739349	0.1600853	0.2319232	0.3110571	0.2738593	0.2644513	0.2811051	0.3982465	0.2249311	0.1780217
3232988311.6824908	0.2166392	0.2452562	0.1868424	0.2754088	0.2294183	0.3605512	0.1739640	0.1600776	0.2319135	0.3110600	0.2738578	0.2644689	0.2811198	0.3982636	0.2249450	0.1780201
3232988311.6923790	0.2166338	0.2452560	0.1868307	0.2753917	0.2294098	0.3605465	0.1739417	0.1600833	0.2319059	0.3110449	0.2738658	0.2644612	0.2810961	0.3982569	0.2249300	0.1779978
3232988311.7022672	0.2166260	0.2452594	0.1868387	0.2754171	0.2294292	0.3605325	0.1739623	0.1600650	0.2319312	0.3110421	0.2738648	0.2644400	0.2811080	0.3982562	0.2249398	0.1780300
3232988311.7121553	0.2166214	0.2452762	0.1868282	0.2753955	0.2294228	0.3605438	0.1739260	0.1600603	0.2319097	0.3110436	0.2738394	0.2644592	0.2810871	0.3982791	0.2249528	0.1779945
3232988311.7220435	0.2166230	0.2452527	0.1868594	0.2753942	0.2294041	0.3605458	0.1739437	0.1600699	0.2319052	0.3110403	0.2738470	0.2644484	0.2811012	0.3982656	0.2249350	0.1780170
3232988311.7319303	0.2166473	0.2452472	0.1868445	0.2753994	0.2294211	0.3605300	0.1739521	0.1600602	0.2319235	0.3110586	0.2738576	0.2644549	0.2811143	0.3982707	0.2249486	0.1780103
3232988311.7418184	0.2166292	0.2452656	0.1868477	0.2754193	0.2294007	0.3605526	0.1739617	0.1600748	0.2319178	0.3110663	0.2738657	0.2644436	0.2811226	0.3982647	0.2249414	0.1780233
3232988311.7517066	0.2166302	0.2452480	0.1868491	0.2754003	0.2294116	0.3605441	0.1739469	0.1600763	0.2319174	0.3110569	0.2738697	0.2644485	0.2811020	0.3982819	0.2249324	0.1780282
3232988311.7615948	0.2166232	0.2452704	0.1868196	0.2754107	0.2294103	0.3605464	0.1739469	0.1600677	0.2319208	0.3110599	0.2738679	0.2644529	0.2810974	0.3982613	0.2249462	0.1780354
3232988311.7714829	0.2166266	0.2452543	0.1868327	0.2754084	0.2294086	0.3605485	0.1739500	0.1600854	0.2319231	0.3110740	0.2738398	0.2644619	0.2810937	0.3982728	0.2249338	0.1780307
3232988311.7813711	0.2166304	0.2452667	0.1868448	0.2754042	0.2294317	0.3605466	0.1739505	0.1600682	0.2319139	0.3110416	0.2738640	0.2644490	0.2811150	0.3982868	0.2249344	0.1780156
3232988311.7912593	0.2166340	0.2452666	0.1868385	0.2754002	0.2294163	0.3605666	0.1739573	0.1600647	0.2319290	0.3110659	0.2738361	0.2644703	0.2811000	0.3982654	0.2249387	0.1780353
3232988311.8011475	0.2166220	0.2452628	0.1868303	0.2754058	0.2294184	0.3605471	0.1739631	0.1600562	0.2319252	0.3110723	0.2738601	0.2644621	0.2811153	0.3982564	0.2249327	0.1780356
3232988311.8110356	0.2166417	0.2452566	0.1868376	0.2754077	0.2294130	0.3605466	0.1739444	0.1600646	0.2319170	0.3110565	0.2738612	0.2644689	0.2811066	0.3982608	0.2249433	0.1780278
3232988311.8209238	0.2166266	0.2452518	0.1868402	0.2754046	0.2293926	0.3605534	0.1739490	0.1600773	0.2319281	0.3110769	0.2738373	0.2644677	0.2811000	0.3982858	0.2249450	0.1780284
3232988311.8308101	0.2166291	0.2452554	0.1868357	0.2754046	0.2294258	0.3605647	0.1739508	0.1600417	0.2319158	0.3110751	0.2738520	0.2644534	0.2810982	0.3982560	0.2249422	0.1780357
3232988311.8406982	0.2166410	0.2452566	0.1868445	0.2754166	0.2294212	0.3605665	0.1739582	0.1600761	0.2319284	0.3110585	0.2738594	0.2644574	0.2811053	0.3982809	0.2249475	0.1780143
3232988311.8505864	0.2166437	0.2452719	0.1868691	0.2754021	0.2294198	0.3605449	0.1739433	0.1600640	0.2319425	0.3110658	0.2738790	0.2644642	0.2811140	0.3982766	0.2249476	0.1780254
3232988311.8604746	0.2166296	0.2452683	0.1868448	0.2754119	0.2294117	0.3605493	0.1739486	0.1600674	0.2319102	0.3110520	0.2738609	0.2644612	0.2811217	0.3982653	0.2249389	0.1780124
3232988311.8703628	0.2166371	0.2452669	0.1868533	0.2754020	0.2294077	0.3605506	0.1739498	0.1600679	0.2319268	0.3110639	0.2738406	0.2644654	0.2811027	0.3982681	0.2249470	0.1780202
3232988311.8802509	0.2166326	0.2452569	0.1868395	0.2754083	0.2294288	0.3605740	0.1739730	0.1600767	0.2319247	0.3110523	0.2738593	0.2644542	0.2811024	0.3982739	0.2249369	0.1780228
3232988311.8901391	0.2166396	0.2452753	0.1868258	0.2754075	0.2294214	0.3605325	0.1739604	0.1600606	0.2319096	0.3110526	0.2738685	0.2644714	0.2811069	0.3982685	0.2249336	0.1780150
3232988311.9000273	0.2166280	0.2452783	0.1868457	0.2754252	0.2294145	0.3605589	0.1739590	0.1600774	0.2319199	0.3110640	0.2738473	0.2644608	0.2811038	0.3982801	0.2249327	0.1780205
3232988311.9099154	0.2166400	0.2452640	0.1868373	0.2754069	0.2294324	0.3605339	0.1739476	0.1600660	0.2319165	0.3110694	0.2738721	0.2644629	0.2811024	0.3982603	0.2249395	0.1780155
3232988311.9198036	0.2166114	0.2452612	0.1868369	0.2754189	0.2293987	0.3605512	0.1739375	0.1600997	0.2319102	0.3110751	0.2738625	0.2644653	0.2810983	0.3982708	0.2249269	0.1780179
