3232988272.3776903	0.2210063	0.2422512	0.1903877	0.2734073	0.2826677	0.4227117	0.1286419	0.0928775	0.2309249	0.3045051	0.2746703	0.2606767	0.3466805	0.4651472	0.1591893	0.1007559
3232988272.3875785	0.2210232	0.2422419	0.1903902	0.2734199	0.2826756	0.4227225	0.1286270	0.0928695	0.2309340	0.3044704	0.2746722	0.2606671	0.3466980	0.4651452	0.1591853	0.1007524
3232988272.3974667	0.2210294	0.2422567	0.1904089	0.2734112	0.2826721	0.4227184	0.1286190	0.0928790	0.2309347	0.3044701	0.2746735	0.2606600	0.3466869	0.4651509	0.1591933	0.1007470
3232988272.4073548	0.2210532	0.2422610	0.1904220	0.2734136	0.2826664	0.4227223	0.1286349	0.0928811	0.2309210	0.3044700	0.2746707	0.2606634	0.3466833	0.4651512	0.1591992	0.1007444
3232988272.4172430	0.2210270	0.2422562	0.1904026	0.2734339	0.2826745	0.4227353	0.1286344	0.0928798	0.2309292	0.3044690	0.2746638	0.2606579	0.3466910	0.4651697	0.1591812	0.1007516
3232988272.4271312	0.2210163	0.2422484	0.1903727	0.2734158	0.2826425	0.4227207	0.1286394	0.0928945	0.2309272	0.3044677	0.2746740	0.2606569	0.3466900	0.4651757	0.1591747	0.1007326
3232988272.4370193	0.2210330	0.2422484	0.1903905	0.2734006	0.2826476	0.4227219	0.1286220	0.0928940	0.2309205	0.3044851	0.2746702	0.2606836	0.3466853	0.4651651	0.1591809	0.1007282
3232988272.4469075	0.2210292	0.2422549	0.1903976	0.2734145	0.2826756	0.4227180	0.1286381	0.0928720	0.2309324	0.3044959	0.2746787	0.2606672	0.3466732	0.4651464	0.1591941	0.1007471
3232988272.4567957	0.2210427	0.2422644	0.1903980	0.2734047	0.2826561	0.4227286	0.1286334	0.0928905	0.2309243	0.3044650	0.2746667	0.2606607	0.3467137	0.4651755	0.1591843	0.1007594
3232988272.4666839	0.2210426	0.2422402	0.1903877	0.2734265	0.2826709	0.4226976	0.1286353	0.0928731	0.2309199	0.3044888	0.2746539	0.2606622	0.3467152	0.4651622	0.1592032	0.1007576
3232988272.4765701	0.2210404	0.2422438	0.1903953	0.2734185	0.2826636	0.4227231	0.1286332	0.0928849	0.2309344	0.3045191	0.2746762	0.2606638	0.3466908	0.4651809	0.1591931	0.1007461
3232988272.4864583	0.2210320	0.2422643	0.1904032	0.2734087	0.2826630	0.4227108	0.1286228	0.0928803	0.2309211	0.3044925	0.2746782	0.2606732	0.3466786	0.4651663	0.1591784	0.1007391
3232988272.4963465	0.2210327	0.2422484	0.1903921	0.2733765	0.2826640	0.4227360	0.1286359	0.0928816	0.2309278	0.3045022	0.2746775	0.2606763	0.3466935	0.4651271	0.1591980	0.1007542
3232988272.5062346	0.2210417	0.2422504	0.1903872	0.2734116	0.2826694	0.4227201	0.1286244	0.0928762	0.2309263	0.3044821	0.2746824	0.2606729	0.3466825	0.4651648	0.1591701	0.1007306
3232988272.5161228	0.2210300	0.2422707	0.1903873	0.2733891	0.2826833	0.4227357	0.1286470	0.0928795	0.2309343	0.3044885	0.2746606	0.2606743	0.3466939	0.4651618	0.1591774	0.1007669
3232988272.5260110	0.2210311	0.2422505	0.1904057	0.2733991	0.2826659	0.4227169	0.1286471	0.0928824	0.2309111	0.3044958	0.2746580	0.2606650	0.3466968	0.4651665	0.1591895	0.1007443
3232988272.5358992	0.2210358	0.2422824	0.1903982	0.2733907	0.2826803	0.4227204	0.1286312	0.0928803	0.2309375	0.3044938	0.2746766	0.2606853	0.3466945	0.4651498	0.1591827	0.1007568
3232988272.5457873	0.2210324	0.2422308	0.1903897	0.2734097	0.2826564	0.4227193	0.1286254	0.0928785	0.2309276	0.3044688	0.2746509	0.2606670	0.3466888	0.4651421	0.1591792	0.1007461
3232988272.5556755	0.2210435	0.2422446	0.1903865	0.2734117	0.2826802	0.4227269	0.1286410	0.0928725	0.2309298	0.3044922	0.2746792	0.2606538	0.3466917	0.4651764	0.1591951	0.1007580
3232988272.5655637	0.2210296	0.2422657	0.1903947	0.2734122	0.2826642	0.4227067	0.1286329	0.0928969	0.2309428	0.3044711	0.2746580	0.2606820	0.3466825	0.4651747	0.1592003	0.1007269
3232988272.5754499	0.2210230	0.2422645	0.1903812	0.2734240	0.2826674	0.4227326	0.1286399	0.0929020	0.2309183	0.3044831	0.2746616	0.2606509	0.3467011	0.4651658	0.1591867	0.1007493
3232988272.5853381	0.2210173	0.2422521	0.1903954	0.2734245	0.2826630	0.4227211	0.1286439	0.0928704	0.2309416	0.3044865	0.2746753	0.2606511	0.3466846	0.4651742	0.1591862	0.1007350
3232988272.5952263	0.2210298	0.2422619	0.1903965	0.2734159	0.2826860	0.4227306	0.1286319	0.0928931	0.2309426	0.3044715	0.2746803	0.2606754	0.3466633	0.4651700	0.1591764	0.1007324
3232988272.6051145	0.2210341	0.2422718	0.1903945	0.2734131	0.2826611	0.4227383	0.1286330	0.0928747	0.2309304	0.3044870	0.2746585	0.2606781	0.3466911	0.4651677	0.1591884	0.1007526
3232988272.6150026	0.2210450	0.2422677	0.1904012	0.2734184	0.2826764	0.4227288	0.1286496	0.0928885	0.2309347	0.3044786	0.2746671	0.2606779	0.3466897	0.4651835	0.1591937	0.1007447
3232988272.6248908	0.2210459	0.2422568	0.1903970	0.2734127	0.2826832	0.4227367	0.1286609	0.0928973	0.2309266	0.3044945	0.2746922	0.2606724	0.3466999	0.4651556	0.1591920	0.1007562
3232988272.6347790	0.2210353	0.2422636	0.1903815	0.2734193	0.2826678	0.4227271	0.1286437	0.0928959	0.2309393	0.3044810	0.2746603	0.2606748	0.3466877	0.4651813	0.1591840	0.1007345
3232988272.6446671	0.2210177	0.2422648	0.1903866	0.2734111	0.2826834	0.4227298	0.1286510	0.0928803	0.2309359	0.3044923	0.2746660	0.2606437	0.3466828	0.4651667	0.1591834	0.1007377
3232988272.6545553	0.2210128	0.2422842	0.1903956	0.2734080	0.2826597	0.4227474	0.1286316	0.0928945	0.2309350	0.3044833	0.2746825	0.2606808	0.3466739	0.4651712	0.1591732	0.1007285
3232988272.6644435	0.2210221	0.2422699	0.1904007	0.2734071	0.2826736	0.4227402	0.1286298	0.0928817	0.2309241	0.3044906	0.2746636	0.2606684	0.3466763	0.4651658	0.1591666	0.1007518
3232988272.6743302	0.2210556	0.2422775	0.1904097	0.2734210	0.2826763	0.4227323	0.1286328	0.0928922	0.2309270	0.3044929	0.2746805	0.2606823	0.3466817	0.4651735	0.1591902	0.1007355
3232988272.6842184	0.2210314	0.2422805	0.1903910	0.2734178	0.2826812	0.4227299	0.1286355	0.0928956	0.2309174	0.3044743	0.2746779	0.2606618	0.3466882	0.4651637	0.1591999	0.1007459
3232988272.6941066	0.2210420	0.2422655	0.1904009	0.2734035	0.2826717	0.4227228	0.1286565	0.0928882	0.2309339	0.3044922	0.2746719	0.2606843	0.3466738	0.4651720	0.1591791	0.1007411
3232988272.7039947	0.2210258	0.2422645	0.1903944	0.2734310	0.2826551	0.4227287	0.1286391	0.0928724	0.2309361	0.3044889	0.2746506	0.2606743	0.3466777	0.4651786	0.1591825	0.1007451
3232988272.7138829	0.2210307	0.2422562	0.1903906	0.2734545	0.2826602	0.4227323	0.1286471	0.0928873	0.2309179	0.3045075	0.2746598	0.2606836	0.3466696	0.4651722	0.1591804	0.1007386
3232988272.7237711	0.2210378	0.2422704	0.1903963	0.2734278	0.2826765	0.4227591	0.1286415	0.0929040	0.2309355	0.3044824	0.2746665	0.2606941	0.3466765	0.4651893	0.1591788	0.1007485
3232988272.7336593	0.2210299	0.2422694	0.1903917	0.2734255	0.2826768	0.4227393	0.1286498	0.0928898	0.2309046	0.3044933	0.2746710	0.2606923	0.3466905	0.4651823	0.1591758	0.1007570
3232988272.7435474	0.2210364	0.2422899	0.1903875	0.2734136	0.2826623	0.4227509	0.1286316	0.0928895	0.2309276	0.3044985	0.2746892	0.2606680	0.3467015	0.4651842	0.1592124	0.1007464
3232988272.7534356	0.2210437	0.2422804	0.1903828	0.2734158	0.2826646	0.4227324	0.1286372	0.0928858	0.2309174	0.3044985	0.2746669	0.2606925	0.3466890	0.4651733	0.1591821	0.1007443
3232988272.7633238	0.2210122	0.2422593	0.1903825	0.2734241	0.2826604	0.4227476	0.1286462	0.0928839	0.2309184	0.3044796	0.2746833	0.2606926	0.3466959	0.4651950	0.1591912	0.1007255
3232988272.7732100	0.2210454	0.2422751	0.1904160	0.2734338	0.2826689	0.4227279	0.1286316	0.0928852	0.2309125	0.3044941	0.2747141	0.2606862	0.3466963	0.4651834	0.1591814	0.1007403
3232988272.7830982	0.2210334	0.2422751	0.1904060	0.2734242	0.2826737	0.4227441	0.1286648	0.0928950	0.2309101	0.3044907	0.2746791	0.2606886	0.3466789	0.4652027	0.1591903	0.1007350
3232988272.7929864	0.2210352	0.2422564	0.1904137	0.2734313	0.2826858	0.4227463	0.1286459	0.0928729	0.2309313	0.3044941	0.2746845	0.2606761	0.3466870	0.4651919	0.1591887	0.1007516
3232988272.8028746	0.2210263	0.2422678	0.1903813	0.2734325	0.2826660	0.4227493	0.1286359	0.0928942	0.2309291	0.3045022	0.2746832	0.2606620	0.3466898	0.4651874	0.1591929	0.1007576
3232988272.8127627	0.2210553	0.2422706	0.1903819	0.2734311	0.2826888	0.4227471	0.1286248	0.0929056	0.2309180	0.3044996	0.2746717	0.2606800	0.3466939	0.4651997	0.1591841	0.1007390
3232988272.8226509	0.2210516	0.2422762	0.1903961	0.2734362	0.2826731	0.4227687	0.1286499	0.0928932	0.2309392	0.3045038	0.2746778	0.2606769	0.3466827	0.4652088	0.1592040	0.1007623
3232988272.8325391	0.2210477	0.2422859	0.1903864	0.2734187	0.2826782	0.4227552	0.1286538	0.0928953	0.2309374	0.3045139	0.2746560	0.2607053	0.3466844	0.4652033	0.1591999	0.1007737
3232988272.8424273	0.2210384	0.2422773	0.1903865	0.2734247	0.2826604	0.4227430	0.1286352	0.0928854	0.2309400	0.3045137	0.2746805	0.2607023	0.3467178	0.4652005	0.1591906	0.1007658
3232988272.8523154	0.2210365	0.2422678	0.1903985	0.2734395	0.2826701	0.4227565	0.1286266	0.0928857	0.2309250	0.3045029	0.2746798	0.2606890	0.3467152	0.4652183	0.1591853	0.1007461
3232988272.8622036	0.2210261	0.2422648	0.1903959	0.2734192	0.2826872	0.4227509	0.1286426	0.0928781	0.2309302	0.3044999	0.2746716	0.2606976	0.3466965	0.4652246	0.1591939	0.1007475
3232988272.8720899	0.2210299	0.2422848	0.1903803	0.2734248	0.2826823	0.4227452	0.1286155	0.0928723	0.2309283	0.3044967	0.2746653	0.2607033	0.3466882	0.4652092	0.1591872	0.1007504
3232988272.8819780	0.2210496	0.2422918	0.1904033	0.2734209	0.2826596	0.4227557	0.1286379	0.0928827	0.2309377	0.3044979	0.2746806	0.2607144	0.3467122	0.4652229	0.1591784	0.1007412
3232988272.8918662	0.2210297	0.2422835	0.1903919	0.2734263	0.2826844	0.4227687	0.1286547	0.0929060	0.2309384	0.3045102	0.2746697	0.2606953	0.3466843	0.4652186	0.1591811	0.1007402
3232988272.9017544	0.2210232	0.2422777	0.1903965	0.2734364	0.2826702	0.4227713	0.1286291	0.0928814	0.2309324	0.3045108	0.2746891	0.2607031	0.3467019	0.4652059	0.1591729	0.1007404
3232988272.9116425	0.2210311	0.2422682	0.1903878	0.2734172	0.2826613	0.4227755	0.1286445	0.0928895	0.2309249	0.3045064	0.2746738	0.2607182	0.3466944	0.4652344	0.1591880	0.1007734
3232988272.9215307	0.2210474	0.2422968	0.1903817	0.2734390	0.2826579	0.4227779	0.1286313	0.0928916	0.2309225	0.3045165	0.2746696	0.2607193	0.3466938	0.4652102	0.1592049	0.1007504
3232988272.9314189	0.2210498	0.2422955	0.1903953	0.2734271	0.2826885	0.4227682	0.1286520	0.0928982	0.2309260	0.3045190	0.2746836	0.2607086	0.3466793	0.4652216	0.1591863	0.1007533
3232988272.9413071	0.2210417	0.2423035	0.1903937	0.2734350	0.2826827	0.4227918	0.1286491	0.0928997	0.2309313	0.3045168	0.2746759	0.2607043	0.3467085	0.4652240	0.1591949	0.1007312
3232988272.9511952	0.2210447	0.2422769	0.1903907	0.2734555	0.2826715	0.4227796	0.1286350	0.0928849	0.2309338	0.3045148	0.2746928	0.2607138	0.3466966	0.4652004	0.1591815	0.1007453
3232988272.9610834	0.2210342	0.2422965	0.1903775	0.2734469	0.2826737	0.4227640	0.1286317	0.0929038	0.2309335	0.3045249	0.2746848	0.2606995	0.3467128	0.4652263	0.1591796	0.1007540
3232988272.9709702	0.2210442	0.2422967	0.1903903	0.2734242	0.2826622	0.4227860	0.1286509	0.0928863	0.2309348	0.3045189	0.2746854	0.2606942	0.3467066	0.4652073	0.1591791	0.1007576
3232988272.9808583	0.2210282	0.2422934	0.1904090	0.2734346	0.2826776	0.4227869	0.1286404	0.0928927	0.2309219	0.3045322	0.2747006	0.2607245	0.3466824	0.4652200	0.1591699	0.1007437
3232988272.9907465	0.2210498	0.2422779	0.1903881	0.2734666	0.2826733	0.4227995	0.1286505	0.0928835	0.2309221	0.3045136	0.2746730	0.2607023	0.3466916	0.4652241	0.1591751	0.1007411
3232988273.0006347	0.2210311	0.2422966	0.1903972	0.2734501	0.2826734	0.4227838	0.1286337	0.0928995	0.2309371	0.3045323	0.2746872	0.2607118	0.3466987	0.4652303	0.1591838	0.1007656
3232988273.0105228	0.2210414	0.2422825	0.1904012	0.2734513	0.2826668	0.4227949	0.1286324	0.0928807	0.2309413	0.3045249	0.2746725	0.2607155	0.3466985	0.4652351	0.1591940	0.1007635
3232988273.0204110	0.2210097	0.2422953	0.1904041	0.2734552	0.2826886	0.4227863	0.1286493	0.0929068	0.2309361	0.3045347	0.2746681	0.2606973	0.3467039	0.4652333	0.1591905	0.1007407
3232988273.0302992	0.2210405	0.2423047	0.1904119	0.2734557	0.2826583	0.4227968	0.1286515	0.0929032	0.2309531	0.3045397	0.2747000	0.2607003	0.3467065	0.4652537	0.1591867	0.1007479
3232988273.0401874	0.2210394	0.2423051	0.1903867	0.2734752	0.2826820	0.4228076	0.1286450	0.0929187	0.2309517	0.3045142	0.2746499	0.2607215	0.3466997	0.4652502	0.1591806	0.1007410
3232988273.0500755	0.2210480	0.2422908	0.1904126	0.2734549	0.2826655	0.4227985	0.1286449	0.0928866	0.2309351	0.3045150	0.2746851	0.2607200	0.3467095	0.4652424	0.1592052	0.1007772
3232988273.0599637	0.2210377	0.2423021	0.1903974	0.2734685	0.2826727	0.4228247	0.1286499	0.0928916	0.2309306	0.3045280	0.2746919	0.2607136	0.3467069	0.4652275	0.1592135	0.1007696
3232988273.0698500	0.2210387	0.2422969	0.1903719	0.2734529	0.2826830	0.4228093	0.1286469	0.0929095	0.2309350	0.3045391	0.2746703	0.2607163	0.3467039	0.4652526	0.1591902	0.1007506
3232988273.0797381	0.2210426	0.2423015	0.1903956	0.2734484	0.2826808	0.4228167	0.1286275	0.0929073	0.2309306	0.3045276	0.2746762	0.2607132	0.3466941	0.4652427	0.1591802	0.1007482
3232988273.0896263	0.2210518	0.2423175	0.1903910	0.2734508	0.2826941	0.4228140	0.1286304	0.0928942	0.2309329	0.3045136	0.2746815	0.2607095	0.3466905	0.4652531	0.1592051	0.1007761
3232988273.0995145	0.2210579	0.2423104	0.1904084	0.2734816	0.2827037	0.4227996	0.1286553	0.0928875	0.2309303	0.3045414	0.2746792	0.2607143	0.3467228	0.4652429	0.1591732	0.1007471
3232988273.1094027	0.2210423	0.2422978	0.1904030	0.2734649	0.2826840	0.4228262	0.1286346	0.0929022	0.2309231	0.3045338	0.2747016	0.2607316	0.3467011	0.4652719	0.1591870	0.1007592
3232988273.1192908	0.2210333	0.2423065	0.1904087	0.2734660	0.2826932	0.4228128	0.1286421	0.0928832	0.2309294	0.3045418	0.2746925	0.2607236	0.3467051	0.4652352	0.1591858	0.1007539
3232988273.1291790	0.2210410	0.2423093	0.1903711	0.2734740	0.2826799	0.4228238	0.1286360	0.0928930	0.2309319	0.3045379	0.2746752	0.2607276	0.3466920	0.4652436	0.1591944	0.1007718
3232988273.1390672	0.2210441	0.2423200	0.1904005	0.2734640	0.2826810	0.4228141	0.1286396	0.0928944	0.2309333	0.3045678	0.2746856	0.2607300	0.3466968	0.4652648	0.1591870	0.1007549
3232988273.1489553	0.2210550	0.2423217	0.1904102	0.2734701	0.2826862	0.4228122	0.1286427	0.0929092	0.2309339	0.3045611	0.2746849	0.2607335	0.3466948	0.4652479	0.1591991	0.1007498
3232988273.1588435	0.2210626	0.2423224	0.1904059	0.2734779	0.2826847	0.4228198	0.1286419	0.0929127	0.2309428	0.3045510	0.2746959	0.2607152	0.3466912	0.4652535	0.1591991	0.1007821
3232988273.1687303	0.2210382	0.2423144	0.1904063	0.2734925	0.2826728	0.4228171	0.1286552	0.0929138	0.2309328	0.3045481	0.2746758	0.2607205	0.3467060	0.4652641	0.1591943	0.1007506
3232988273.1786184	0.2210239	0.2423215	0.1904143	0.2734814	0.2826763	0.4228209	0.1286369	0.0929064	0.2309404	0.3045517	0.2746959	0.2607437	0.3466831	0.4652714	0.1591868	0.1007719
3232988273.1885066	0.2210649	0.2423034	0.1903829	0.2734615	0.2826878	0.4228295	0.1286475	0.0928967	0.2309268	0.3045435	0.2746772	0.2607353	0.3467246	0.4652614	0.1591828	0.1007735
3232988273.1983948	0.2210346	0.2423121	0.1904002	0.2734814	0.2826810	0.4228272	0.1286467	0.0929004	0.2309189	0.3045450	0.2746812	0.2607335	0.3467232	0.4652736	0.1591888	0.1007748
3232988273.2082829	0.2210481	0.2423054	0.1904163	0.2734759	0.2826794	0.4228238	0.1286736	0.0929179	0.2309251	0.3045527	0.2746742	0.2607395	0.3466994	0.4652779	0.1591769	0.1007797
3232988273.2181711	0.2210378	0.2423193	0.1903937	0.2734912	0.2826952	0.4228291	0.1286550	0.0929072	0.2309373	0.3045643	0.2746881	0.2607288	0.3466958	0.4652823	0.1591922	0.1007625
3232988273.2280593	0.2210394	0.2423170	0.1903957	0.2734760	0.2826739	0.4228226	0.1286444	0.0929227	0.2309383	0.3045426	0.2746748	0.2607267	0.3466978	0.4652529	0.1591738	0.1007766
3232988273.2379475	0.2210223	0.2423247	0.1903982	0.2734772	0.2826821	0.4228436	0.1286516	0.0928812	0.2309381	0.3045491	0.2746879	0.2607232	0.3467020	0.4652860	0.1591844	0.1007616
3232988273.2478356	0.2210531	0.2423052	0.1904004	0.2734771	0.2826949	0.4228367	0.1286532	0.0929051	0.2309411	0.3045602	0.2746852	0.2607416	0.3466938	0.4652915	0.1591807	0.1007718
3232988273.2577238	0.2210327	0.2423083	0.1904186	0.2734993	0.2826897	0.4228222	0.1286449	0.0929178	0.2309414	0.3045508	0.2746694	0.2607184	0.3466977	0.4652922	0.1592118	0.1007848
3232988273.2676101	0.2210486	0.2423292	0.1904006	0.2734737	0.2826782	0.4228212	0.1286502	0.0929123	0.2309507	0.3045551	0.2746829	0.2607451	0.3467112	0.4652696	0.1591885	0.1007918
3232988273.2774982	0.2210325	0.2423141	0.1904077	0.2734713	0.2826704	0.4228284	0.1286240	0.0929002	0.2309366	0.3045638	0.2746785	0.2607364	0.3467206	0.4652615	0.1591939	0.1007708
3232988273.2873864	0.2210388	0.2423103	0.1903992	0.2734853	0.2826607	0.4228408	0.1286321	0.0928907	0.2309221	0.3045604	0.2746821	0.2607195	0.3467070	0.4652877	0.1591823	0.1007639
3232988273.2972746	0.2210339	0.2423132	0.1904068	0.2734852	0.2826864	0.4228205	0.1286500	0.0929097	0.2309202	0.3045719	0.2746715	0.2607445	0.3466949	0.4652775	0.1591887	0.1007723
3232988273.3071628	0.2210266	0.2423375	0.1904075	0.2734886	0.2826693	0.4228471	0.1286495	0.0929201	0.2309359	0.3045702	0.2746960	0.2607398	0.3467024	0.4652924	0.1591801	0.1007798
3232988273.3170509	0.2210471	0.2423039	0.1904172	0.2734840	0.2826721	0.4228367	0.1286415	0.0929104	0.2309602	0.3045658	0.2746892	0.2607324	0.3466996	0.4652889	0.1591866	0.1007783
3232988273.3269391	0.2210443	0.2423345	0.1904035	0.2734921	0.2826871	0.4228243	0.1286445	0.0928929	0.2309570	0.3045646	0.2746694	0.2607168	0.3467107	0.4652960	0.1591812	0.1007531
3232988273.3368273	0.2210444	0.2423063	0.1903910	0.2735058	0.2826893	0.4228241	0.1286443	0.0929050	0.2309105	0.3045642	0.2746907	0.2607340	0.3467061	0.4652757	0.1591997	0.1007684
3232988273.3467154	0.2210374	0.2423238	0.1903928	0.2734774	0.2826728	0.4228420	0.1286296	0.0929075	0.2309225	0.3045473	0.2746761	0.2607213	0.3467032	0.4652792	0.1591983	0.1007686
3232988273.3566036	0.2210340	0.2423209	0.1904097	0.2734914	0.2826834	0.4228587	0.1286626	0.0929054	0.2309353	0.3045636	0.2746610	0.2607351	0.3467005	0.4652939	0.1591774	0.1007758
3232988273.3664899	0.2210546	0.2423275	0.1904225	0.2734814	0.2827000	0.4228335	0.1286466	0.0929231	0.2309481	0.3045645	0.2746798	0.2607336	0.3466971	0.4652776	0.1591936	0.1007748
3232988273.3763781	0.2210319	0.2423297	0.1904148	0.2734949	0.2826738	0.4228250	0.1286506	0.0929161	0.2309337	0.3045677	0.2746878	0.2607299	0.3466963	0.4652753	0.1591934	0.1007909
3232988273.3862662	0.2210387	0.2423430	0.1903933	0.2734597	0.2826882	0.4228458	0.1286537	0.0929153	0.2309552	0.3045786	0.2746838	0.2607390	0.3467166	0.4652773	0.1591874	0.1007834
3232988273.3961544	0.2210316	0.2423181	0.1903993	0.2734879	0.2826751	0.4228219	0.1286500	0.0929026	0.2309345	0.3045570	0.2746816	0.2607277	0.3466989	0.4652974	0.1592098	0.1007699
3232988273.4060426	0.2210403	0.2423154	0.1904000	0.2734927	0.2826699	0.4228546	0.1286411	0.0929287	0.2309350	0.3045647	0.2746644	0.2607513	0.3467106	0.4653039	0.1592005	0.1007654
3232988273.4159307	0.2210524	0.2423344	0.1903842	0.2734932	0.2826985	0.4228331	0.1286552	0.0928930	0.2309422	0.3045341	0.2746716	0.2607491	0.3467041	0.4653187	0.1591974	0.1007767
3232988273.4258189	0.2210597	0.2423180	0.1904182	0.2734809	0.2826830	0.4228612	0.1286473	0.0929057	0.2309428	0.3045676	0.2746841	0.2607338	0.3466972	0.4652839	0.1591889	0.1007596
3232988273.4357071	0.2210237	0.2423163	0.1904162	0.2734772	0.2826802	0.4228517	0.1286335	0.0929117	0.2309353	0.3045733	0.2746945	0.2607386	0.3467032	0.4652894	0.1591872	0.1007862
3232988273.4455953	0.2210273	0.2423284	0.1903936	0.2734878	0.2826815	0.4228638	0.1286404	0.0928938	0.2309268	0.3045637	0.2746837	0.2607358	0.3467052	0.4652915	0.1591895	0.1007772
3232988273.4554834	0.2210495	0.2423174	0.1904005	0.2734896	0.2826859	0.4228376	0.1286542	0.0928966	0.2309366	0.3045699	0.2746885	0.2607313	0.3467092	0.4652935	0.1591830	0.1007707
3232988273.4653702	0.2210409	0.2423305	0.1904059	0.2734966	0.2826982	0.4228456	0.1286600	0.0928979	0.2309463	0.3045814	0.2746837	0.2607638	0.3467026	0.4652950	0.1591856	0.1007684
3232988273.4752583	0.2210470	0.2423218	0.1904023	0.2734910	0.2826667	0.4228595	0.1286625	0.0929146	0.2309338	0.3045641	0.2746865	0.2607516	0.3467110	0.4653047	0.1592156	0.1007772
3232988273.4851465	0.2210415	0.2423356	0.1903986	0.2735044	0.2826772	0.4228485	0.1286314	0.0929147	0.2309523	0.3045714	0.2746784	0.2607395	0.3467010	0.4652897	0.1591964	0.1007780
3232988273.4950347	0.2210601	0.2423355	0.1903870	0.2734987	0.2826762	0.4228526	0.1286557	0.0929042	0.2309352	0.3045702	0.2746790	0.2607458	0.3467049	0.4652848	0.1592071	0.1007742
3232988273.5049229	0.2210442	0.2423429	0.1904064	0.2734825	0.2826945	0.4228526	0.1286423	0.0928923	0.2309439	0.3045574	0.2746790	0.2607493	0.3466888	0.4653036	0.1591789	0.1007878
3232988273.5148110	0.2210408	0.2423250	0.1903832	0.2734972	0.2826885	0.4228396	0.1286572	0.0928974	0.2309194	0.3045656	0.2746861	0.2607557	0.3467095	0.4652938	0.1592025	0.1007812
3232988273.5246992	0.2210380	0.2423359	0.1904092	0.2734783	0.2827004	0.4228551	0.1286624	0.0929240	0.2309248	0.3045771	0.2746884	0.2607427	0.3467094	0.4652975	0.1591928	0.1007776
3232988273.5345874	0.2210407	0.2423221	0.1904034	0.2734894	0.2826823	0.4228449	0.1286405	0.0928951	0.2309217	0.3045827	0.2746831	0.2607453	0.3467130	0.4652897	0.1591936	0.1007777
3232988273.5444756	0.2210222	0.2422912	0.1903918	0.2734897	0.2826670	0.4228564	0.1286346	0.0929068	0.2309189	0.3045754	0.2746922	0.2607581	0.3467052	0.4653149	0.1591815	0.1007706
3232988273.5543637	0.2210490	0.2423295	0.1903913	0.2734644	0.2826631	0.4228407	0.1286213	0.0928910	0.2309436	0.3045746	0.2746759	0.2607408	0.3467079	0.4652915	0.1591845	0.1007698
3232988273.5642500	0.2210358	0.2423427	0.1904219	0.2734979	0.2826832	0.4228497	0.1286510	0.0929060	0.2309160	0.3045614	0.2746859	0.2607471	0.3467104	0.4653040	0.1591870	0.1007648
3232988273.5741382	0.2210391	0.2423236	0.1904041	0.2735021	0.2826628	0.4228484	0.1286341	0.0929148	0.2309330	0.3045717	0.2746859	0.2607382	0.3467140	0.4653001	0.1591904	0.1007771
3232988273.5840263	0.2210411	0.2423277	0.1904371	0.2734979	0.2826699	0.4228541	0.1286506	0.0929083	0.2309424	0.3045629	0.2746996	0.2607418	0.3466950	0.4653007	0.1591833	0.1007566
3232988273.5939145	0.2210426	0.2423150	0.1904123	0.2735038	0.2826841	0.4228537	0.1286552	0.0929236	0.2309359	0.3045696	0.2746890	0.2607491	0.3467093	0.4652893	0.1591910	0.1007679
3232988273.6038027	0.2210566	0.2423230	0.1903942	0.2735134	0.2826992	0.4228449	0.1286377	0.0929186	0.2309540	0.3045782	0.2746792	0.2607460	0.3466981	0.4653210	0.1591843	0.1007793
3232988273.6136909	0.2210457	0.2423200	0.1903976	0.2735212	0.2826829	0.4228439	0.1286588	0.0929090	0.2309338	0.3045840	0.2746870	0.2607516	0.3467213	0.4653125	0.1591899	0.1007745
3232988273.6235790	0.2210299	0.2423386	0.1903998	0.2734989	0.2826911	0.4228564	0.1286473	0.0929137	0.2309550	0.3045834	0.2746797	0.2607535	0.3467133	0.4653264	0.1591978	0.1007781
3232988273.6334672	0.2210666	0.2423422	0.1904099	0.2734974	0.2826931	0.4228621	0.1286556	0.0929162	0.2309543	0.3045620	0.2746915	0.2607478	0.3467064	0.4652998	0.1591844	0.1007850
3232988273.6433554	0.2210485	0.2423269	0.1904241	0.2734932	0.2826847	0.4228595	0.1286352	0.0929042	0.2309382	0.3045727	0.2746828	0.2607459	0.3467155	0.4653184	0.1591885	0.1007663
3232988273.6532435	0.2210315	0.2423466	0.1903995	0.2734989	0.2826863	0.4228546	0.1286325	0.0929208	0.2309534	0.3045797	0.2747006	0.2607533	0.3467054	0.4653184	0.1592001	0.1007848
3232988273.6631303	0.2210431	0.2423263	0.1904130	0.2735125	0.2827028	0.4228574	0.1286480	0.0928887	0.2309285	0.3045866	0.2746814	0.2607603	0.3467088	0.4653187	0.1592092	0.1007644
3232988273.6730185	0.2210606	0.2423412	0.1904137	0.2734974	0.2826929	0.4228499	0.1286350	0.0929189	0.2309489	0.3045938	0.2746880	0.2607454	0.3467146	0.4653244	0.1592122	0.1007811
3232988273.6829066	0.2210559	0.2423306	0.1903945	0.2735065	0.2826996	0.4228761	0.1286381	0.0929141	0.2309350	0.3045876	0.2746763	0.2607748	0.3467225	0.4653287	0.1592030	0.1007834
3232988273.6927948	0.2210634	0.2423294	0.1904103	0.2734817	0.2826695	0.4228631	0.1286369	0.0929197	0.2309519	0.3045974	0.2746854	0.2607560	0.3467182	0.4653270	0.1592069	0.1007879
3232988273.7026830	0.2210443	0.2423277	0.1904124	0.2734983	0.2826878	0.4228610	0.1286422	0.0929174	0.2309435	0.3045752	0.2746936	0.2607509	0.3467070	0.4653228	0.1591857	0.1007651
3232988273.7125711	0.2210326	0.2423437	0.1904002	0.2735059	0.2826998	0.4228670	0.1286237	0.0929146	0.2309590	0.3045777	0.2746765	0.2607765	0.3466983	0.4653010	0.1592036	0.1007637
3232988273.7224593	0.2210411	0.2423327	0.1903923	0.2735109	0.2826744	0.4228605	0.1286437	0.0929219	0.2309489	0.3045910	0.2746960	0.2607689	0.3467316	0.4653181	0.1591827	0.1007798
3232988273.7323475	0.2210552	0.2423513	0.1904147	0.2734863	0.2826848	0.4228587	0.1286456	0.0929281	0.2309588	0.3045960	0.2746963	0.2607641	0.3467162	0.4653311	0.1592165	0.1007863
3232988273.7422357	0.2210409	0.2423503	0.1904198	0.2735175	0.2826876	0.4228656	0.1286274	0.0929180	0.2309450	0.3045976	0.2747041	0.2607758	0.3467119	0.4653053	0.1591926	0.1007826
3232988273.7521238	0.2210503	0.2423175	0.1904221	0.2735127	0.2826899	0.4228648	0.1286675	0.0929026	0.2309307	0.3045736	0.2746847	0.2607648	0.3467199	0.4653140	0.1592000	0.1007942
3232988273.7620101	0.2210372	0.2423488	0.1904145	0.2735118	0.2827038	0.4228624	0.1286299	0.0929146	0.2309567	0.3045781	0.2746859	0.2607606	0.3466936	0.4653324	0.1591857	0.1007772
3232988273.7718983	0.2210553	0.2423545	0.1903904	0.2735244	0.2826703	0.4228684	0.1286456	0.0929088	0.2309571	0.3045800	0.2746840	0.2607547	0.3467233	0.4653293	0.1592033	0.1007636
3232988273.7817864	0.2210410	0.2423333	0.1904160	0.2735039	0.2826738	0.4228781	0.1286268	0.0929122	0.2309455	0.3045924	0.2746953	0.2607584	0.3467195	0.4653311	0.1591979	0.1007648
3232988273.7916746	0.2210578	0.2423358	0.1904010	0.2734902	0.2826983	0.4228858	0.1286609	0.0929039	0.2309671	0.3045808	0.2746914	0.2607615	0.3467385	0.4653292	0.1592119	0.1007859
3232988273.8015628	0.2210565	0.2423319	0.1904016	0.2734936	0.2827017	0.4228827	0.1286560	0.0928931	0.2309454	0.3045864	0.2746850	0.2607616	0.3467228	0.4653192	0.1592103	0.1007607
3232988273.8114510	0.2210526	0.2423231	0.1904054	0.2735220	0.2826860	0.4228561	0.1286383	0.0929289	0.2309393	0.3045736	0.2746961	0.2607604	0.3467382	0.4653225	0.1591918	0.1007638
3232988273.8213391	0.2210458	0.2423438	0.1904081	0.2734986	0.2826830	0.4228771	0.1286513	0.0929144	0.2309337	0.3046045	0.2746925	0.2607438	0.3467243	0.4653297	0.1591760	0.1007945
3232988273.8312273	0.2210538	0.2423496	0.1904020	0.2735182	0.2827060	0.4228782	0.1286515	0.0929128	0.2309364	0.3045943	0.2746825	0.2607538	0.3467113	0.4653238	0.1592052	0.1007829
3232988273.8411155	0.2210519	0.2423325	0.1904170	0.2735044	0.2826874	0.4228849	0.1286517	0.0929091	0.2309554	0.3045965	0.2746883	0.2607795	0.3467178	0.4653282	0.1591970	0.1007895
3232988273.8510036	0.2210487	0.2423365	0.1904057	0.2735216	0.2826906	0.4228749	0.1286422	0.0929164	0.2309485	0.3045941	0.2747003	0.2607730	0.3467133	0.4653395	0.1591873	0.1007799
3232988273.8608899	0.2210521	0.2423546	0.1904141	0.2735116	0.2826946	0.4228881	0.1286501	0.0929131	0.2309435	0.3045921	0.2747033	0.2607440	0.3467216	0.4653321	0.1591883	0.1007592
3232988273.8707781	0.2210587	0.2423449	0.1903914	0.2735181	0.2827058	0.4228883	0.1286334	0.0929268	0.2309397	0.3046019	0.2746827	0.2607615	0.3466957	0.4653402	0.1591713	0.1007727
3232988273.8806663	0.2210471	0.2423531	0.1904003	0.2735279	0.2826943	0.4228742	0.1286515	0.0929301	0.2309368	0.3045732	0.2747026	0.2607778	0.3467151	0.4653431	0.1592002	0.1007890
3232988273.8905544	0.2210365	0.2423561	0.1904147	0.2734967	0.2826855	0.4228891	0.1286694	0.0929071	0.2309416	0.3045832	0.2746977	0.2607796	0.3467210	0.4653472	0.1592010	0.1007784
3232988273.9004426	0.2210486	0.2423584	0.1904026	0.2735200	0.2826892	0.4228797	0.1286471	0.0929172	0.2309517	0.3046002	0.2746899	0.2607707	0.3467243	0.4653261	0.1592056	0.1007832
3232988273.9103308	0.2210702	0.2423377	0.1904203	0.2735082	0.2826979	0.4228763	0.1286357	0.0929028	0.2309351	0.3045917	0.2746978	0.2607801	0.3467090	0.4653295	0.1591929	0.1007879
3232988273.9202189	0.2210544	0.2423550	0.1904080	0.2735108	0.2826818	0.4228863	0.1286602	0.0929168	0.2309460	0.3045868	0.2746882	0.2607862	0.3467000	0.4653341	0.1591834	0.1007788
3232988273.9301071	0.2210477	0.2423320	0.1904025	0.2735083	0.2826882	0.4228624	0.1286504	0.0929241	0.2309352	0.3046144	0.2746971	0.2607524	0.3467073	0.4653086	0.1591957	0.1007757
3232988273.9399953	0.2210487	0.2423522	0.1904036	0.2735014	0.2826978	0.4228964	0.1286505	0.0929213	0.2309507	0.3046042	0.2746818	0.2607741	0.3467064	0.4653384	0.1591756	0.1007843
3232988273.9498835	0.2210345	0.2423399	0.1904100	0.2735112	0.2826934	0.4228797	0.1286569	0.0929078	0.2309495	0.3046048	0.2746986	0.2607818	0.3467037	0.4653414	0.1592125	0.1007677
3232988273.9597702	0.2210551	0.2423468	0.1903918	0.2735315	0.2827005	0.4228925	0.1286378	0.0929250	0.2309584	0.3045960	0.2746983	0.2607613	0.3467230	0.4653574	0.1591986	0.1007740
3232988273.9696584	0.2210363	0.2423484	0.1904045	0.2735254	0.2826783	0.4228570	0.1286408	0.0929053	0.2309499	0.3045956	0.2747099	0.2607700	0.3467281	0.4653573	0.1591838	0.1007968
3232988273.9795465	0.2210578	0.2423509	0.1904017	0.2735305	0.2826798	0.4228768	0.1286449	0.0929215	0.2309449	0.3045818	0.2746877	0.2607536	0.3467099	0.4653118	0.1592084	0.1007877
3232988273.9894347	0.2210552	0.2423434	0.1904073	0.2735009	0.2827031	0.4228868	0.1286481	0.0929227	0.2309449	0.3045871	0.2746821	0.2607655	0.3467315	0.4653337	0.1591988	0.1007918
3232988273.9993229	0.2210561	0.2423624	0.1904006	0.2735118	0.2827100	0.4229055	0.1286623	0.0929219	0.2309590	0.3045629	0.2746863	0.2607856	0.3467152	0.4653350	0.1592055	0.1007784
3232988274.0092111	0.2210575	0.2423509	0.1904279	0.2735342	0.2826869	0.4228745	0.1286504	0.0929220	0.2309333	0.3045962	0.2746901	0.2607860	0.3467223	0.4653425	0.1591985	0.1007662
3232988274.0190992	0.2210572	0.2423688	0.1903993	0.2735016	0.2826800	0.4228808	0.1286381	0.0929103	0.2309635	0.3045871	0.2746921	0.2607674	0.3467137	0.4653342	0.1591977	0.1007568
3232988274.0289874	0.2210513	0.2423543	0.1904041	0.2735059	0.2826906	0.4228862	0.1286453	0.0929227	0.2309397	0.3045995	0.2747078	0.2607714	0.3467243	0.4653316	0.1592076	0.1007814
3232988274.0388756	0.2210413	0.2423600	0.1904131	0.2735167	0.2827032	0.4228784	0.1286242	0.0929197	0.2309487	0.3046051	0.2747104	0.2607634	0.3467112	0.4653503	0.1591923	0.1007753
3232988274.0487638	0.2210477	0.2423514	0.1904019	0.2735213	0.2826860	0.4228839	0.1286656	0.0929295	0.2309627	0.3045896	0.2746868	0.2607530	0.3467240	0.4653416	0.1591947	0.1007885
3232988274.0586500	0.2210603	0.2423555	0.1904189	0.2735177	0.2826995	0.4228916	0.1286643	0.0929090	0.2309370	0.3045980	0.2747048	0.2607607	0.3467281	0.4653293	0.1591951	0.1007857
3232988274.0685382	0.2210521	0.2423684	0.1903989	0.2735157	0.2826967	0.4228779	0.1286577	0.0929146	0.2309397	0.3045942	0.2746905	0.2607823	0.3467200	0.4653316	0.1592195	0.1007774
3232988274.0784264	0.2210428	0.2423591	0.1904139	0.2735114	0.2826739	0.4228706	0.1286505	0.0929081	0.2309284	0.3045961	0.2747073	0.2607700	0.3467109	0.4653517	0.1592062	0.1007792
3232988274.0883145	0.2210421	0.2423481	0.1904272	0.2735119	0.2826929	0.4228715	0.1286569	0.0929300	0.2309550	0.3045814	0.2747099	0.2607940	0.3466961	0.4653441	0.1592150	0.1007897
3232988274.0982027	0.2210559	0.2423380	0.1904238	0.2735096	0.2826996	0.4228612	0.1286664	0.0929275	0.2309489	0.3046025	0.2747050	0.2607744	0.3467335	0.4653308	0.1591990	0.1007780
3232988274.1080909	0.2210624	0.2423314	0.1904098	0.2735220	0.2826931	0.4228778	0.1286490	0.0929165	0.2309691	0.3045904	0.2746953	0.2607585	0.3467166	0.4653386	0.1592049	0.1007746
3232988274.1179790	0.2210452	0.2423366	0.1904206	0.2735159	0.2826953	0.4228688	0.1286576	0.0929261	0.2309588	0.3045971	0.2746866	0.2607679	0.3467146	0.4653135	0.1592004	0.1007882
3232988274.1278672	0.2210324	0.2423404	0.1904230	0.2735055	0.2826925	0.4228788	0.1286418	0.0929250	0.2309561	0.3045923	0.2746977	0.2607497	0.3467358	0.4653375	0.1592027	0.1007979
3232988274.1377554	0.2210478	0.2423496	0.1904098	0.2735023	0.2827052	0.4228735	0.1286593	0.0929021	0.2309545	0.3045883	0.2746983	0.2607652	0.3467478	0.4653393	0.1591997	0.1007801
3232988274.1476436	0.2210525	0.2423303	0.1904036	0.2735158	0.2827097	0.4228718	0.1286384	0.0929270	0.2309471	0.3045964	0.2747060	0.2607569	0.3467194	0.4653365	0.1591786	0.1007728
3232988274.1575303	0.2210568	0.2423436	0.1903993	0.2735123	0.2826981	0.4228902	0.1286548	0.0929140	0.2309539	0.3046070	0.2746926	0.2607723	0.3467216	0.4653442	0.1592027	0.1007669
3232988274.1674185	0.2210512	0.2423501	0.1904366	0.2735114	0.2827016	0.4228772	0.1286436	0.0929289	0.2309501	0.3046012	0.2747038	0.2607642	0.3467390	0.4653480	0.1592052	0.1007737
3232988274.1773066	0.2210505	0.2423493	0.1904183	0.2735119	0.2826937	0.4228792	0.1286449	0.0929121	0.2309667	0.3045836	0.2746873	0.2607624	0.3467263	0.4653207	0.1591987	0.1007772
3232988274.1871948	0.2210487	0.2423473	0.1904253	0.2735044	0.2826952	0.4228755	0.1286397	0.0929171	0.2309425	0.3045921	0.2747034	0.2607483	0.3467013	0.4653331	0.1592075	0.1007914
3232988274.1970830	0.2210666	0.2423414	0.1903983	0.2735186	0.2826865	0.4228823	0.1286550	0.0929245	0.2309531	0.3045899	0.2747071	0.2607487	0.3467215	0.4653451	0.1592032	0.1007792
3232988274.2069712	0.2210506	0.2423379	0.1904149	0.2734995	0.2827009	0.4228769	0.1286505	0.0929111	0.2309457	0.3046065	0.2746943	0.2607630	0.3467361	0.4653295	0.1591977	0.1007755
3232988274.2168593	0.2210593	0.2423724	0.1903965	0.2735202	0.2826937	0.4228922	0.1286694	0.0929115	0.2309658	0.3045873	0.2747080	0.2607679	0.3467143	0.4653257	0.1592154	0.1007738
3232988274.2267475	0.2210551	0.2423591	0.1904283	0.2735105	0.2826906	0.4228827	0.1286363	0.0929012	0.2309514	0.3045851	0.2747040	0.2607627	0.3467225	0.4653341	0.1592028	0.1007709
3232988274.2366357	0.2210542	0.2423325	0.1903899	0.2735043	0.2826899	0.4228737	0.1286366	0.0928978	0.2309486	0.3045928	0.2746865	0.2607609	0.3467302	0.4653372	0.1591980	0.1007820
3232988274.2465239	0.2210484	0.2423413	0.1904175	0.2735243	0.2826874	0.4228690	0.1286321	0.0929067	0.2309470	0.3045925	0.2746891	0.2607724	0.3467159	0.4653340	0.1591959	0.1007768
3232988274.2564101	0.2210545	0.2423545	0.1904114	0.2735117	0.2827080	0.4228818	0.1286526	0.0929205	0.2309502	0.3046032	0.2746998	0.2607536	0.3467193	0.4653362	0.1592111	0.1007702
3232988274.2662983	0.2210627	0.2423437	0.1904146	0.2735203	0.2826975	0.4228758	0.1286621	0.0929300	0.2309489	0.3045835	0.2746934	0.2607530	0.3467458	0.4653369	0.1592187	0.1007802
3232988274.2761865	0.2210477	0.2423380	0.1904062	0.2735192	0.2826999	0.4228786	0.1286476	0.0929086	0.2309490	0.3045953	0.2747032	0.2607439	0.3467185	0.4653425	0.1592110	0.1007870
3232988274.2860746	0.2210441	0.2423533	0.1904096	0.2735099	0.2827100	0.4228666	0.1286408	0.0929060	0.2309455	0.3046067	0.2747014	0.2607549	0.3467117	0.4653318	0.1591885	0.1007687
3232988274.2959628	0.2210640	0.2423192	0.1904129	0.2734957	0.2826944	0.4228766	0.1286448	0.0929082	0.2309604	0.3045890	0.2747106	0.2607802	0.3467349	0.4653342	0.1592030	0.1007603
3232988274.3058510	0.2210730	0.2423441	0.1904149	0.2735081	0.2826791	0.4228782	0.1286597	0.0929146	0.2309624	0.3046052	0.2747020	0.2607647	0.3467161	0.4653445	0.1592139	0.1007785
3232988274.3157392	0.2210657	0.2423497	0.1904216	0.2735004	0.2826855	0.4228748	0.1286421	0.0929231	0.2309669	0.3045859	0.2747138	0.2607602	0.3467229	0.4653389	0.1591968	0.1007618
3232988274.3256273	0.2210749	0.2423498	0.1904215	0.2735137	0.2827117	0.4228675	0.1286627	0.0929090	0.2309552	0.3045939	0.2747004	0.2607530	0.3467319	0.4653429	0.1591854	0.1007854
3232988274.3355155	0.2210505	0.2423482	0.1904063	0.2735033	0.2826993	0.4228822	0.1286418	0.0929276	0.2309643	0.3045806	0.2747213	0.2607902	0.3467261	0.4653463	0.1591740	0.1007678
3232988274.3454037	0.2210450	0.2423491	0.1903938	0.2735114	0.2827073	0.4228796	0.1286432	0.0929090	0.2309519	0.3045911	0.2746958	0.2607652	0.3467360	0.4653266	0.1591899	0.1007774
3232988274.3552899	0.2210526	0.2423404	0.1904025	0.2735019	0.2826987	0.4228672	0.1286520	0.0929058	0.2309638	0.3046152	0.2746990	0.2607777	0.3467512	0.4653330	0.1592134	0.1007725
3232988274.3651781	0.2210548	0.2423611	0.1904178	0.2735066	0.2827015	0.4228693	0.1286543	0.0929110	0.2309578	0.3046007	0.2746979	0.2607725	0.3467444	0.4653404	0.1592256	0.1007761
3232988274.3750663	0.2210661	0.2423460	0.1904201	0.2735412	0.2827008	0.4228911	0.1286595	0.0929157	0.2309693	0.3046024	0.2747007	0.2607804	0.3467376	0.4653543	0.1592054	0.1007841
3232988274.3849545	0.2210597	0.2423516	0.1904036	0.2735200	0.2827092	0.4228729	0.1286487	0.0929175	0.2309339	0.3045891	0.2747107	0.2607680	0.3467252	0.4653365	0.1592071	0.1007720
3232988274.3948426	0.2210584	0.2423362	0.1904090	0.2735011	0.2826785	0.4228868	0.1286538	0.0929060	0.2309452	0.3045983	0.2747143	0.2607615	0.3467193	0.4653162	0.1591862	0.1007823
3232988274.4047308	0.2210538	0.2423422	0.1904053	0.2735063	0.2827073	0.4228774	0.1286605	0.0929005	0.2309458	0.3045874	0.2746966	0.2607737	0.3467160	0.4653442	0.1591968	0.1007873
3232988274.4146190	0.2210749	0.2423417	0.1904134	0.2735052	0.2827061	0.4228807	0.1286653	0.0929158	0.2309628	0.3045947	0.2747118	0.2607712	0.3467273	0.4653424	0.1592046	0.1007820
3232988274.4245071	0.2210672	0.2423458	0.1904260	0.2735129	0.2827099	0.4228782	0.1286729	0.0929162	0.2309462	0.3045938	0.2747057	0.2607729	0.3467411	0.4653355	0.1592125	0.1007838
3232988274.4343953	0.2210393	0.2423559	0.1904140	0.2735229	0.2826906	0.4228770	0.1286719	0.0929313	0.2309359	0.3045978	0.2747135	0.2607629	0.3467399	0.4653382	0.1591978	0.1007761
3232988274.4442835	0.2210612	0.2423524	0.1904118	0.2735198	0.2827159	0.4228874	0.1286449	0.0929069	0.2309529	0.3045930	0.2746942	0.2607715	0.3467379	0.4653559	0.1592003	0.1007543
3232988274.4541702	0.2210447	0.2423481	0.1904129	0.2735272	0.2826892	0.4228837	0.1286530	0.0929041	0.2309417	0.3045786	0.2747110	0.2607642	0.3467642	0.4653514	0.1591976	0.1007755
3232988274.4640584	0.2210552	0.2423440	0.1904183	0.2735158	0.2827047	0.4229005	0.1286398	0.0929140	0.2309611	0.3046043	0.2747145	0.2607768	0.3467220	0.4653271	0.1591879	0.1007782
3232988274.4739466	0.2210522	0.2423553	0.1904364	0.2735137	0.2827057	0.4228907	0.1286624	0.0929220	0.2309582	0.3046180	0.2747133	0.2607706	0.3467396	0.4653414	0.1592121	0.1007767
3232988274.4838347	0.2210650	0.2423443	0.1904017	0.2735286	0.2826942	0.4228746	0.1286665	0.0929124	0.2309729	0.3045876	0.2747017	0.2607744	0.3467276	0.4653239	0.1592120	0.1007679
3232988274.4937229	0.2210524	0.2423418	0.1904222	0.2735270	0.2827029	0.4228656	0.1286621	0.0929073	0.2309611	0.3045984	0.2747079	0.2607753	0.3467299	0.4653354	0.1591934	0.1007924
3232988274.5036111	0.2210591	0.2423478	0.1904014	0.2735116	0.2826932	0.4229067	0.1286628	0.0929082	0.2309594	0.3045990	0.2746956	0.2607857	0.3467412	0.4653319	0.1592031	0.1007810
3232988274.5134993	0.2210462	0.2423486	0.1904066	0.2735189	0.2826974	0.4228735	0.1286557	0.0929267	0.2309583	0.3046002	0.2747033	0.2607670	0.3467451	0.4653447	0.1592100	0.1007786
3232988274.5233874	0.2210646	0.2423451	0.1904212	0.2735130	0.2827229	0.4228709	0.1286431	0.0928991	0.2309703	0.3046134	0.2747151	0.2607581	0.3467363	0.4653324	0.1592015	0.1007800
3232988274.5332756	0.2210653	0.2423473	0.1904099	0.2735130	0.2827026	0.4228992	0.1286591	0.0929248	0.2309705	0.3046002	0.2747024	0.2607719	0.3467479	0.4653664	0.1591954	0.1007775
3232988274.5431638	0.2210581	0.2423495	0.1904060	0.2735186	0.2827022	0.4228887	0.1286613	0.0929212	0.2309718	0.3046124	0.2747206	0.2607679	0.3467208	0.4653258	0.1592140	0.1007926
3232988274.5530500	0.2210750	0.2423548	0.1904376	0.2735133	0.2827031	0.4229094	0.1286601	0.0929249	0.2309524	0.3045760	0.2747231	0.2607733	0.3467250	0.4653342	0.1592097	0.1007742
3232988274.5629382	0.2210504	0.2423483	0.1904194	0.2735161	0.2826903	0.4228952	0.1286474	0.0929177	0.2309347	0.3046094	0.2746987	0.2607588	0.3467225	0.4653391	0.1591999	0.1007785
3232988274.5728264	0.2210611	0.2423551	0.1904069	0.2735340	0.2827068	0.4228898	0.1286410	0.0929255	0.2309674	0.3046093	0.2747012	0.2607783	0.3467163	0.4653500	0.1592133	0.1007926
3232988274.5827146	0.2210570	0.2423307	0.1904143	0.2735220	0.2826980	0.4228818	0.1286695	0.0929176	0.2309425	0.3046091	0.2747164	0.2607561	0.3467289	0.4653255	0.1592060	0.1007867
3232988274.5926027	0.2210633	0.2423520	0.1904002	0.2735142	0.2827202	0.4228860	0.1286660	0.0929139	0.2309676	0.3046041	0.2747138	0.2607607	0.3467365	0.4653479	0.1592036	0.1007873
3232988274.6024909	0.2210704	0.2423706	0.1904303	0.2735242	0.2826980	0.4228902	0.1286527	0.0929186	0.2309672	0.3045981	0.2747379	0.2607678	0.3467358	0.4653336	0.1591974	0.1007948
3232988274.6123791	0.2210669	0.2423554	0.1904393	0.2735063	0.2827202	0.4228851	0.1286692	0.0929250	0.2309678	0.3046164	0.2747155	0.2607670	0.3467308	0.4653382	0.1592177	0.1007809
3232988274.6222672	0.2210709	0.2423296	0.1904342	0.2735391	0.2827022	0.4228856	0.1286594	0.0929173	0.2309505	0.3045978	0.2747141	0.2607716	0.3467443	0.4653343	0.1591859	0.1007821
3232988274.6321554	0.2210654	0.2423619	0.1904331	0.2735231	0.2827205	0.4228705	0.1286598	0.0929230	0.2309562	0.3046058	0.2747196	0.2607676	0.3467257	0.4653253	0.1592016	0.1007915
3232988274.6420436	0.2210835	0.2423552	0.1904325	0.2735212	0.2827093	0.4228890	0.1286643	0.0929155	0.2309571	0.3046038	0.2747285	0.2607692	0.3467318	0.4653448	0.1592416	0.1007666
3232988274.6519303	0.2210460	0.2423230	0.1904165	0.2735130	0.2827048	0.4228988	0.1286607	0.0929284	0.2309629	0.3045943	0.2747004	0.2607852	0.3467367	0.4653501	0.1592276	0.1007770
3232988274.6618185	0.2210648	0.2423553	0.1904240	0.2735108	0.2827032	0.4228944	0.1286427	0.0929249	0.2309523	0.3045908	0.2747063	0.2607664	0.3467301	0.4653397	0.1592099	0.1007630
3232988274.6717067	0.2210579	0.2423462	0.1904163	0.2735336	0.2827030	0.4228950	0.1286529	0.0929020	0.2309466	0.3045889	0.2746979	0.2607859	0.3467427	0.4653526	0.1591954	0.1007751
3232988274.6815948	0.2210688	0.2423542	0.1904290	0.2735233	0.2827280	0.4228793	0.1286429	0.0929378	0.2309583	0.3046090	0.2747131	0.2607506	0.3467241	0.4653508	0.1592063	0.1007797
3232988274.6914830	0.2210723	0.2423515	0.1904213	0.2735212	0.2827222	0.4228953	0.1286626	0.0929082	0.2309731	0.3046133	0.2747062	0.2607818	0.3467537	0.4653485	0.1592029	0.1007927
3232988274.7013712	0.2210712	0.2423662	0.1904314	0.2735194	0.2827016	0.4228992	0.1286418	0.0929247	0.2309632	0.3045947	0.2747140	0.2607932	0.3467381	0.4653354	0.1592114	0.1007994
3232988274.7112594	0.2210508	0.2423468	0.1904171	0.2735378	0.2827027	0.4228854	0.1286641	0.0929146	0.2309629	0.3046023	0.2747117	0.2607883	0.3467257	0.4653342	0.1592013	0.1008050
3232988274.7211475	0.2210717	0.2423394	0.1904064	0.2735112	0.2827158	0.4228969	0.1286714	0.0929281	0.2309666	0.3045962	0.2747160	0.2607638	0.3467494	0.4653460	0.1592068	0.1007762
3232988274.7310357	0.2210803	0.2423647	0.1904306	0.2735015	0.2827093	0.4228870	0.1286604	0.0929269	0.2309654	0.3046000	0.2747050	0.2607824	0.3467387	0.4653303	0.1592045	0.1007823
3232988274.7409239	0.2210816	0.2423484	0.1904329	0.2735143	0.2827150	0.4228780	0.1286620	0.0929259	0.2309554	0.3046076	0.2746992	0.2607873	0.3467318	0.4653333	0.1592183	0.1007727
3232988274.7508101	0.2210625	0.2423439	0.1904315	0.2735257	0.2827091	0.4228820	0.1286531	0.0929040	0.2309784	0.3046112	0.2746994	0.2607653	0.3467275	0.4653653	0.1592112	0.1007717
3232988274.7606983	0.2210634	0.2423549	0.1904107	0.2735330	0.2827100	0.4229162	0.1286624	0.0929216	0.2309454	0.3045978	0.2747124	0.2607700	0.3467264	0.4653663	0.1591980	0.1007609
3232988274.7705865	0.2210580	0.2423441	0.1904116	0.2735104	0.2826917	0.4228957	0.1286521	0.0929056	0.2309665	0.3046084	0.2747144	0.2607676	0.3467458	0.4653467	0.1592159	0.1007838
3232988274.7804747	0.2210646	0.2423600	0.1904292	0.2735284	0.2827341	0.4229062	0.1286654	0.0929171	0.2309590	0.3046073	0.2747102	0.2607596	0.3467444	0.4653481	0.1592072	0.1007597
3232988274.7903628	0.2210674	0.2423356	0.1904100	0.2735259	0.2827113	0.4229013	0.1286609	0.0929262	0.2309767	0.3046079	0.2747065	0.2607643	0.3467475	0.4653588	0.1592078	0.1007852
3232988274.8002510	0.2210640	0.2423639	0.1904240	0.2735232	0.2827092	0.4229065	0.1286617	0.0929291	0.2309672	0.3046015	0.2747212	0.2607669	0.3467453	0.4653483	0.1592118	0.1007965
3232988274.8101392	0.2210635	0.2423473	0.1904303	0.2735283	0.2826897	0.4229068	0.1286540	0.0929252	0.2309714	0.3045802	0.2747159	0.2607608	0.3467337	0.4653452	0.1591943	0.1007799
3232988274.8200273	0.2210767	0.2423498	0.1904076	0.2735297	0.2826977	0.4228769	0.1286314	0.0929163	0.2309501	0.3046079	0.2747089	0.2607695	0.3467463	0.4653539	0.1591920	0.1007784
3232988274.8299155	0.2210670	0.2423525	0.1904214	0.2735137	0.2827101	0.4229007	0.1286683	0.0928992	0.2309458	0.3046103	0.2747131	0.2607672	0.3467364	0.4653598	0.1591997	0.1007983
3232988274.8398037	0.2210568	0.2423657	0.1904212	0.2735085	0.2827120	0.4228962	0.1286719	0.0929317	0.2309378	0.3046002	0.2747061	0.2607813	0.3467353	0.4653411	0.1592172	0.1007734
3232988274.8496900	0.2210574	0.2423574	0.1904346	0.2735404	0.2827254	0.4228983	0.1286519	0.0929140	0.2309521	0.3045804	0.2747124	0.2607545	0.3467223	0.4653464	0.1592076	0.1007679
3232988274.8595781	0.2210589	0.2423447	0.1904174	0.2735113	0.2827005	0.4228944	0.1286428	0.0929355	0.2309604	0.3046061	0.2747342	0.2607849	0.3467441	0.4653520	0.1592112	0.1007834
3232988274.8694663	0.2210668	0.2423612	0.1904120	0.2735290	0.2826862	0.4228831	0.1286488	0.0929166	0.2309584	0.3045961	0.2747133	0.2607755	0.3467469	0.4653370	0.1592056	0.1007726
3232988274.8793545	0.2210553	0.2423512	0.1904167	0.2735120	0.2826981	0.4228913	0.1286617	0.0929146	0.2309527	0.3045733	0.2747060	0.2607753	0.3467441	0.4653320	0.1592087	0.1007713
3232988274.8892426	0.2210574	0.2423528	0.1904337	0.2735380	0.2827015	0.4228839	0.1286460	0.0929247	0.2309595	0.3046219	0.2747139	0.2607833	0.3467353	0.4653404	0.1592150	0.1007745
3232988274.8991308	0.2210613	0.2423513	0.1904214	0.2735186	0.2827053	0.4228865	0.1286603	0.0929261	0.2309627	0.3046062	0.2747073	0.2607830	0.3467467	0.4653483	0.1592029	0.1007903
3232988274.9090190	0.2210727	0.2423472	0.1904259	0.2735247	0.2827103	0.4229024	0.1286600	0.0929271	0.2309626	0.3046044	0.2747204	0.2607858	0.3467507	0.4653569	0.1592089	0.1007769
3232988274.9189072	0.2210485	0.2423546	0.1904095	0.2735070	0.2826977	0.4229031	0.1286682	0.0929112	0.2309721	0.3046059	0.2747242	0.2607626	0.3467198	0.4653521	0.1592081	0.1007878
3232988274.9287953	0.2210540	0.2423519	0.1904197	0.2735092	0.2827155	0.4228747	0.1286535	0.0929284	0.2309469	0.3046035	0.2747249	0.2607830	0.3467355	0.4653420	0.1592216	0.1007804
3232988274.9386835	0.2210747	0.2423493	0.1904087	0.2735275	0.2827115	0.4228715	0.1286593	0.0929046	0.2309782	0.3046019	0.2747085	0.2607603	0.3467389	0.4653461	0.1591931	0.1007708
3232988274.9485702	0.2210606	0.2423444	0.1904346	0.2735141	0.2827050	0.4228828	0.1286719	0.0929209	0.2309635	0.3046162	0.2747226	0.2607811	0.3467254	0.4653639	0.1592081	0.1008046
3232988274.9584584	0.2210770	0.2423600	0.1904240	0.2735020	0.2827016	0.4228913	0.1286528	0.0929351	0.2309650	0.3046081	0.2747159	0.2607805	0.3467543	0.4653492	0.1592123	0.1007723
3232988274.9683466	0.2210469	0.2423516	0.1903980	0.2735236	0.2827150	0.4228895	0.1286495	0.0929244	0.2309665	0.3046007	0.2746996	0.2607695	0.3467413	0.4653435	0.1592228	0.1007715
3232988274.9782348	0.2210515	0.2423561	0.1904241	0.2735007	0.2827120	0.4228762	0.1286670	0.0929028	0.2309725	0.3046057	0.2746929	0.2607559	0.3467533	0.4653518	0.1592106	0.1007838
3232988274.9881229	0.2210567	0.2423353	0.1904192	0.2734935	0.2827185	0.4228744	0.1286464	0.0929205	0.2309541	0.3045847	0.2747305	0.2607714	0.3467466	0.4653556	0.1592121	0.1007796
3232988274.9980111	0.2210553	0.2423344	0.1904064	0.2735330	0.2827038	0.4228764	0.1286526	0.0929241	0.2309516	0.3045982	0.2747244	0.2607632	0.3467439	0.4653503	0.1592071	0.1007809
3232988275.0078993	0.2210651	0.2423491	0.1903978	0.2735049	0.2826968	0.4228882	0.1286538	0.0929277	0.2309790	0.3046005	0.2746924	0.2607794	0.3467512	0.4653482	0.1592056	0.1007832
3232988275.0177875	0.2210629	0.2423471	0.1904245	0.2735113	0.2827130	0.4228960	0.1286570	0.0929220	0.2309531	0.3045966	0.2747100	0.2607575	0.3467286	0.4653451	0.1592122	0.1007713
3232988275.0276756	0.2210713	0.2423405	0.1904293	0.2735193	0.2827131	0.4228752	0.1286549	0.0929278	0.2309657	0.3045961	0.2747290	0.2607548	0.3467383	0.4653386	0.1592306	0.1008043
3232988275.0375638	0.2210405	0.2423575	0.1904190	0.2735023	0.2826902	0.4228994	0.1286526	0.0928994	0.2309763	0.3046035	0.2747248	0.2607787	0.3467290	0.4653255	0.1592038	0.1007859
3232988275.0474501	0.2210564	0.2423511	0.1904201	0.2735136	0.2827086	0.4228720	0.1286613	0.0929422	0.2309531	0.3046002	0.2746874	0.2607791	0.3467301	0.4653460	0.1592105	0.1007796
3232988275.0573382	0.2210829	0.2423559	0.1904404	0.2735106	0.2827151	0.4229068	0.1286599	0.0929361	0.2309759	0.3045868	0.2747372	0.2607662	0.3467505	0.4653405	0.1592177	0.1007986
3232988275.0672264	0.2210545	0.2423397	0.1904155	0.2735146	0.2827221	0.4228829	0.1286572	0.0929071	0.2309582	0.3046071	0.2747044	0.2607653	0.3467590	0.4653498	0.1592082	0.1007738
3232988275.0771146	0.2210557	0.2423574	0.1904256	0.2735209	0.2827111	0.4228784	0.1286495	0.0929224	0.2309596	0.3045936	0.2747134	0.2607756	0.3467365	0.4653251	0.1592038	0.1007791
3232988275.0870028	0.2210688	0.2423510	0.1904130	0.2735097	0.2827158	0.4228878	0.1286451	0.0929115	0.2309637	0.3045990	0.2747071	0.2607729	0.3467410	0.4653472	0.1591923	0.1008115
3232988275.0968909	0.2210672	0.2423533	0.1904195	0.2734936	0.2827053	0.4228935	0.1286589	0.0929247	0.2309536	0.3046046	0.2747077	0.2607877	0.3467370	0.4653441	0.1592136	0.1007665
3232988275.1067791	0.2210709	0.2423462	0.1904214	0.2735165	0.2827136	0.4228915	0.1286605	0.0929154	0.2309568	0.3045939	0.2747185	0.2607797	0.3467659	0.4653419	0.1592037	0.1007868
3232988275.1166673	0.2210682	0.2423427	0.1904229	0.2735184	0.2826961	0.4228920	0.1286645	0.0929174	0.2309663	0.3045897	0.2747113	0.2607541	0.3467359	0.4653181	0.1592110	0.1007788
3232988275.1265554	0.2210586	0.2423578	0.1904291	0.2735106	0.2827108	0.4228663	0.1286517	0.0928954	0.2309733	0.3045843	0.2747301	0.2607628	0.3467364	0.4653299	0.1591996	0.1007785
3232988275.1364436	0.2210456	0.2423363	0.1904379	0.2735165	0.2827081	0.4228709	0.1286797	0.0929135	0.2309694	0.3045962	0.2746974	0.2607644	0.3467575	0.4653199	0.1592018	0.1007866
3232988275.1463299	0.2210580	0.2423672	0.1904314	0.2735159	0.2826960	0.4228846	0.1286684	0.0929096	0.2309656	0.3045909	0.2747262	0.2607519	0.3467305	0.4653333	0.1592038	0.1007848
3232988275.1562180	0.2210671	0.2423713	0.1904105	0.2735286	0.2827158	0.4228711	0.1286545	0.0929206	0.2309347	0.3046028	0.2747050	0.2607714	0.3467405	0.4653192	0.1591894	0.1007769
3232988275.1661062	0.2210728	0.2423508	0.1904139	0.2735063	0.2827231	0.4228804	0.1286649	0.0929012	0.2309651	0.3046123	0.2747165	0.2607728	0.3467213	0.4653326	0.1592149	0.1007867
3232988275.1759944	0.2210816	0.2423521	0.1904311	0.2734987	0.2827053	0.4228753	0.1286823	0.0929269	0.2309628	0.3045843	0.2747092	0.2607644	0.3467325	0.4653232	0.1592028	0.1007875
3232988275.1858826	0.2210553	0.2423480	0.1904303	0.2735205	0.2826961	0.4228796	0.1286655	0.0929338	0.2309492	0.3045859	0.2746778	0.2607625	0.3467418	0.4653318	0.1592265	0.1007720
3232988275.1957707	0.2210473	0.2423575	0.1904036	0.2735093	0.2827148	0.4228618	0.1286410	0.0929247	0.2309719	0.3045896	0.2747238	0.2607644	0.3467469	0.4653143	0.1592091	0.1007850
3232988275.2056589	0.2210688	0.2423404	0.1904119	0.2735195	0.2827243	0.4228829	0.1286640	0.0929244	0.2309510	0.3045916	0.2747054	0.2607619	0.3467430	0.4653233	0.1592055	0.1007727
3232988275.2155471	0.2210487	0.2423362	0.1904298	0.2735245	0.2827046	0.4228897	0.1286583	0.0929155	0.2309798	0.3046093	0.2747157	0.2607745	0.3467368	0.4653274	0.1592106	0.1007799
3232988275.2254353	0.2210663	0.2423375	0.1904252	0.2735007	0.2827146	0.4228845	0.1286595	0.0929365	0.2309706	0.3046062	0.2747179	0.2607502	0.3467482	0.4653296	0.1591949	0.1007636
3232988275.2353234	0.2210637	0.2423415	0.1904134	0.2735176	0.2827164	0.4228739	0.1286606	0.0929107	0.2309497	0.3046060	0.2747139	0.2607584	0.3467458	0.4653380	0.1591998	0.1007833
3232988275.2452102	0.2210560	0.2423347	0.1904105	0.2735142	0.2827059	0.4228737	0.1286556	0.0929125	0.2309684	0.3045784	0.2746996	0.2607565	0.3467289	0.4653127	0.1592084	0.1007747
3232988275.2550983	0.2210576	0.2423414	0.1904289	0.2735090	0.2827131	0.4228673	0.1286518	0.0929328	0.2309602	0.3045878	0.2747169	0.2607504	0.3467298	0.4653269	0.1592145	0.1007836
3232988275.2649865	0.2210700	0.2423373	0.1904312	0.2734945	0.2826907	0.4228851	0.1286610	0.0929211	0.2309657	0.3046012	0.2747179	0.2607551	0.3467212	0.4653281	0.1592093	0.1007718
3232988275.2748747	0.2210700	0.2423381	0.1904167	0.2735221	0.2827088	0.4228734	0.1286634	0.0929434	0.2309752	0.3045939	0.2747316	0.2607525	0.3467518	0.4653259	0.1592152	0.1007893
3232988275.2847629	0.2210528	0.2423327	0.1903998	0.2734957	0.2826957	0.4228859	0.1286682	0.0929226	0.2309612	0.3045920	0.2747086	0.2607688	0.3467463	0.4653018	0.1591889	0.1007815
3232988275.2946510	0.2210614	0.2423258	0.1904090	0.2734934	0.2826997	0.4228645	0.1286528	0.0929117	0.2309649	0.3045821	0.2747200	0.2607722	0.3467408	0.4653402	0.1591986	0.1007791
3232988275.3045392	0.2210552	0.2423353	0.1904201	0.2735108	0.2827006	0.4228730	0.1286520	0.0929102	0.2309713	0.3045820	0.2747060	0.2607532	0.3467434	0.4653302	0.1591984	0.1007806
3232988275.3144274	0.2210651	0.2423298	0.1904373	0.2734880	0.2827098	0.4228677	0.1286524	0.0929222	0.2309455	0.3045886	0.2747114	0.2607625	0.3467299	0.4653223	0.1592219	0.1007778
3232988275.3243155	0.2210890	0.2423467	0.1903897	0.2735081	0.2827008	0.4228829	0.1286684	0.0929113	0.2309682	0.3045725	0.2747005	0.2607652	0.3467266	0.4653156	0.1591961	0.1007743
3232988275.3342037	0.2210744	0.2423387	0.1904220	0.2735156	0.2827037	0.4228696	0.1286592	0.0929005	0.2309695	0.3045898	0.2747135	0.2607554	0.3467441	0.4653071	0.1591977	0.1007665
3232988275.3440900	0.2210820	0.2423212	0.1904408	0.2735022	0.2827022	0.4228687	0.1286467	0.0929284	0.2309732	0.3045911	0.2747150	0.2607521	0.3467359	0.4653012	0.1592070	0.1007737
3232988275.3539782	0.2210498	0.2423304	0.1904208	0.2735094	0.2827089	0.4228865	0.1286606	0.0928974	0.2309636	0.3045814	0.2747096	0.2607497	0.3467298	0.4653269	0.1592070	0.1007575
3232988275.3638663	0.2210673	0.2423600	0.1904162	0.2735108	0.2827096	0.4228529	0.1286617	0.0929338	0.2309549	0.3045753	0.2747077	0.2607558	0.3467201	0.4653237	0.1592141	0.1007733
3232988275.3737545	0.2210427	0.2423451	0.1904185	0.2735039	0.2826994	0.4228931	0.1286602	0.0929231	0.2309632	0.3045871	0.2747056	0.2607491	0.3467434	0.4653219	0.1592235	0.1007847
3232988275.3836427	0.2210485	0.2423492	0.1904195	0.2735129	0.2826918	0.4228671	0.1286608	0.0929268	0.2309609	0.3045803	0.2746985	0.2607725	0.3467375	0.4653085	0.1592048	0.1008054
3232988275.3935308	0.2210546	0.2423328	0.1904246	0.2734909	0.2827041	0.4228567	0.1286712	0.0929002	0.2309597	0.3045848	0.2747100	0.2607690	0.3467400	0.4653004	0.1592163	0.1007851
3232988275.4034190	0.2210565	0.2423499	0.1904096	0.2734975	0.2827041	0.4228579	0.1286647	0.0929201	0.2309502	0.3045836	0.2747102	0.2607697	0.3467276	0.4653187	0.1591951	0.1007710
3232988275.4133072	0.2210621	0.2423343	0.1904169	0.2734999	0.2826912	0.4228623	0.1286463	0.0928991	0.2309651	0.3045744	0.2747154	0.2607549	0.3467322	0.4653090	0.1591986	0.1007725
3232988275.4231954	0.2210621	0.2423455	0.1904275	0.2734997	0.2826986	0.4228596	0.1286665	0.0929131	0.2309619	0.3045760	0.2747159	0.2607502	0.3467370	0.4653252	0.1592109	0.1007704
3232988275.4330835	0.2210656	0.2423279	0.1904253	0.2735004	0.2826935	0.4228671	0.1286753	0.0929070	0.2309513	0.3045541	0.2747127	0.2607636	0.3467162	0.4653125	0.1591992	0.1007749
3232988275.4429703	0.2210712	0.2423457	0.1904209	0.2735091	0.2827062	0.4228836	0.1286635	0.0929081	0.2309631	0.3045785	0.2747218	0.2607687	0.3467313	0.4653277	0.1592106	0.1007532
3232988275.4528584	0.2210390	0.2423184	0.1904251	0.2734951	0.2827105	0.4228673	0.1286595	0.0929110	0.2309466	0.3045918	0.2747222	0.2607531	0.3467262	0.4653270	0.1592120	0.1007698
3232988275.4627466	0.2210596	0.2423323	0.1904254	0.2735080	0.2827016	0.4228783	0.1286353	0.0929175	0.2309579	0.3045777	0.2747062	0.2607544	0.3467406	0.4653121	0.1592057	0.1007784
3232988275.4726348	0.2210545	0.2423371	0.1904258	0.2735070	0.2827205	0.4228549	0.1286585	0.0929096	0.2309701	0.3045961	0.2747102	0.2607520	0.3467386	0.4653328	0.1592091	0.1007848
3232988275.4825230	0.2210604	0.2423353	0.1904171	0.2734860	0.2826933	0.4228616	0.1286495	0.0929152	0.2309560	0.3045884	0.2747260	0.2607613	0.3467398	0.4653097	0.1592257	0.1007719
3232988275.4924111	0.2210759	0.2423550	0.1904304	0.2735059	0.2827079	0.4228630	0.1286569	0.0929136	0.2309680	0.3045920	0.2747178	0.2607510	0.3467632	0.4653153	0.1591990	0.1007846
3232988275.5022993	0.2210606	0.2423493	0.1904127	0.2735086	0.2826996	0.4228675	0.1286618	0.0929063	0.2309755	0.3046019	0.2747129	0.2607611	0.3467311	0.4653185	0.1592074	0.1007686
3232988275.5121875	0.2210538	0.2423425	0.1904174	0.2735181	0.2827057	0.4228568	0.1286549	0.0929172	0.2309649	0.3045927	0.2747013	0.2607686	0.3467378	0.4653198	0.1591989	0.1007744
3232988275.5220757	0.2210497	0.2423424	0.1904105	0.2734910	0.2827154	0.4228643	0.1286487	0.0929177	0.2309566	0.3045801	0.2747101	0.2607696	0.3467257	0.4653109	0.1592062	0.1007769
3232988275.5319638	0.2210573	0.2423383	0.1904117	0.2735105	0.2827011	0.4228795	0.1286411	0.0929320	0.2309837	0.3045863	0.2747122	0.2607407	0.3467296	0.4653372	0.1592219	0.1007811
3232988275.5418501	0.2210592	0.2423419	0.1904106	0.2735078	0.2827178	0.4228770	0.1286775	0.0929087	0.2309584	0.3045937	0.2747159	0.2607621	0.3467529	0.4653261	0.1592032	0.1007855
3232988275.5517383	0.2210494	0.2423421	0.1904119	0.2735021	0.2826893	0.4228772	0.1286566	0.0929173	0.2309642	0.3045816	0.2747072	0.2607678	0.3467292	0.4653105	0.1591967	0.1007823
3232988275.5616264	0.2210613	0.2423266	0.1904068	0.2735005	0.2827030	0.4228534	0.1286517	0.0929096	0.2309431	0.3045867	0.2747020	0.2607516	0.3467302	0.4653134	0.1591939	0.1007662
3232988275.5715146	0.2210589	0.2423328	0.1904266	0.2735056	0.2827108	0.4228828	0.1286523	0.0929062	0.2309688	0.3045721	0.2747050	0.2607584	0.3467424	0.4653374	0.1591924	0.1007648
3232988275.5814028	0.2210520	0.2423331	0.1904101	0.2735067	0.2826958	0.4228577	0.1286355	0.0929206	0.2309634	0.3045991	0.2746998	0.2607686	0.3467519	0.4653144	0.1592072	0.1007917
3232988275.5912909	0.2210751	0.2423473	0.1904142	0.2735018	0.2826946	0.4228885	0.1286681	0.0929014	0.2309757	0.3045854	0.2747131	0.2607710	0.3467383	0.4653335	0.1592054	0.1007702
3232988275.6011791	0.2210554	0.2423282	0.1904301	0.2735180	0.2827073	0.4228778	0.1286626	0.0929322	0.2309551	0.3045818	0.2747024	0.2607619	0.3467342	0.4653216	0.1592207	0.1007834
3232988275.6110673	0.2210655	0.2423386	0.1904132	0.2735142	0.2827101	0.4228709	0.1286453	0.0929117	0.2309582	0.3045742	0.2747019	0.2607620	0.3467545	0.4653403	0.1592068	0.1007860
3232988275.6209555	0.2210572	0.2423440	0.1904252	0.2735076	0.2826962	0.4228597	0.1286456	0.0929066	0.2309787	0.3045959	0.2747199	0.2607550	0.3467294	0.4653305	0.1592068	0.1007873
3232988275.6308436	0.2210374	0.2423342	0.1904211	0.2735048	0.2827029	0.4228632	0.1286583	0.0929117	0.2309834	0.3045800	0.2747103	0.2607686	0.3467431	0.4653249	0.1592054	0.1007627
3232988275.6407299	0.2210510	0.2423414	0.1904284	0.2735063	0.2826987	0.4228640	0.1286572	0.0929253	0.2309484	0.3045803	0.2747117	0.2607839	0.3467497	0.4653322	0.1592204	0.1008015
3232988275.6506181	0.2210611	0.2423474	0.1904310	0.2734900	0.2827055	0.4228764	0.1286528	0.0929047	0.2309508	0.3045969	0.2747216	0.2607646	0.3467389	0.4653302	0.1591976	0.1007768
3232988275.6605062	0.2210680	0.2423482	0.1904209	0.2735234	0.2827041	0.4228745	0.1286412	0.0929068	0.2309407	0.3045828	0.2747183	0.2607616	0.3467292	0.4653244	0.1592137	0.1007671
3232988275.6703944	0.2210625	0.2423314	0.1904079	0.2735015	0.2827104	0.4228841	0.1286469	0.0929063	0.2309546	0.3045655	0.2747069	0.2607835	0.3467387	0.4653215	0.1592258	0.1007898
3232988275.6802826	0.2210759	0.2423457	0.1904212	0.2735075	0.2826941	0.4228710	0.1286566	0.0929126	0.2309574	0.3045764	0.2747231	0.2607493	0.3467461	0.4653178	0.1591908	0.1007771
3232988275.6901708	0.2210685	0.2423377	0.1904297	0.2735083	0.2827172	0.4228630	0.1286504	0.0929154	0.2309654	0.3046005	0.2747026	0.2607586	0.3467372	0.4653301	0.1592117	0.1007726
3232988275.7000589	0.2210597	0.2423456	0.1904217	0.2735168	0.2827289	0.4228990	0.1286399	0.0929162	0.2309573	0.3046005	0.2747289	0.2607393	0.3467256	0.4653351	0.1591921	0.1007867
3232988275.7099471	0.2210533	0.2423428	0.1904049	0.2735015	0.2826898	0.4228699	0.1286596	0.0929114	0.2309678	0.3046014	0.2747029	0.2607554	0.3467355	0.4653267	0.1592242	0.1007798
3232988275.7198353	0.2210573	0.2423604	0.1904192	0.2735263	0.2827120	0.4228753	0.1286656	0.0929127	0.2309695	0.3045834	0.2747150	0.2607601	0.3467283	0.4653393	0.1592159	0.1007822
3232988275.7297235	0.2210541	0.2423555	0.1904180	0.2734993	0.2827073	0.4228742	0.1286657	0.0929153	0.2309555	0.3045866	0.2747082	0.2607710	0.3467528	0.4653243	0.1591992	0.1007786
3232988275.7396102	0.2210730	0.2423486	0.1904121	0.2735197	0.2826922	0.4228738	0.1286432	0.0929144	0.2309556	0.3045975	0.2746998	0.2607774	0.3467243	0.4653312	0.1592236	0.1007737
3232988275.7494984	0.2210492	0.2423405	0.1904141	0.2735113	0.2827055	0.4228601	0.1286704	0.0929283	0.2309637	0.3045846	0.2747146	0.2607800	0.3467546	0.4653253	0.1592042	0.1007758
3232988275.7593865	0.2210721	0.2423463	0.1904188	0.2735103	0.2827181	0.4228834	0.1286543	0.0929273	0.2309613	0.3045887	0.2747142	0.2607497	0.3467290	0.4653148	0.1591970	0.1007873
3232988275.7692747	0.2210589	0.2423510	0.1904237	0.2735006	0.2827210	0.4228779	0.1286579	0.0929097	0.2309586	0.3045797	0.2747223	0.2607792	0.3467316	0.4653264	0.1592013	0.1007817
3232988275.7791629	0.2210425	0.2423492	0.1904296	0.2735169	0.2827066	0.4228862	0.1286639	0.0928984	0.2309453	0.3045755	0.2747101	0.2607523	0.3467421	0.4653308	0.1592095	0.1007590
3232988275.7890511	0.2210752	0.2423354	0.1904151	0.2735047	0.2827316	0.4228957	0.1286498	0.0929293	0.2309561	0.3045891	0.2746994	0.2607532	0.3467350	0.4653261	0.1591987	0.1007882
3232988275.7989392	0.2210571	0.2423425	0.1904143	0.2735086	0.2826902	0.4228834	0.1286531	0.0929225	0.2309525	0.3045812	0.2747061	0.2607746	0.3467196	0.4653206	0.1592004	0.1007704
3232988275.8088274	0.2210657	0.2423541	0.1904367	0.2734994	0.2827053	0.4228815	0.1286465	0.0929202	0.2309506	0.3045865	0.2747142	0.2607511	0.3467312	0.4653443	0.1591997	0.1007793
3232988275.8187156	0.2210652	0.2423411	0.1903910	0.2735120	0.2827116	0.4228878	0.1286607	0.0929097	0.2309498	0.3045966	0.2746949	0.2607509	0.3467269	0.4653432	0.1592144	0.1007674
3232988275.8286037	0.2210442	0.2423455	0.1903853	0.2735108	0.2827076	0.4228591	0.1286403	0.0929294	0.2309426	0.3046041	0.2747175	0.2607728	0.3467369	0.4653400	0.1592111	0.1007841
3232988275.8384900	0.2210521	0.2423254	0.1904073	0.2735109	0.2826979	0.4228846	0.1286595	0.0929071	0.2309608	0.3046051	0.2747058	0.2607667	0.3467558	0.4653089	0.1592230	0.1007869
3232988275.8483782	0.2210532	0.2423500	0.1904138	0.2735144	0.2827031	0.4228976	0.1286628	0.0929119	0.2309614	0.3045936	0.2746949	0.2607606	0.3467465	0.4653419	0.1592000	0.1007854
3232988275.8582664	0.2210647	0.2423432	0.1904145	0.2734933	0.2826976	0.4228634	0.1286672	0.0929166	0.2309676	0.3045805	0.2747186	0.2607763	0.3467338	0.4653274	0.1592184	0.1007760
3232988275.8681545	0.2210714	0.2423507	0.1904228	0.2734966	0.2826880	0.4228771	0.1286639	0.0929217	0.2309361	0.3045697	0.2747120	0.2607530	0.3467491	0.4653288	0.1591980	0.1007539
3232988275.8780427	0.2210627	0.2423408	0.1904195	0.2735073	0.2827195	0.4228627	0.1286497	0.0929123	0.2309551	0.3045735	0.2747061	0.2607798	0.3467282	0.4653084	0.1591996	0.1007771
3232988275.8879309	0.2210603	0.2423440	0.1904004	0.2734952	0.2826894	0.4228602	0.1286446	0.0929215	0.2309537	0.3045667	0.2747167	0.2607578	0.3467348	0.4653259	0.1592073	0.1007736
3232988275.8978190	0.2210624	0.2423290	0.1904094	0.2735026	0.2827013	0.4228711	0.1286596	0.0929211	0.2309649	0.3045800	0.2747031	0.2607646	0.3467444	0.4653277	0.1592127	0.1007925
3232988275.9077072	0.2210598	0.2423406	0.1904243	0.2735149	0.2827110	0.4228809	0.1286563	0.0929188	0.2309624	0.3045877	0.2747215	0.2607689	0.3467348	0.4653300	0.1592187	0.1007708
3232988275.9175954	0.2210734	0.2423211	0.1904123	0.2734989	0.2827133	0.4228476	0.1286643	0.0929068	0.2309623	0.3046058	0.2747142	0.2607347	0.3467591	0.4653272	0.1592161	0.1007887
3232988275.9274836	0.2210589	0.2423280	0.1904044	0.2735013	0.2826922	0.4228803	0.1286586	0.0929093	0.2309624	0.3045987	0.2747063	0.2607589	0.3467254	0.4653171	0.1591873	0.1007744
3232988275.9373703	0.2210705	0.2423419	0.1904225	0.2734978	0.2826999	0.4228640	0.1286385	0.0929087	0.2309574	0.3045836	0.2747276	0.2607505	0.3467275	0.4653302	0.1591993	0.1007663
3232988275.9472585	0.2210405	0.2423441	0.1904156	0.2734966	0.2826822	0.4228720	0.1286492	0.0929160	0.2309402	0.3045935	0.2747032	0.2607698	0.3467305	0.4653253	0.1592105	0.1007653
3232988275.9571466	0.2210540	0.2423342	0.1904134	0.2735114	0.2827147	0.4228496	0.1286732	0.0929383	0.2309508	0.3045919	0.2747065	0.2607662	0.3467410	0.4653141	0.1591966	0.1007770
3232988275.9670348	0.2210770	0.2423268	0.1904345	0.2734910	0.2827136	0.4228616	0.1286646	0.0929153	0.2309481	0.3045750	0.2747018	0.2607652	0.3467239	0.4653334	0.1592138	0.1007690
3232988275.9769230	0.2210555	0.2423524	0.1904072	0.2735023	0.2827058	0.4228579	0.1286587	0.0929086	0.2309751	0.3045837	0.2747011	0.2607545	0.3467305	0.4653283	0.1591984	0.1007869
3232988275.9868112	0.2210549	0.2423214	0.1904159	0.2735071	0.2827281	0.4228722	0.1286501	0.0929037	0.2309445	0.3045788	0.2747164	0.2607494	0.3467457	0.4653229	0.1592196	0.1007611
3232988275.9966993	0.2210481	0.2423353	0.1904121	0.2735030	0.2827034	0.4228555	0.1286632	0.0929149	0.2309484	0.3045934	0.2747255	0.2607596	0.3467301	0.4653235	0.1592004	0.1007867
3232988276.0065875	0.2210531	0.2423322	0.1904267	0.2734834	0.2827003	0.4228654	0.1286417	0.0929019	0.2309617	0.3045863	0.2747083	0.2607724	0.3467585	0.4653278	0.1592066	0.1007826
3232988276.0164757	0.2210651	0.2423481	0.1904285	0.2735157	0.2826988	0.4228767	0.1286423	0.0929047	0.2309708	0.3045826	0.2747009	0.2607677	0.3467337	0.4653267	0.1592003	0.1007756
3232988276.0263638	0.2210546	0.2423267	0.1904220	0.2734980	0.2827091	0.4228675	0.1286637	0.0929061	0.2309564	0.3045976	0.2747246	0.2607647	0.3467432	0.4653239	0.1591790	0.1007741
3232988276.0362501	0.2210546	0.2423390	0.1903994	0.2734908	0.2827037	0.4228730	0.1286550	0.0929130	0.2309791	0.3045847	0.2746887	0.2607666	0.3467403	0.4653218	0.1592187	0.1007808
3232988276.0461383	0.2210694	0.2423456	0.1904027	0.2735150	0.2826873	0.4228637	0.1286498	0.0929261	0.2309622	0.3045838	0.2747087	0.2607681	0.3467436	0.4653325	0.1591922	0.1007849
3232988276.0560265	0.2210663	0.2423379	0.1904106	0.2735144	0.2826945	0.4228690	0.1286535	0.0929147	0.2309593	0.3045870	0.2747126	0.2607593	0.3467086	0.4653259	0.1592004	0.1007895
3232988276.0659146	0.2210629	0.2423369	0.1904228	0.2735077	0.2827109	0.4228569	0.1286476	0.0929014	0.2309687	0.3045874	0.2747060	0.2607519	0.3467481	0.4653043	0.1592095	0.1007714
3232988276.0758028	0.2210764	0.2423510	0.1904206	0.2735049	0.2826932	0.4228676	0.1286574	0.0929195	0.2309834	0.3045755	0.2747068	0.2607627	0.3467198	0.4653091	0.1592114	0.1007733
3232988276.0856910	0.2210656	0.2423462	0.1904132	0.2735125	0.2826940	0.4228616	0.1286456	0.0929237	0.2309656	0.3045864	0.2747119	0.2607424	0.3467401	0.4653189	0.1592087	0.1007871
3232988276.0955791	0.2210493	0.2423514	0.1904052	0.2734978	0.2827024	0.4228659	0.1286286	0.0929096	0.2309524	0.3045745	0.2747063	0.2607730	0.3467351	0.4653326	0.1592125	0.1007690
3232988276.1054673	0.2210648	0.2423430	0.1904212	0.2735075	0.2826915	0.4228767	0.1286474	0.0929008	0.2309494	0.3045972	0.2746927	0.2607559	0.3467275	0.4652968	0.1592108	0.1007781
3232988276.1153555	0.2210568	0.2423529	0.1904276	0.2735052	0.2827031	0.4228784	0.1286552	0.0929277	0.2309744	0.3045800	0.2746944	0.2607444	0.3467158	0.4653371	0.1592238	0.1008048
3232988276.1252437	0.2210596	0.2423531	0.1904233	0.2735029	0.2827000	0.4228652	0.1286471	0.0929288	0.2309548	0.3045798	0.2747121	0.2607526	0.3467558	0.4652990	0.1592055	0.1007685
3232988276.1351299	0.2210693	0.2423434	0.1904225	0.2735126	0.2826949	0.4228806	0.1286704	0.0929078	0.2309540	0.3045978	0.2747058	0.2607488	0.3467192	0.4653186	0.1592009	0.1007810
3232988276.1450181	0.2210765	0.2423478	0.1904071	0.2734954	0.2826915	0.4228713	0.1286524	0.0929248	0.2309501	0.3045791	0.2747027	0.2607670	0.3467233	0.4653261	0.1591913	0.1007911
3232988276.1549063	0.2210381	0.2423306	0.1904158	0.2734928	0.2826992	0.4228708	0.1286565	0.0929257	0.2309702	0.3045923	0.2747033	0.2607702	0.3467379	0.4653267	0.1592083	0.1007562
3232988276.1647944	0.2210638	0.2423381	0.1904210	0.2735138	0.2827039	0.4228665	0.1286717	0.0929172	0.2309526	0.3045699	0.2747113	0.2607632	0.3467389	0.4653282	0.1592050	0.1007638
3232988276.1746826	0.2210838	0.2423425	0.1904094	0.2735063	0.2827142	0.4228592	0.1286714	0.0929255	0.2309720	0.3045818	0.2747114	0.2607576	0.3467380	0.4653141	0.1592215	0.1007746
3232988276.1845708	0.2210636	0.2423454	0.1904121	0.2735116	0.2827041	0.4228696	0.1286734	0.0929041	0.2309457	0.3045760	0.2747233	0.2607443	0.3467446	0.4653172	0.1591970	0.1007759
3232988276.1944590	0.2210729	0.2423392	0.1904279	0.2735109	0.2827059	0.4228818	0.1286594	0.0929258	0.2309660	0.3045853	0.2747194	0.2607551	0.3467302	0.4653347	0.1592146	0.1007655
3232988276.2043471	0.2210527	0.2423430	0.1904097	0.2734928	0.2827040	0.4228659	0.1286443	0.0929236	0.2309628	0.3045965	0.2747064	0.2607548	0.3467225	0.4653121	0.1592016	0.1007651
3232988276.2142353	0.2210531	0.2423381	0.1904289	0.2735051	0.2826989	0.4228667	0.1286587	0.0929104	0.2309452	0.3045719	0.2747014	0.2607496	0.3467215	0.4653193	0.1592141	0.1007562
3232988276.2241235	0.2210529	0.2423543	0.1904258	0.2735086	0.2827062	0.4228465	0.1286651	0.0929095	0.2309495	0.3045773	0.2747218	0.2607444	0.3467333	0.4653284	0.1592141	0.1007673
3232988276.2340102	0.2210700	0.2423282	0.1904252	0.2735122	0.2827299	0.4228699	0.1286616	0.0928997	0.2309571	0.3045660	0.2747011	0.2607469	0.3467438	0.4653053	0.1591962	0.1008072
3232988276.2438984	0.2210663	0.2423566	0.1904007	0.2735046	0.2827002	0.4228688	0.1286559	0.0929205	0.2309599	0.3045719	0.2747124	0.2607499	0.3467264	0.4653166	0.1592137	0.1007877
3232988276.2537866	0.2210432	0.2423316	0.1904152	0.2734889	0.2826983	0.4228603	0.1286485	0.0929138	0.2309625	0.3045819	0.2746954	0.2607620	0.3467270	0.4653100	0.1592036	0.1007731
3232988276.2636747	0.2210432	0.2423526	0.1904223	0.2734835	0.2826951	0.4228440	0.1286569	0.0929065	0.2309624	0.3045601	0.2747102	0.2607448	0.3467410	0.4653111	0.1592031	0.1007582
3232988276.2735629	0.2210607	0.2423322	0.1904346	0.2734879	0.2827165	0.4228452	0.1286570	0.0929055	0.2309535	0.3045775	0.2746904	0.2607629	0.3467352	0.4652984	0.1592260	0.1007758
3232988276.2834511	0.2210640	0.2423389	0.1904137	0.2734992	0.2827169	0.4228542	0.1286625	0.0929106	0.2309628	0.3045738	0.2747213	0.2607548	0.3467270	0.4653073	0.1592139	0.1007830
3232988276.2933393	0.2210438	0.2423381	0.1904077	0.2735143	0.2827091	0.4228587	0.1286621	0.0929072	0.2309700	0.3045955	0.2747079	0.2607555	0.3467428	0.4653181	0.1592146	0.1007939
3232988276.3032274	0.2210582	0.2423516	0.1904077	0.2734993	0.2827273	0.4228607	0.1286607	0.0929122	0.2309668	0.3045660	0.2747032	0.2607373	0.3467420	0.4653016	0.1592217	0.1007785
3232988276.3131156	0.2210661	0.2423358	0.1904096	0.2734858	0.2827109	0.4228683	0.1286807	0.0929001	0.2309637	0.3045820	0.2746892	0.2607413	0.3467425	0.4653003	0.1591994	0.1007625
3232988276.3230038	0.2210447	0.2423261	0.1904272	0.2734731	0.2827040	0.4228608	0.1286617	0.0929205	0.2309537	0.3045824	0.2747033	0.2607598	0.3467419	0.4652973	0.1592103	0.1007500
3232988276.3328900	0.2210486	0.2423173	0.1904210	0.2734927	0.2827129	0.4228310	0.1286624	0.0929435	0.2309632	0.3045699	0.2747147	0.2607655	0.3467319	0.4652947	0.1591987	0.1007729
3232988276.3427782	0.2210544	0.2423291	0.1904266	0.2735042	0.2826928	0.4228323	0.1286581	0.0929097	0.2309649	0.3045765	0.2747051	0.2607403	0.3467311	0.4652949	0.1591979	0.1007659
3232988276.3526664	0.2210327	0.2423279	0.1904443	0.2734941	0.2827155	0.4228486	0.1286660	0.0929082	0.2309555	0.3045677	0.2747103	0.2607478	0.3467249	0.4653060	0.1592097	0.1007668
3232988276.3625545	0.2210599	0.2423305	0.1904061	0.2735018	0.2826947	0.4228559	0.1286347	0.0929071	0.2309658	0.3045519	0.2746886	0.2607705	0.3467502	0.4653017	0.1591918	0.1007564
3232988276.3724427	0.2210623	0.2423406	0.1904185	0.2735009	0.2827008	0.4228417	0.1286600	0.0929054	0.2309627	0.3045557	0.2747050	0.2607611	0.3467513	0.4652997	0.1591848	0.1007661
3232988276.3823309	0.2210597	0.2423203	0.1904231	0.2734843	0.2827217	0.4228579	0.1286420	0.0929232	0.2309544	0.3045782	0.2747056	0.2607470	0.3467291	0.4652898	0.1592098	0.1007712
3232988276.3922191	0.2210810	0.2423330	0.1904145	0.2734860	0.2827201	0.4228671	0.1286471	0.0929078	0.2309601	0.3045708	0.2747143	0.2607424	0.3467447	0.4653002	0.1592169	0.1007786
3232988276.4021072	0.2210654	0.2423351	0.1903955	0.2734927	0.2826792	0.4228292	0.1286548	0.0929029	0.2309535	0.3045669	0.2747121	0.2607568	0.3467414	0.4652975	0.1592131	0.1007618
3232988276.4119954	0.2210521	0.2423119	0.1904268	0.2734971	0.2827023	0.4228380	0.1286491	0.0929166	0.2309700	0.3045782	0.2747131	0.2607405	0.3467371	0.4652892	0.1592059	0.1007777
3232988276.4218836	0.2210623	0.2423496	0.1904119	0.2734982	0.2827025	0.4228424	0.1286675	0.0929062	0.2309609	0.3045614	0.2747026	0.2607355	0.3467381	0.4652917	0.1591890	0.1007705
3232988276.4317703	0.2210730	0.2423228	0.1904103	0.2735056	0.2827104	0.4228307	0.1286579	0.0929058	0.2309573	0.3045602	0.2747080	0.2607338	0.3467283	0.4652917	0.1592073	0.1007751
3232988276.4416585	0.2210556	0.2423231	0.1904217	0.2734862	0.2826958	0.4228294	0.1286763	0.0929175	0.2309626	0.3045786	0.2747139	0.2607494	0.3467281	0.4652815	0.1591864	0.1007678
3232988276.4515467	0.2210547	0.2423198	0.1904131	0.2734832	0.2827168	0.4228332	0.1286405	0.0929108	0.2309594	0.3045784	0.2747131	0.2607441	0.3467231	0.4653033	0.1592119	0.1007919
3232988276.4614348	0.2210488	0.2423190	0.1904127	0.2734805	0.2826997	0.4228488	0.1286480	0.0929068	0.2309430	0.3045678	0.2747132	0.2607741	0.3467330	0.4652831	0.1592186	0.1007605
3232988276.4713230	0.2210559	0.2423190	0.1904047	0.2734807	0.2826930	0.4228490	0.1286532	0.0929073	0.2309661	0.3045520	0.2747108	0.2607395	0.3467319	0.4652977	0.1592041	0.1007735
3232988276.4812112	0.2210683	0.2423289	0.1904341	0.2734908	0.2827207	0.4228406	0.1286453	0.0929087	0.2309609	0.3045693	0.2747142	0.2607438	0.3467542	0.4652848	0.1591965	0.1007757
3232988276.4910994	0.2210549	0.2423442	0.1904335	0.2734933	0.2827101	0.4228410	0.1286699	0.0929134	0.2309446	0.3045562	0.2747023	0.2607392	0.3467257	0.4652971	0.1591992	0.1007679
3232988276.5009875	0.2210642	0.2423253	0.1904387	0.2734897	0.2827167	0.4228557	0.1286449	0.0929129	0.2309723	0.3045653	0.2747075	0.2607362	0.3467508	0.4652947	0.1591934	0.1007697
3232988276.5108757	0.2210661	0.2423311	0.1904365	0.2734770	0.2827095	0.4228531	0.1286455	0.0928878	0.2309692	0.3045514	0.2747170	0.2607332	0.3467419	0.4652951	0.1592159	0.1007860
3232988276.5207639	0.2210396	0.2423251	0.1904000	0.2734951	0.2827012	0.4228552	0.1286499	0.0929166	0.2309623	0.3045611	0.2747089	0.2607519	0.3467357	0.4652996	0.1592113	0.1007666
3232988276.5306501	0.2210550	0.2423304	0.1904256	0.2734773	0.2827133	0.4228556	0.1286470	0.0928928	0.2309421	0.3045565	0.2747052	0.2607444	0.3467428	0.4653015	0.1592034	0.1007655
3232988276.5405383	0.2210535	0.2423169	0.1904072	0.2734877	0.2827078	0.4228437	0.1286837	0.0929084	0.2309517	0.3045715	0.2746979	0.2607421	0.3467391	0.4652648	0.1592004	0.1007687
3232988276.5504265	0.2210739	0.2423290	0.1904397	0.2734904	0.2827307	0.4228472	0.1286664	0.0929055	0.2309680	0.3045711	0.2747150	0.2607464	0.3467399	0.4652888	0.1592042	0.1007715
3232988276.5603147	0.2210655	0.2423137	0.1904288	0.2734963	0.2827013	0.4228482	0.1286459	0.0929120	0.2309639	0.3045630	0.2747139	0.2607280	0.3467584	0.4652801	0.1592252	0.1007752
3232988276.5702028	0.2210569	0.2423277	0.1904180	0.2734963	0.2827040	0.4228497	0.1286614	0.0929209	0.2309661	0.3045588	0.2746987	0.2607499	0.3467268	0.4652981	0.1591993	0.1007652
3232988276.5800910	0.2210554	0.2423288	0.1904217	0.2734832	0.2826976	0.4228429	0.1286595	0.0929002	0.2309601	0.3045644	0.2747190	0.2607535	0.3467307	0.4652999	0.1591925	0.1007876
3232988276.5899792	0.2210821	0.2423253	0.1904344	0.2734752	0.2826998	0.4228430	0.1286737	0.0929106	0.2309518	0.3045688	0.2747191	0.2607464	0.3467388	0.4652910	0.1591821	0.1007664
3232988276.5998673	0.2210734	0.2423389	0.1904380	0.2735221	0.2827168	0.4228471	0.1286427	0.0929117	0.2309679	0.3045539	0.2747011	0.2607527	0.3467304	0.4653087	0.1592090	0.1007712
3232988276.6097555	0.2210770	0.2423250	0.1904230	0.2734971	0.2827024	0.4228335	0.1286705	0.0929240	0.2309618	0.3045577	0.2747097	0.2607522	0.3467518	0.4652931	0.1592009	0.1007953
3232988276.6196437	0.2210666	0.2423459	0.1904227	0.2735058	0.2827032	0.4228354	0.1286553	0.0929324	0.2309620	0.3045861	0.2747337	0.2607410	0.3467441	0.4652945	0.1592016	0.1007684
3232988276.6295300	0.2210607	0.2423535	0.1904161	0.2734870	0.2827277	0.4228583	0.1286460	0.0929093	0.2309486	0.3045719	0.2746934	0.2607596	0.3467303	0.4652906	0.1592192	0.1007606
3232988276.6394181	0.2210881	0.2423231	0.1904264	0.2735057	0.2827143	0.4228427	0.1286591	0.0929144	0.2309722	0.3045778	0.2747179	0.2607467	0.3467442	0.4653048	0.1592077	0.1007778
3232988276.6493063	0.2210568	0.2423037	0.1904095	0.2735007	0.2827213	0.4228530	0.1286633	0.0929125	0.2309551	0.3045798	0.2747047	0.2607476	0.3467438	0.4652847	0.1592106	0.1007799
3232988276.6591945	0.2210559	0.2423257	0.1904177	0.2734991	0.2826978	0.4228652	0.1286522	0.0929101	0.2309723	0.3045800	0.2747104	0.2607313	0.3467496	0.4652905	0.1592038	0.1007787
3232988276.6690826	0.2210619	0.2423268	0.1904259	0.2734780	0.2826934	0.4228537	0.1286678	0.0929275	0.2309659	0.3045852	0.2746923	0.2607564	0.3467149	0.4652743	0.1592168	0.1007681
3232988276.6789708	0.2210517	0.2423392	0.1904316	0.2734751	0.2827120	0.4228564	0.1286701	0.0928870	0.2309739	0.3045549	0.2746994	0.2607434	0.3467530	0.4653111	0.1592026	0.1007805
3232988276.6888590	0.2210465	0.2423271	0.1904228	0.2734968	0.2827173	0.4228409	0.1286519	0.0929005	0.2309609	0.3045902	0.2747028	0.2607453	0.3467325	0.4652837	0.1591997	0.1007456
3232988276.6987472	0.2210539	0.2423221	0.1904136	0.2734981	0.2826973	0.4228391	0.1286680	0.0929059	0.2309641	0.3045715	0.2747025	0.2607509	0.3467435	0.4653068	0.1592091	0.1007747
3232988276.7086353	0.2210718	0.2423248	0.1904132	0.2734821	0.2827033	0.4228401	0.1286624	0.0928971	0.2309466	0.3045754	0.2747172	0.2607401	0.3467411	0.4652775	0.1592032	0.1007735
3232988276.7185235	0.2210610	0.2423234	0.1904165	0.2735094	0.2827138	0.4228535	0.1286606	0.0929267	0.2309773	0.3045894	0.2747093	0.2607490	0.3467452	0.4652880	0.1592127	0.1007656
3232988276.7284102	0.2210700	0.2423322	0.1904186	0.2734899	0.2827271	0.4228462	0.1286272	0.0929034	0.2309597	0.3045738	0.2747155	0.2607431	0.3467316	0.4653048	0.1592203	0.1007702
3232988276.7382984	0.2210597	0.2423158	0.1904244	0.2734850	0.2827216	0.4228757	0.1286519	0.0929241	0.2309810	0.3045454	0.2747133	0.2607610	0.3467421	0.4652962	0.1592138	0.1007693
3232988276.7481866	0.2210588	0.2423164	0.1904265	0.2735034	0.2827060	0.4228446	0.1286497	0.0929030	0.2309639	0.3045683	0.2747108	0.2607477	0.3467441	0.4652875	0.1592052	0.1007724
3232988276.7580748	0.2210656	0.2423350	0.1904165	0.2735003	0.2827144	0.4228465	0.1286790	0.0929010	0.2309746	0.3045822	0.2747008	0.2607481	0.3467486	0.4652986	0.1592155	0.1007775
3232988276.7679629	0.2210612	0.2423424	0.1904277	0.2735067	0.2826945	0.4228458	0.1286488	0.0929233	0.2309713	0.3045688	0.2747118	0.2607415	0.3467321	0.4653053	0.1592188	0.1007812
3232988276.7778511	0.2210626	0.2423251	0.1904366	0.2734959	0.2827208	0.4228419	0.1286548	0.0929138	0.2309734	0.3045726	0.2747178	0.2607391	0.3467395	0.4652906	0.1592073	0.1007483
3232988276.7877393	0.2210471	0.2423180	0.1904256	0.2734986	0.2827186	0.4228593	0.1286356	0.0929185	0.2309615	0.3045570	0.2747060	0.2607440	0.3467467	0.4653075	0.1592090	0.1007741
3232988276.7976274	0.2210675	0.2423334	0.1904090	0.2734869	0.2827121	0.4228479	0.1286498	0.0929107	0.2309436	0.3045731	0.2747088	0.2607357	0.3467252	0.4653094	0.1592002	0.1007700
3232988276.8075156	0.2210723	0.2423273	0.1904094	0.2735007	0.2827175	0.4228361	0.1286466	0.0929142	0.2309584	0.3045541	0.2747274	0.2607377	0.3467337	0.4652949	0.1592034	0.1007574
3232988276.8174038	0.2210752	0.2423244	0.1904298	0.2734908	0.2827108	0.4228234	0.1286495	0.0928987	0.2309448	0.3045617	0.2747059	0.2607415	0.3467370	0.4652863	0.1592116	0.1007700
3232988276.8272901	0.2210543	0.2423201	0.1904430	0.2734769	0.2827052	0.4228376	0.1286563	0.0928947	0.2309729	0.3045827	0.2747127	0.2607421	0.3467228	0.4653048	0.1591985	0.1007888
3232988276.8371782	0.2210598	0.2423071	0.1904182	0.2734836	0.2827144	0.4228548	0.1286490	0.0928896	0.2309682	0.3045382	0.2747045	0.2607478	0.3467402	0.4652831	0.1591932	0.1007906
3232988276.8470664	0.2210544	0.2423204	0.1904249	0.2734781	0.2827072	0.4228422	0.1286554	0.0929190	0.2309456	0.3045682	0.2747065	0.2607448	0.3467350	0.4653035	0.1591953	0.1007682
3232988276.8569546	0.2210664	0.2423261	0.1904034	0.2734767	0.2827205	0.4228530	0.1286722	0.0929056	0.2309721	0.3045815	0.2747152	0.2607440	0.3467314	0.4652774	0.1592121	0.1007819
3232988276.8668427	0.2210591	0.2423128	0.1904246	0.2734904	0.2826942	0.4228637	0.1286768	0.0929100	0.2309614	0.3045812	0.2747002	0.2607229	0.3467168	0.4652918	0.1592174	0.1007540
3232988276.8767309	0.2210593	0.2423399	0.1904311	0.2734892	0.2827055	0.4228258	0.1286588	0.0929166	0.2309771	0.3045639	0.2747127	0.2607476	0.3467456	0.4652997	0.1592154	0.1007841
3232988276.8866191	0.2210787	0.2423376	0.1904225	0.2734841	0.2827098	0.4228291	0.1286519	0.0929105	0.2309589	0.3045592	0.2747023	0.2607390	0.3467465	0.4652875	0.1592039	0.1007597
3232988276.8965073	0.2210586	0.2423292	0.1904116	0.2734900	0.2827140	0.4228347	0.1286519	0.0929055	0.2309480	0.3045440	0.2746975	0.2607359	0.3467591	0.4652769	0.1592082	0.1007762
3232988276.9063954	0.2210548	0.2423287	0.1904251	0.2734867	0.2827067	0.4228308	0.1286551	0.0929044	0.2309499	0.3045608	0.2747301	0.2607356	0.3467328	0.4652886	0.1591997	0.1007685
3232988276.9162836	0.2210671	0.2423165	0.1904216	0.2734721	0.2827077	0.4228514	0.1286536	0.0929099	0.2309705	0.3045522	0.2747107	0.2607266	0.3467208	0.4652828	0.1592263	0.1007859
3232988276.9261699	0.2210688	0.2423152	0.1904243	0.2734905	0.2827033	0.4228315	0.1286481	0.0928973	0.2309665	0.3045649	0.2747045	0.2607461	0.3467239	0.4652910	0.1592057	0.1007708
3232988276.9360580	0.2210428	0.2423194	0.1904021	0.2734869	0.2827116	0.4228224	0.1286492	0.0929002	0.2309557	0.3045488	0.2746969	0.2607446	0.3467323	0.4653064	0.1592243	0.1007666
3232988276.9459462	0.2210297	0.2423172	0.1904197	0.2734787	0.2826899	0.4228360	0.1286217	0.0929033	0.2309689	0.3045625	0.2747116	0.2607352	0.3467295	0.4652880	0.1591929	0.1007597
3232988276.9558344	0.2210564	0.2423182	0.1904174	0.2734927	0.2826859	0.4228388	0.1286575	0.0929085	0.2309548	0.3045608	0.2747064	0.2607559	0.3467281	0.4652944	0.1592079	0.1007649
3232988276.9657226	0.2210631	0.2423158	0.1904170	0.2734774	0.2826942	0.4228378	0.1286702	0.0929103	0.2309436	0.3045698	0.2747153	0.2607340	0.3467357	0.4652810	0.1592021	0.1007731
3232988276.9756107	0.2210707	0.2423292	0.1904184	0.2734864	0.2827099	0.4228289	0.1286544	0.0928982	0.2309566	0.3045810	0.2747107	0.2607337	0.3467362	0.4652920	0.1592005	0.1007516
3232988276.9854989	0.2210577	0.2423226	0.1904062	0.2734859	0.2826985	0.4228287	0.1286523	0.0929059	0.2309623	0.3045513	0.2747076	0.2607393	0.3467231	0.4652925	0.1591939	0.1007609
3232988276.9953871	0.2210693	0.2423119	0.1904197	0.2734875	0.2826915	0.4228155	0.1286548	0.0928990	0.2309389	0.3045603	0.2746809	0.2607475	0.3467439	0.4652808	0.1591853	0.1007722
3232988277.0052752	0.2210577	0.2423056	0.1904192	0.2734889	0.2827044	0.4228303	0.1286495	0.0928944	0.2309572	0.3045629	0.2747027	0.2607347	0.3467341	0.4652789	0.1592140	0.1007725
3232988277.0151634	0.2210580	0.2423253	0.1904332	0.2734779	0.2827062	0.4228319	0.1286585	0.0929115	0.2309672	0.3045484	0.2747081	0.2607362	0.3467356	0.4652854	0.1592053	0.1007626
3232988277.0250502	0.2210727	0.2422990	0.1904119	0.2734933	0.2827257	0.4228346	0.1286660	0.0928877	0.2309602	0.3045580	0.2747232	0.2607424	0.3467446	0.4652825	0.1592109	0.1007793
3232988277.0349383	0.2210667	0.2423170	0.1904013	0.2734915	0.2827126	0.4228408	0.1286609	0.0929171	0.2309681	0.3045407	0.2747115	0.2607320	0.3467314	0.4652741	0.1592015	0.1007634
3232988277.0448265	0.2210735	0.2423381	0.1904110	0.2734730	0.2827236	0.4228261	0.1286363	0.0928881	0.2309664	0.3045593	0.2747119	0.2607319	0.3467223	0.4652859	0.1591957	0.1007733
3232988277.0547147	0.2210694	0.2423137	0.1904127	0.2734899	0.2826910	0.4228356	0.1286562	0.0928956	0.2309575	0.3045633	0.2747016	0.2607431	0.3467323	0.4652746	0.1592125	0.1007571
3232988277.0646028	0.2210645	0.2423137	0.1904100	0.2734809	0.2826956	0.4228392	0.1286634	0.0929073	0.2309557	0.3045576	0.2747068	0.2607418	0.3467398	0.4652643	0.1592007	0.1007748
3232988277.0744910	0.2210698	0.2423123	0.1904130	0.2735031	0.2826999	0.4228348	0.1286569	0.0929022	0.2309620	0.3045621	0.2747053	0.2607212	0.3467289	0.4652823	0.1592109	0.1007758
3232988277.0843792	0.2210444	0.2423067	0.1904378	0.2734980	0.2827027	0.4228546	0.1286808	0.0928965	0.2309376	0.3045679	0.2747002	0.2607204	0.3467408	0.4652626	0.1592011	0.1007898
3232988277.0942674	0.2210758	0.2423211	0.1904102	0.2734667	0.2827172	0.4228382	0.1286573	0.0928973	0.2309738	0.3045283	0.2746925	0.2607213	0.3467290	0.4652684	0.1592078	0.1007646
3232988277.1041555	0.2210517	0.2423154	0.1904148	0.2734827	0.2826981	0.4228552	0.1286528	0.0929129	0.2309563	0.3045586	0.2746929	0.2607350	0.3467166	0.4652830	0.1591974	0.1007644
3232988277.1140437	0.2210752	0.2423187	0.1904120	0.2734797	0.2827016	0.4228521	0.1286557	0.0928944	0.2309404	0.3045552	0.2746886	0.2607370	0.3467156	0.4652782	0.1592062	0.1007473
3232988277.1239300	0.2210611	0.2423312	0.1904184	0.2735059	0.2827073	0.4228348	0.1286567	0.0929091	0.2309589	0.3045378	0.2747236	0.2607169	0.3467138	0.4652772	0.1592010	0.1007661
3232988277.1338181	0.2210706	0.2423301	0.1904236	0.2734848	0.2827072	0.4228329	0.1286733	0.0929053	0.2309671	0.3045655	0.2746999	0.2607463	0.3467259	0.4652508	0.1592189	0.1007766
3232988277.1437063	0.2210614	0.2423201	0.1904172	0.2734766	0.2826774	0.4228452	0.1286543	0.0929136	0.2309481	0.3045557	0.2746977	0.2607349	0.3467178	0.4652611	0.1591982	0.1007595
3232988277.1535945	0.2210647	0.2423246	0.1904225	0.2734807	0.2826925	0.4228335	0.1286548	0.0928928	0.2309536	0.3045582	0.2746998	0.2607511	0.3467315	0.4652740	0.1591940	0.1007844
3232988277.1634827	0.2210541	0.2423048	0.1904128	0.2734692	0.2827047	0.4228159	0.1286458	0.0929088	0.2309336	0.3045537	0.2747002	0.2607335	0.3467212	0.4652887	0.1591993	0.1007526
3232988277.1733708	0.2210495	0.2423057	0.1904268	0.2734804	0.2827106	0.4228110	0.1286584	0.0929006	0.2309592	0.3045478	0.2747135	0.2607354	0.3467406	0.4652935	0.1591871	0.1007718
3232988277.1832590	0.2210606	0.2423358	0.1904283	0.2734914	0.2827250	0.4228436	0.1286496	0.0929189	0.2309421	0.3045604	0.2747088	0.2607249	0.3467350	0.4652627	0.1591874	0.1007614
3232988277.1931472	0.2210699	0.2423105	0.1904408	0.2734748	0.2827106	0.4228338	0.1286433	0.0928989	0.2309427	0.3045591	0.2747029	0.2607354	0.3467250	0.4652904	0.1592089	0.1007772
3232988277.2030354	0.2210722	0.2423157	0.1904009	0.2734685	0.2826976	0.4228388	0.1286416	0.0929040	0.2309425	0.3045503	0.2746970	0.2607337	0.3467205	0.4652797	0.1591938	0.1007594
3232988277.2129235	0.2210526	0.2423108	0.1904244	0.2734760	0.2826936	0.4228160	0.1286475	0.0929173	0.2309605	0.3045513	0.2747024	0.2607242	0.3467145	0.4652824	0.1592089	0.1007545
3232988277.2228103	0.2210709	0.2423102	0.1904279	0.2734746	0.2826971	0.4228126	0.1286384	0.0928973	0.2309458	0.3045597	0.2746953	0.2607432	0.3467278	0.4652754	0.1591910	0.1007751
3232988277.2326984	0.2210726	0.2423187	0.1904096	0.2734523	0.2827176	0.4228239	0.1286477	0.0929039	0.2309468	0.3045383	0.2747109	0.2607203	0.3467252	0.4652746	0.1592032	0.1007640
3232988277.2425866	0.2210640	0.2423152	0.1904190	0.2734567	0.2827095	0.4228302	0.1286571	0.0929023	0.2309550	0.3045338	0.2747028	0.2607378	0.3467301	0.4652595	0.1591956	0.1007730
3232988277.2524748	0.2210630	0.2423182	0.1904172	0.2734771	0.2827010	0.4228128	0.1286575	0.0928853	0.2309482	0.3045505	0.2747202	0.2607368	0.3467202	0.4652572	0.1591980	0.1007553
3232988277.2623630	0.2210412	0.2423110	0.1904031	0.2734685	0.2827099	0.4228259	0.1286564	0.0928874	0.2309455	0.3045516	0.2747109	0.2607123	0.3467269	0.4652731	0.1592103	0.1007846
3232988277.2722511	0.2210592	0.2423246	0.1904100	0.2734766	0.2826877	0.4228170	0.1286502	0.0928945	0.2309703	0.3045488	0.2747007	0.2607181	0.3467154	0.4652675	0.1592109	0.1007702
3232988277.2821393	0.2210483	0.2423085	0.1904212	0.2734801	0.2827185	0.4228226	0.1286510	0.0929081	0.2309536	0.3045445	0.2746970	0.2607388	0.3467356	0.4652810	0.1592016	0.1007683
3232988277.2920275	0.2210653	0.2423249	0.1904262	0.2734541	0.2827126	0.4228426	0.1286589	0.0929115	0.2309517	0.3045238	0.2747153	0.2607365	0.3467313	0.4652566	0.1591990	0.1007698
3232988277.3019156	0.2210664	0.2423086	0.1904095	0.2734660	0.2826941	0.4228157	0.1286497	0.0929174	0.2309307	0.3045380	0.2747061	0.2607290	0.3467176	0.4652674	0.1592115	0.1007669
3232988277.3118038	0.2210355	0.2423123	0.1904114	0.2734809	0.2826994	0.4228184	0.1286490	0.0928911	0.2309539	0.3045529	0.2747060	0.2607092	0.3467175	0.4652689	0.1592082	0.1007861
3232988277.3216901	0.2210461	0.2423054	0.1904028	0.2734755	0.2827015	0.4228238	0.1286244	0.0929112	0.2309482	0.3045414	0.2747044	0.2607351	0.3467216	0.4652805	0.1592034	0.1007627
3232988277.3315783	0.2210617	0.2423231	0.1904212	0.2734674	0.2827078	0.4228227	0.1286627	0.0928836	0.2309588	0.3045440	0.2746966	0.2607310	0.3467448	0.4652516	0.1592035	0.1007642
3232988277.3414664	0.2210775	0.2423168	0.1904207	0.2734714	0.2827024	0.4228195	0.1286764	0.0929167	0.2309585	0.3045252	0.2747024	0.2607258	0.3467408	0.4652546	0.1592137	0.1007678
3232988277.3513546	0.2210587	0.2423177	0.1904179	0.2734810	0.2827139	0.4228072	0.1286520	0.0929083	0.2309678	0.3045420	0.2747117	0.2607277	0.3467285	0.4652670	0.1592028	0.1007542
3232988277.3612428	0.2210500	0.2423028	0.1904236	0.2734610	0.2827075	0.4228121	0.1286510	0.0928938	0.2309349	0.3045379	0.2746893	0.2607377	0.3467173	0.4652749	0.1591986	0.1007675
3232988277.3711309	0.2210577	0.2422998	0.1904009	0.2734837	0.2826952	0.4228070	0.1286407	0.0928943	0.2309458	0.3045449	0.2746959	0.2607255	0.3467220	0.4652508	0.1592020	0.1007632
3232988277.3810191	0.2210461	0.2422928	0.1904285	0.2734552	0.2826825	0.4227978	0.1286349	0.0929054	0.2309569	0.3045486	0.2746955	0.2607210	0.3467113	0.4652475	0.1592192	0.1007475
3232988277.3909073	0.2210598	0.2423050	0.1904199	0.2734629	0.2827090	0.4228151	0.1286410	0.0928815	0.2309622	0.3045313	0.2747021	0.2607161	0.3467313	0.4652497	0.1592111	0.1007551
3232988277.4007955	0.2210642	0.2423093	0.1904266	0.2734643	0.2826916	0.4228004	0.1286564	0.0929212	0.2309604	0.3045480	0.2747084	0.2607203	0.3467239	0.4652551	0.1592071	0.1007776
3232988277.4106836	0.2210504	0.2422966	0.1903954	0.2734648	0.2826845	0.4228050	0.1286526	0.0929206	0.2309605	0.3045611	0.2747130	0.2607205	0.3467243	0.4652519	0.1591933	0.1007533
3232988277.4205699	0.2210545	0.2423134	0.1904220	0.2734528	0.2826839	0.4228141	0.1286434	0.0928945	0.2309277	0.3045454	0.2747033	0.2607243	0.3467373	0.4652590	0.1592016	0.1007395
3232988277.4304581	0.2210529	0.2422966	0.1904206	0.2734751	0.2826933	0.4228054	0.1286468	0.0928983	0.2309518	0.3045518	0.2747184	0.2607098	0.3467262	0.4652608	0.1591975	0.1007645
3232988277.4403462	0.2210398	0.2422892	0.1904190	0.2734614	0.2827168	0.4227979	0.1286630	0.0928911	0.2309436	0.3045468	0.2747026	0.2607377	0.3467177	0.4652554	0.1592200	0.1007585
3232988277.4502344	0.2210508	0.2423117	0.1904013	0.2734594	0.2827053	0.4228137	0.1286507	0.0928858	0.2309621	0.3045264	0.2747039	0.2607126	0.3467326	0.4652548	0.1592164	0.1007766
3232988277.4601226	0.2210636	0.2423045	0.1904324	0.2734579	0.2826833	0.4228206	0.1286691	0.0928944	0.2309461	0.3045417	0.2747002	0.2607178	0.3467335	0.4652503	0.1591937	0.1007758
3232988277.4700108	0.2210616	0.2422960	0.1904041	0.2734656	0.2826966	0.4228041	0.1286390	0.0928994	0.2309470	0.3045465	0.2746858	0.2607246	0.3467149	0.4652538	0.1591980	0.1007567
3232988277.4798989	0.2210511	0.2422937	0.1904074	0.2734653	0.2826919	0.4228198	0.1286425	0.0929165	0.2309566	0.3045213	0.2747006	0.2607181	0.3467130	0.4652399	0.1592116	0.1007593
3232988277.4897871	0.2210530	0.2423107	0.1904062	0.2734477	0.2826813	0.4227938	0.1286488	0.0928903	0.2309533	0.3045378	0.2747195	0.2607162	0.3467295	0.4652584	0.1592037	0.1007575
3232988277.4996753	0.2210593	0.2423125	0.1904218	0.2734687	0.2827094	0.4228054	0.1286446	0.0929159	0.2309481	0.3045414	0.2747069	0.2607118	0.3467223	0.4652585	0.1592032	0.1007642
3232988277.5095634	0.2210445	0.2423098	0.1904022	0.2734724	0.2826901	0.4227875	0.1286584	0.0928963	0.2309453	0.3045231	0.2747051	0.2607163	0.3467249	0.4652451	0.1592118	0.1007462
