3232988390.4404101	0.1912790	0.2378703	0.1646831	0.2655237	0.0727859	0.1627284	0.2831161	0.3407057	0.2208827	0.3113985	0.2555391	0.2599950	0.0837399	0.1729917	0.3929236	0.3991825
3232988390.4502983	0.1912979	0.2379006	0.1646799	0.2655482	0.0727757	0.1627085	0.2831500	0.3407113	0.2208892	0.3113947	0.2555536	0.2600079	0.0837383	0.1729964	0.3929151	0.3991878
3232988390.4601865	0.1912797	0.2378871	0.1646828	0.2655330	0.0727915	0.1627068	0.2831275	0.3407165	0.2208860	0.3114122	0.2555442	0.2599997	0.0837264	0.1729784	0.3929373	0.3991794
3232988390.4700747	0.1912852	0.2378950	0.1646937	0.2655357	0.0727729	0.1627113	0.2831293	0.3407128	0.2208834	0.3113948	0.2555269	0.2599698	0.0837169	0.1729795	0.3929277	0.3991680
3232988390.4799628	0.1912936	0.2378830	0.1646705	0.2655353	0.0727697	0.1627088	0.2831202	0.3406960	0.2208982	0.3114169	0.2555412	0.2599936	0.0837287	0.1729659	0.3929381	0.3991657
3232988390.4898510	0.1912827	0.2378835	0.1646781	0.2655279	0.0727895	0.1626993	0.2831163	0.3407234	0.2208893	0.3114034	0.2555581	0.2600010	0.0837241	0.1729976	0.3929342	0.3991758
3232988390.4997392	0.1913116	0.2378801	0.1646686	0.2655243	0.0727724	0.1627128	0.2831258	0.3406994	0.2208865	0.3114225	0.2555523	0.2599927	0.0837325	0.1729715	0.3929265	0.3991703
3232988390.5096273	0.1912880	0.2378743	0.1646805	0.2655377	0.0727794	0.1627256	0.2831240	0.3407127	0.2208774	0.3114000	0.2555594	0.2599948	0.0837264	0.1729826	0.3929268	0.3991625
3232988390.5195155	0.1912825	0.2378809	0.1646807	0.2655338	0.0727890	0.1627232	0.2831380	0.3407037	0.2209048	0.3114056	0.2555549	0.2600053	0.0837182	0.1729838	0.3929582	0.3991773
3232988390.5294037	0.1912954	0.2378901	0.1646721	0.2655288	0.0727839	0.1627269	0.2831142	0.3407106	0.2208869	0.3113987	0.2555299	0.2599848	0.0837126	0.1729864	0.3929259	0.3991783
3232988390.5392899	0.1912898	0.2378677	0.1646957	0.2655404	0.0727758	0.1627044	0.2831291	0.3407082	0.2208757	0.3114210	0.2555337	0.2600189	0.0837221	0.1729832	0.3929325	0.3991658
3232988390.5491781	0.1912877	0.2378802	0.1646798	0.2655400	0.0727842	0.1627029	0.2831373	0.3407229	0.2208823	0.3114083	0.2555503	0.2599998	0.0837233	0.1729983	0.3929291	0.3991636
3232988390.5590663	0.1912995	0.2378984	0.1646865	0.2655190	0.0727930	0.1627220	0.2831358	0.3407129	0.2208838	0.3114024	0.2555295	0.2599992	0.0837350	0.1729949	0.3929406	0.3991646
3232988390.5689545	0.1912933	0.2378849	0.1647026	0.2655137	0.0727913	0.1627231	0.2831240	0.3407261	0.2208842	0.3113985	0.2555573	0.2599943	0.0837301	0.1729856	0.3929302	0.3991725
3232988390.5788426	0.1913013	0.2378860	0.1646849	0.2655327	0.0727826	0.1627144	0.2831055	0.3407034	0.2208920	0.3114269	0.2555392	0.2600003	0.0837249	0.1729739	0.3929329	0.3991598
3232988390.5887308	0.1912957	0.2378893	0.1646723	0.2655399	0.0727962	0.1627146	0.2831223	0.3407036	0.2208813	0.3114095	0.2555496	0.2599914	0.0837193	0.1729753	0.3929231	0.3991826
3232988390.5986190	0.1912870	0.2378777	0.1646901	0.2655350	0.0727842	0.1627067	0.2831185	0.3407221	0.2208897	0.3114065	0.2555566	0.2599939	0.0837342	0.1729767	0.3929308	0.3991955
3232988390.6085072	0.1913001	0.2378979	0.1646934	0.2655395	0.0727904	0.1627140	0.2831377	0.3407210	0.2208851	0.3114262	0.2555361	0.2599959	0.0837209	0.1729760	0.3929280	0.3991890
3232988390.6183953	0.1912730	0.2378756	0.1646908	0.2655418	0.0727873	0.1627338	0.2831478	0.3407131	0.2208910	0.3114251	0.2555506	0.2599900	0.0837204	0.1729890	0.3929316	0.3991584
3232988390.6282835	0.1912806	0.2379061	0.1646783	0.2655436	0.0727836	0.1627137	0.2831214	0.3406986	0.2208856	0.3114003	0.2555548	0.2600024	0.0837208	0.1729798	0.3929329	0.3991770
3232988390.6381702	0.1912844	0.2378739	0.1646877	0.2655357	0.0727788	0.1627311	0.2831362	0.3406977	0.2208764	0.3114002	0.2555623	0.2599870	0.0837178	0.1729650	0.3929428	0.3991695
3232988390.6480584	0.1912899	0.2378892	0.1646678	0.2655334	0.0727990	0.1626994	0.2831298	0.3407121	0.2208822	0.3114060	0.2555433	0.2600018	0.0837168	0.1729890	0.3929533	0.3991855
3232988390.6579466	0.1912969	0.2378972	0.1646996	0.2655206	0.0727867	0.1627095	0.2831328	0.3406920	0.2208811	0.3114107	0.2555538	0.2599909	0.0837326	0.1729760	0.3929524	0.3991577
3232988390.6678348	0.1913076	0.2378895	0.1646842	0.2655271	0.0727827	0.1627218	0.2831318	0.3407173	0.2208712	0.3114126	0.2555486	0.2599903	0.0837226	0.1729830	0.3929376	0.3991851
3232988390.6777229	0.1913020	0.2378923	0.1647064	0.2655492	0.0727916	0.1627485	0.2831309	0.3407087	0.2208866	0.3114151	0.2555449	0.2600070	0.0837242	0.1729845	0.3929365	0.3991885
3232988390.6876111	0.1912855	0.2378878	0.1646781	0.2655470	0.0727844	0.1627020	0.2831251	0.3407176	0.2208638	0.3114144	0.2555484	0.2600140	0.0837252	0.1730098	0.3929265	0.3991842
3232988390.6974993	0.1913029	0.2379008	0.1646909	0.2655397	0.0727906	0.1627065	0.2831302	0.3407121	0.2209057	0.3114025	0.2555590	0.2599941	0.0837049	0.1729794	0.3929485	0.3991559
3232988390.7073874	0.1912936	0.2379165	0.1646855	0.2655366	0.0727992	0.1627115	0.2831482	0.3407157	0.2208835	0.3114232	0.2555711	0.2599894	0.0837061	0.1729942	0.3929294	0.3991861
3232988390.7172756	0.1913004	0.2378941	0.1646946	0.2655403	0.0727728	0.1627138	0.2831380	0.3407504	0.2208906	0.3114155	0.2555517	0.2600199	0.0837231	0.1729801	0.3929452	0.3991764
3232988390.7271638	0.1912889	0.2378984	0.1646815	0.2655646	0.0728060	0.1627116	0.2831325	0.3407232	0.2208931	0.3114182	0.2555612	0.2599918	0.0837257	0.1730072	0.3929294	0.3992005
3232988390.7370501	0.1912838	0.2378928	0.1646859	0.2655317	0.0728099	0.1627161	0.2831141	0.3407083	0.2208983	0.3114289	0.2555498	0.2600093	0.0837132	0.1729931	0.3929187	0.3991944
3232988390.7469382	0.1912817	0.2378953	0.1646866	0.2655358	0.0727759	0.1627069	0.2831216	0.3407086	0.2208847	0.3114165	0.2555476	0.2599977	0.0837293	0.1729846	0.3929097	0.3991835
3232988390.7568264	0.1912910	0.2378876	0.1646731	0.2655239	0.0727659	0.1627288	0.2831328	0.3407222	0.2208719	0.3114288	0.2555375	0.2600037	0.0837155	0.1729947	0.3929246	0.3991939
3232988390.7667146	0.1912936	0.2378893	0.1646918	0.2655590	0.0727707	0.1627310	0.2831382	0.3407208	0.2208793	0.3114225	0.2555376	0.2600089	0.0837133	0.1729881	0.3929457	0.3991926
3232988390.7766027	0.1912968	0.2378951	0.1646992	0.2655331	0.0727934	0.1627120	0.2831318	0.3407298	0.2208980	0.3113991	0.2555551	0.2599896	0.0837246	0.1729990	0.3929470	0.3991668
3232988390.7864909	0.1912947	0.2378861	0.1646933	0.2655322	0.0727990	0.1627146	0.2831206	0.3407175	0.2208890	0.3114133	0.2555447	0.2599966	0.0837309	0.1730073	0.3929231	0.3991818
3232988390.7963791	0.1912883	0.2378934	0.1647002	0.2655359	0.0727983	0.1627315	0.2831154	0.3407067	0.2208798	0.3114085	0.2555415	0.2599986	0.0837139	0.1729828	0.3929296	0.3991739
3232988390.8062673	0.1912844	0.2378799	0.1646768	0.2655210	0.0727855	0.1627202	0.2831553	0.3407283	0.2208971	0.3114156	0.2555656	0.2599856	0.0837216	0.1729836	0.3929233	0.3991751
3232988390.8161554	0.1913013	0.2378877	0.1646864	0.2655362	0.0728140	0.1626996	0.2831371	0.3407272	0.2208812	0.3114211	0.2555370	0.2600075	0.0837099	0.1729869	0.3929318	0.3991841
3232988390.8260436	0.1912934	0.2379061	0.1646920	0.2655413	0.0727966	0.1627181	0.2831469	0.3407208	0.2208885	0.3114188	0.2555483	0.2599917	0.0837230	0.1729834	0.3929381	0.3991902
3232988390.8359299	0.1912789	0.2378889	0.1646972	0.2655460	0.0727949	0.1627159	0.2831320	0.3407179	0.2208610	0.3114194	0.2555598	0.2600050	0.0837056	0.1729968	0.3929396	0.3991704
3232988390.8458180	0.1912809	0.2379010	0.1646683	0.2655379	0.0727987	0.1627173	0.2831434	0.3407193	0.2208940	0.3114148	0.2555558	0.2599954	0.0837349	0.1729977	0.3929422	0.3991840
3232988390.8557062	0.1913042	0.2379059	0.1646961	0.2655304	0.0728029	0.1627089	0.2831209	0.3407283	0.2208733	0.3114025	0.2555589	0.2600003	0.0837259	0.1729943	0.3929362	0.3991742
3232988390.8655944	0.1912962	0.2378875	0.1646736	0.2655351	0.0727947	0.1626906	0.2831482	0.3406928	0.2208968	0.3113994	0.2555521	0.2600001	0.0837447	0.1729857	0.3929359	0.3991771
3232988390.8754826	0.1912982	0.2378972	0.1646948	0.2655402	0.0727792	0.1627083	0.2831486	0.3407319	0.2208924	0.3114211	0.2555564	0.2600191	0.0837344	0.1729963	0.3929255	0.3991647
3232988390.8853707	0.1912956	0.2378959	0.1646868	0.2655384	0.0727812	0.1627120	0.2831354	0.3407203	0.2208788	0.3114367	0.2555576	0.2600038	0.0837269	0.1729746	0.3929299	0.3991869
3232988390.8952589	0.1913037	0.2378932	0.1646768	0.2655349	0.0727839	0.1627184	0.2831341	0.3407149	0.2208959	0.3114033	0.2555383	0.2600107	0.0837202	0.1729986	0.3929337	0.3991775
3232988390.9051471	0.1913000	0.2378773	0.1646614	0.2655218	0.0727624	0.1627013	0.2831305	0.3407222	0.2208646	0.3114101	0.2555508	0.2599896	0.0837395	0.1729884	0.3929579	0.3991921
3232988390.9150352	0.1912948	0.2379028	0.1646929	0.2655441	0.0727806	0.1627141	0.2831223	0.3407215	0.2208810	0.3114192	0.2555647	0.2599920	0.0837277	0.1729778	0.3929362	0.3991722
3232988390.9249234	0.1913095	0.2378653	0.1646859	0.2655234	0.0727971	0.1627085	0.2831565	0.3407040	0.2208753	0.3114177	0.2555666	0.2600034	0.0837142	0.1729934	0.3929218	0.3991797
3232988390.9348102	0.1913030	0.2378881	0.1646833	0.2655392	0.0727959	0.1627235	0.2831216	0.3407158	0.2209100	0.3114199	0.2555581	0.2600093	0.0837165	0.1729767	0.3929320	0.3991896
3232988390.9446983	0.1912928	0.2378929	0.1646921	0.2655317	0.0727910	0.1627048	0.2831251	0.3407097	0.2208991	0.3114190	0.2555503	0.2599842	0.0837150	0.1729711	0.3929257	0.3991862
3232988390.9545865	0.1913026	0.2378839	0.1646969	0.2655231	0.0727809	0.1627178	0.2831235	0.3407151	0.2208803	0.3114134	0.2555369	0.2599939	0.0837333	0.1729922	0.3929269	0.3991800
3232988390.9644747	0.1912813	0.2378927	0.1646630	0.2655248	0.0727849	0.1627164	0.2831257	0.3407099	0.2208935	0.3114019	0.2555566	0.2599802	0.0837161	0.1729820	0.3929351	0.3991690
3232988390.9743628	0.1913047	0.2378813	0.1646847	0.2655391	0.0728037	0.1627051	0.2831319	0.3407054	0.2208784	0.3114058	0.2555244	0.2600108	0.0837352	0.1729656	0.3929384	0.3991946
3232988390.9842510	0.1912813	0.2378791	0.1646998	0.2655340	0.0728071	0.1627075	0.2831453	0.3407170	0.2208781	0.3114145	0.2555457	0.2599934	0.0837194	0.1729941	0.3929368	0.3991922
3232988390.9941392	0.1912896	0.2378721	0.1646835	0.2655263	0.0727803	0.1627338	0.2831277	0.3406858	0.2208654	0.3114236	0.2555490	0.2600010	0.0837205	0.1729864	0.3929203	0.3991666
3232988391.0040274	0.1912890	0.2378921	0.1646901	0.2655437	0.0727699	0.1627088	0.2831375	0.3406997	0.2208865	0.3114013	0.2555516	0.2599990	0.0837258	0.1729921	0.3929450	0.3991672
3232988391.0139155	0.1912869	0.2378920	0.1647035	0.2655215	0.0727874	0.1626923	0.2831319	0.3407039	0.2208877	0.3113900	0.2555403	0.2599905	0.0837160	0.1729921	0.3929308	0.3991781
3232988391.0238037	0.1913062	0.2378659	0.1647017	0.2655417	0.0727952	0.1627134	0.2831372	0.3407097	0.2208863	0.3114211	0.2555616	0.2599816	0.0837266	0.1729974	0.3929405	0.3991675
3232988391.0336900	0.1913169	0.2378799	0.1646969	0.2655120	0.0727789	0.1627158	0.2831301	0.3406951	0.2208754	0.3114029	0.2555418	0.2600019	0.0837446	0.1729839	0.3929391	0.3991767
3232988391.0435781	0.1913048	0.2378735	0.1646981	0.2655410	0.0728044	0.1627159	0.2831345	0.3406896	0.2208776	0.3114074	0.2555380	0.2599998	0.0837395	0.1729852	0.3929279	0.3991664
3232988391.0534663	0.1912983	0.2378884	0.1646774	0.2655278	0.0727880	0.1627107	0.2831429	0.3407020	0.2208672	0.3114052	0.2555597	0.2599882	0.0837317	0.1729999	0.3929490	0.3991565
3232988391.0633545	0.1912880	0.2378699	0.1646972	0.2655053	0.0727891	0.1627213	0.2831394	0.3407223	0.2208908	0.3113924	0.2555549	0.2599887	0.0837241	0.1729766	0.3929500	0.3991639
3232988391.0732427	0.1912817	0.2378954	0.1646659	0.2655241	0.0727832	0.1627042	0.2831463	0.3407077	0.2208864	0.3113959	0.2555437	0.2599941	0.0837176	0.1729916	0.3929443	0.3991639
3232988391.0831308	0.1912976	0.2378805	0.1646867	0.2655373	0.0727885	0.1627023	0.2831342	0.3407130	0.2208841	0.3114126	0.2555523	0.2599823	0.0837149	0.1729849	0.3929331	0.3991818
3232988391.0930190	0.1913043	0.2378817	0.1646940	0.2655022	0.0727847	0.1627141	0.2831148	0.3407343	0.2208754	0.3113995	0.2555775	0.2599822	0.0837372	0.1729980	0.3929268	0.3991734
3232988391.1029072	0.1913147	0.2378895	0.1646816	0.2655500	0.0727917	0.1627082	0.2831238	0.3407010	0.2208845	0.3113822	0.2555543	0.2599904	0.0837125	0.1729705	0.3929470	0.3991704
3232988391.1127954	0.1912753	0.2378725	0.1646995	0.2655022	0.0727842	0.1626983	0.2831415	0.3407032	0.2208853	0.3114020	0.2555504	0.2599870	0.0837478	0.1729965	0.3929241	0.3991512
3232988391.1226835	0.1912792	0.2378879	0.1646713	0.2655095	0.0727770	0.1626995	0.2831416	0.3406974	0.2208695	0.3114078	0.2555519	0.2599907	0.0837093	0.1729832	0.3929439	0.3991683
3232988391.1325703	0.1913004	0.2378896	0.1646755	0.2655188	0.0727930	0.1627243	0.2831298	0.3407047	0.2208646	0.3113979	0.2555518	0.2599820	0.0837259	0.1729798	0.3929459	0.3991650
3232988391.1424584	0.1912887	0.2378840	0.1646896	0.2655353	0.0728100	0.1626970	0.2831396	0.3407009	0.2208881	0.3113921	0.2555388	0.2600014	0.0837167	0.1729908	0.3929367	0.3991752
3232988391.1523466	0.1912750	0.2378780	0.1646773	0.2655291	0.0727822	0.1627177	0.2831322	0.3407229	0.2208918	0.3113994	0.2555684	0.2599794	0.0837293	0.1729947	0.3929359	0.3991547
3232988391.1622348	0.1913026	0.2378762	0.1646766	0.2655359	0.0727892	0.1627153	0.2831405	0.3406969	0.2208656	0.3113890	0.2555246	0.2600067	0.0837318	0.1729785	0.3929461	0.3991805
3232988391.1721230	0.1913002	0.2378743	0.1646745	0.2655319	0.0727880	0.1626989	0.2831368	0.3407127	0.2208938	0.3113899	0.2555555	0.2599943	0.0837276	0.1729756	0.3929421	0.3991775
3232988391.1820111	0.1912951	0.2378890	0.1646772	0.2655149	0.0727788	0.1627159	0.2831364	0.3406947	0.2208790	0.3113991	0.2555612	0.2599901	0.0837267	0.1729744	0.3929356	0.3991882
3232988391.1918993	0.1912910	0.2378939	0.1646699	0.2655265	0.0727878	0.1627176	0.2831114	0.3407006	0.2208771	0.3113972	0.2555560	0.2599969	0.0837255	0.1729891	0.3929357	0.3991590
3232988391.2017875	0.1913029	0.2378964	0.1646882	0.2655120	0.0728051	0.1627238	0.2831351	0.3406907	0.2208779	0.3113921	0.2555471	0.2599787	0.0837399	0.1729874	0.3929452	0.3991649
3232988391.2116756	0.1912996	0.2378852	0.1646867	0.2655143	0.0727909	0.1627042	0.2831356	0.3407088	0.2208706	0.3114011	0.2555386	0.2599863	0.0837357	0.1729952	0.3929425	0.3991680
3232988391.2215638	0.1912995	0.2378852	0.1646803	0.2655224	0.0727910	0.1627080	0.2831388	0.3407028	0.2208859	0.3113922	0.2555611	0.2599884	0.0837232	0.1729740	0.3929581	0.3991625
3232988391.2314501	0.1912927	0.2378817	0.1646682	0.2655376	0.0727715	0.1626998	0.2831168	0.3407028	0.2208836	0.3114120	0.2555457	0.2599839	0.0837144	0.1729806	0.3929479	0.3991799
3232988391.2413383	0.1913000	0.2378778	0.1646865	0.2655330	0.0727786	0.1627173	0.2831403	0.3406912	0.2208632	0.3113925	0.2555369	0.2599874	0.0837277	0.1729740	0.3929266	0.3991469
3232988391.2512264	0.1912940	0.2378914	0.1646880	0.2655328	0.0727997	0.1627266	0.2831316	0.3407114	0.2208991	0.3113955	0.2555429	0.2600007	0.0837293	0.1729760	0.3929321	0.3991651
3232988391.2611146	0.1912919	0.2378797	0.1646930	0.2655316	0.0727808	0.1627035	0.2831468	0.3406990	0.2208758	0.3114242	0.2555494	0.2599967	0.0837275	0.1729696	0.3929420	0.3991684
3232988391.2710028	0.1912900	0.2378800	0.1646694	0.2655398	0.0727892	0.1626924	0.2831287	0.3406903	0.2208873	0.3113930	0.2555502	0.2599718	0.0837302	0.1729912	0.3929357	0.3991697
3232988391.2808909	0.1912971	0.2378805	0.1646815	0.2654988	0.0727830	0.1626916	0.2831151	0.3407015	0.2208707	0.3113920	0.2555605	0.2599778	0.0837295	0.1729781	0.3929300	0.3991578
3232988391.2907791	0.1912893	0.2378782	0.1646940	0.2655254	0.0727780	0.1627103	0.2831498	0.3407168	0.2208819	0.3113869	0.2555453	0.2599870	0.0837339	0.1729895	0.3929287	0.3991723
3232988391.3006673	0.1912864	0.2378738	0.1646788	0.2655160	0.0727801	0.1627137	0.2831343	0.3407058	0.2208876	0.3114113	0.2555423	0.2599910	0.0837183	0.1729789	0.3929434	0.3991748
3232988391.3105555	0.1912806	0.2379002	0.1647002	0.2655312	0.0728026	0.1626934	0.2831402	0.3407158	0.2209003	0.3114120	0.2555359	0.2599728	0.0837180	0.1729870	0.3929385	0.3991474
3232988391.3204436	0.1912926	0.2378837	0.1646794	0.2655198	0.0727850	0.1627294	0.2831317	0.3406982	0.2208688	0.3113942	0.2555448	0.2599825	0.0837223	0.1729784	0.3929433	0.3991509
3232988391.3303299	0.1912903	0.2378744	0.1646650	0.2655354	0.0727960	0.1627056	0.2831156	0.3406892	0.2208818	0.3113996	0.2555279	0.2599822	0.0837175	0.1729960	0.3929298	0.3991621
3232988391.3402181	0.1912750	0.2378887	0.1646776	0.2655181	0.0727949	0.1626966	0.2831066	0.3407026	0.2208694	0.3114004	0.2555640	0.2599865	0.0837174	0.1729686	0.3929354	0.3991628
3232988391.3501062	0.1913052	0.2378949	0.1646789	0.2655170	0.0727752	0.1627081	0.2831303	0.3406923	0.2208709	0.3113942	0.2555540	0.2599835	0.0837031	0.1729730	0.3929305	0.3991607
3232988391.3599944	0.1912866	0.2379079	0.1646930	0.2655211	0.0727938	0.1626953	0.2831414	0.3407040	0.2208770	0.3113903	0.2555536	0.2599930	0.0837278	0.1729649	0.3929332	0.3991527
3232988391.3698826	0.1912927	0.2378911	0.1646723	0.2655383	0.0728106	0.1627183	0.2831215	0.3406948	0.2208895	0.3114020	0.2555494	0.2599804	0.0837342	0.1729841	0.3929297	0.3991564
3232988391.3797708	0.1913034	0.2378829	0.1646823	0.2655186	0.0727688	0.1627162	0.2831254	0.3406967	0.2208883	0.3114036	0.2555455	0.2599694	0.0837356	0.1729782	0.3929197	0.3991455
3232988391.3896589	0.1912811	0.2378651	0.1646869	0.2655236	0.0727836	0.1626900	0.2831384	0.3407065	0.2208821	0.3114018	0.2555397	0.2599959	0.0837265	0.1729702	0.3929218	0.3991665
3232988391.3995471	0.1913036	0.2378744	0.1646940	0.2655267	0.0727943	0.1627053	0.2831351	0.3407084	0.2208676	0.3113909	0.2555315	0.2599884	0.0837308	0.1729723	0.3929338	0.3991630
3232988391.4094353	0.1913027	0.2378697	0.1646879	0.2655284	0.0728074	0.1627038	0.2831236	0.3406939	0.2208913	0.3113872	0.2555356	0.2599784	0.0837291	0.1729746	0.3929210	0.3991676
3232988391.4193234	0.1912810	0.2378944	0.1646863	0.2655326	0.0727838	0.1627127	0.2831356	0.3407090	0.2208786	0.3113946	0.2555501	0.2599642	0.0837350	0.1729829	0.3929296	0.3991482
3232988391.4292102	0.1912955	0.2378716	0.1646914	0.2655332	0.0728104	0.1627083	0.2831391	0.3406739	0.2208747	0.3113940	0.2555360	0.2599817	0.0837294	0.1729676	0.3929347	0.3991606
3232988391.4390984	0.1912952	0.2378778	0.1646942	0.2655153	0.0727870	0.1627047	0.2831141	0.3406986	0.2208858	0.3113731	0.2555468	0.2599845	0.0837177	0.1729638	0.3929210	0.3991388
3232988391.4489865	0.1912967	0.2378890	0.1646733	0.2655338	0.0727787	0.1627089	0.2831255	0.3407087	0.2208755	0.3113903	0.2555375	0.2599861	0.0837316	0.1729777	0.3929286	0.3991410
3232988391.4588747	0.1912812	0.2378782	0.1646855	0.2655282	0.0727956	0.1626965	0.2831266	0.3407068	0.2208775	0.3113952	0.2555412	0.2599863	0.0837382	0.1729831	0.3929369	0.3991458
3232988391.4687629	0.1912893	0.2378958	0.1646889	0.2655237	0.0727916	0.1627071	0.2831169	0.3406880	0.2208826	0.3114008	0.2555325	0.2600037	0.0837350	0.1729747	0.3929273	0.3991615
3232988391.4786510	0.1912911	0.2378896	0.1646947	0.2655239	0.0727896	0.1626835	0.2831431	0.3406933	0.2208793	0.3113953	0.2555363	0.2599711	0.0837082	0.1729761	0.3929203	0.3991598
3232988391.4885392	0.1912966	0.2378569	0.1646692	0.2655407	0.0727829	0.1627022	0.2831279	0.3406868	0.2208820	0.3113889	0.2555302	0.2599786	0.0837334	0.1729615	0.3929280	0.3991526
3232988391.4984274	0.1912975	0.2378768	0.1646768	0.2655124	0.0727789	0.1627236	0.2831120	0.3407027	0.2208858	0.3113954	0.2555511	0.2599795	0.0837277	0.1729954	0.3929338	0.3991607
3232988391.5083156	0.1913053	0.2378696	0.1647049	0.2655120	0.0727908	0.1626960	0.2831227	0.3407027	0.2208777	0.3113988	0.2555521	0.2599795	0.0837277	0.1729759	0.3929312	0.3991589
3232988391.5182037	0.1912804	0.2378875	0.1646790	0.2655079	0.0728020	0.1627130	0.2831232	0.3407064	0.2208708	0.3113889	0.2555484	0.2600024	0.0837252	0.1729777	0.3929374	0.3991593
3232988391.5280900	0.1912879	0.2378957	0.1646655	0.2655057	0.0728004	0.1627082	0.2831208	0.3406930	0.2208819	0.3113961	0.2555686	0.2599898	0.0837394	0.1729632	0.3929317	0.3991761
3232988391.5379782	0.1912842	0.2378652	0.1646923	0.2655342	0.0727914	0.1627078	0.2831151	0.3407045	0.2208860	0.3113990	0.2555466	0.2599722	0.0837077	0.1729725	0.3929193	0.3991592
3232988391.5478663	0.1912887	0.2378759	0.1646726	0.2655212	0.0727628	0.1627056	0.2831242	0.3406875	0.2208733	0.3113988	0.2555543	0.2600176	0.0837220	0.1729814	0.3929236	0.3991618
3232988391.5577545	0.1912771	0.2378764	0.1646937	0.2655209	0.0727810	0.1627085	0.2831269	0.3407164	0.2208652	0.3113930	0.2555405	0.2599828	0.0837180	0.1729730	0.3929180	0.3991489
3232988391.5676427	0.1912981	0.2378629	0.1646991	0.2655316	0.0728102	0.1627304	0.2831292	0.3407010	0.2208820	0.3113806	0.2555394	0.2599817	0.0837246	0.1729901	0.3929204	0.3991621
3232988391.5775309	0.1912732	0.2378838	0.1646759	0.2655241	0.0727813	0.1627123	0.2831383	0.3407112	0.2208744	0.3114100	0.2555415	0.2599985	0.0837231	0.1729832	0.3929259	0.3991432
3232988391.5874190	0.1912941	0.2378893	0.1646707	0.2655185	0.0727827	0.1626999	0.2831232	0.3406908	0.2208830	0.3113913	0.2555323	0.2599839	0.0837187	0.1729819	0.3929153	0.3991417
3232988391.5973072	0.1912854	0.2378766	0.1646694	0.2655137	0.0727833	0.1627035	0.2831277	0.3406987	0.2208954	0.3113871	0.2555476	0.2599714	0.0836999	0.1729793	0.3929245	0.3991485
3232988391.6071954	0.1913102	0.2378914	0.1646759	0.2655156	0.0727782	0.1627119	0.2831309	0.3407061	0.2208629	0.3113992	0.2555457	0.2599868	0.0837209	0.1729674	0.3929207	0.3991733
3232988391.6170835	0.1912806	0.2378974	0.1646651	0.2655355	0.0727792	0.1627055	0.2831427	0.3407051	0.2208798	0.3113950	0.2555289	0.2599990	0.0837290	0.1729867	0.3929108	0.3991662
3232988391.6269703	0.1912872	0.2378832	0.1646803	0.2655179	0.0727829	0.1627238	0.2831402	0.3407102	0.2208714	0.3114004	0.2555268	0.2599970	0.0837211	0.1729805	0.3929072	0.3991483
3232988391.6368585	0.1912935	0.2378951	0.1646725	0.2655386	0.0727878	0.1626977	0.2831262	0.3407275	0.2208685	0.3114051	0.2555171	0.2600033	0.0836996	0.1729760	0.3929118	0.3991795
3232988391.6467466	0.1912770	0.2378776	0.1646789	0.2655429	0.0727654	0.1627111	0.2831177	0.3407201	0.2208690	0.3114150	0.2555232	0.2599953	0.0837149	0.1729881	0.3929130	0.3991492
3232988391.6566348	0.1912886	0.2378836	0.1646855	0.2655281	0.0727784	0.1626922	0.2831311	0.3407045	0.2208681	0.3113959	0.2555084	0.2600035	0.0837110	0.1729951	0.3928983	0.3991651
3232988391.6665230	0.1912880	0.2378970	0.1646592	0.2655474	0.0727854	0.1627159	0.2831254	0.3407156	0.2208601	0.3113991	0.2555314	0.2599934	0.0836909	0.1729958	0.3928983	0.3991649
3232988391.6764111	0.1913004	0.2378692	0.1646774	0.2655397	0.0727988	0.1627084	0.2831324	0.3407069	0.2208762	0.3114139	0.2555056	0.2599901	0.0837096	0.1729998	0.3928881	0.3991784
3232988391.6862993	0.1912977	0.2378955	0.1646679	0.2655320	0.0727973	0.1627282	0.2831260	0.3406971	0.2208497	0.3114000	0.2555172	0.2600072	0.0837072	0.1729734	0.3928786	0.3991669
3232988391.6961875	0.1912928	0.2378903	0.1646654	0.2655204	0.0727699	0.1626929	0.2831234	0.3407083	0.2208462	0.3114043	0.2555255	0.2600016	0.0837097	0.1729821	0.3929124	0.3991868
3232988391.7060757	0.1912836	0.2378776	0.1646762	0.2655312	0.0727918	0.1627072	0.2831150	0.3407012	0.2208521	0.3114086	0.2555357	0.2600030	0.0837164	0.1729760	0.3929048	0.3991715
3232988391.7159638	0.1912863	0.2378960	0.1646909	0.2655308	0.0728016	0.1627186	0.2831162	0.3407104	0.2208696	0.3114138	0.2555353	0.2600174	0.0837234	0.1729832	0.3929017	0.3991805
3232988391.7258501	0.1913011	0.2378929	0.1646690	0.2655289	0.0727777	0.1627224	0.2831386	0.3407248	0.2208676	0.3114125	0.2555317	0.2599878	0.0837239	0.1729737	0.3929083	0.3991540
3232988391.7357383	0.1912851	0.2378795	0.1646606	0.2655355	0.0727949	0.1627213	0.2831326	0.3407137	0.2208616	0.3114200	0.2555418	0.2599835	0.0837255	0.1729736	0.3929253	0.3991829
3232988391.7456264	0.1912907	0.2378714	0.1646681	0.2655485	0.0727927	0.1627073	0.2831216	0.3407066	0.2208835	0.3114104	0.2555551	0.2599932	0.0837104	0.1729863	0.3929142	0.3991741
3232988391.7555146	0.1912783	0.2378901	0.1646664	0.2655322	0.0727841	0.1626991	0.2831211	0.3406956	0.2208675	0.3114048	0.2555320	0.2600029	0.0837251	0.1729694	0.3929261	0.3991808
3232988391.7654028	0.1912675	0.2378815	0.1646879	0.2655464	0.0727703	0.1626968	0.2831337	0.3407304	0.2208731	0.3114094	0.2555441	0.2599880	0.0837207	0.1729837	0.3929145	0.3991751
3232988391.7752910	0.1912899	0.2378816	0.1646666	0.2655417	0.0727835	0.1627065	0.2831324	0.3407104	0.2208787	0.3114064	0.2555461	0.2599808	0.0837277	0.1729833	0.3929230	0.3991809
3232988391.7851791	0.1912868	0.2378882	0.1646773	0.2655203	0.0727767	0.1627213	0.2831175	0.3407011	0.2208910	0.3114038	0.2555367	0.2600066	0.0837278	0.1729943	0.3929338	0.3991689
3232988391.7950673	0.1912716	0.2378864	0.1646627	0.2655238	0.0727878	0.1627101	0.2831228	0.3407224	0.2208684	0.3114188	0.2555323	0.2600132	0.0837343	0.1729884	0.3929313	0.3991565
3232988391.8049555	0.1912806	0.2378897	0.1646756	0.2655343	0.0727989	0.1627116	0.2831160	0.3407006	0.2208674	0.3114080	0.2555256	0.2600062	0.0837363	0.1729888	0.3928980	0.3991707
3232988391.8148437	0.1912939	0.2379030	0.1646717	0.2655229	0.0727798	0.1626889	0.2831380	0.3407146	0.2208651	0.3114212	0.2555398	0.2599882	0.0837191	0.1729877	0.3929205	0.3991659
3232988391.8247299	0.1912916	0.2378918	0.1646738	0.2655281	0.0727915	0.1627126	0.2831199	0.3407314	0.2208712	0.3114050	0.2555336	0.2600003	0.0837217	0.1729949	0.3929287	0.3991857
3232988391.8346181	0.1912829	0.2378699	0.1646736	0.2655465	0.0727844	0.1627250	0.2831282	0.3407275	0.2208636	0.3114259	0.2555268	0.2600001	0.0837156	0.1729683	0.3929198	0.3992008
3232988391.8445063	0.1912737	0.2378989	0.1646717	0.2655316	0.0727945	0.1627114	0.2831282	0.3407200	0.2208802	0.3114079	0.2555457	0.2599810	0.0837183	0.1729847	0.3929318	0.3991831
3232988391.8543944	0.1912803	0.2378948	0.1646716	0.2655378	0.0727770	0.1627078	0.2831242	0.3407079	0.2208592	0.3114225	0.2555275	0.2600058	0.0837097	0.1729807	0.3929232	0.3991698
3232988391.8642826	0.1912932	0.2378925	0.1646663	0.2655396	0.0727751	0.1627150	0.2831348	0.3407244	0.2208705	0.3114069	0.2555406	0.2600005	0.0836951	0.1729851	0.3929220	0.3991738
3232988391.8741708	0.1912927	0.2378779	0.1646723	0.2655357	0.0727923	0.1627287	0.2831123	0.3407236	0.2208558	0.3114219	0.2555451	0.2599916	0.0837276	0.1729792	0.3929053	0.3991825
3232988391.8840590	0.1912835	0.2378856	0.1646789	0.2655413	0.0727943	0.1627145	0.2831178	0.3407250	0.2208803	0.3114235	0.2555277	0.2600007	0.0837146	0.1729959	0.3929251	0.3991657
3232988391.8939471	0.1912901	0.2378923	0.1646973	0.2655466	0.0727785	0.1627121	0.2831241	0.3407184	0.2208716	0.3114109	0.2555388	0.2600042	0.0837158	0.1729915	0.3929182	0.3991918
3232988391.9038353	0.1912829	0.2379152	0.1646718	0.2655380	0.0727843	0.1627138	0.2831103	0.3407117	0.2208695	0.3114195	0.2555314	0.2599943	0.0837068	0.1729920	0.3929253	0.3991648
3232988391.9137235	0.1912869	0.2378900	0.1646713	0.2655493	0.0727844	0.1627019	0.2831030	0.3407097	0.2208526	0.3114015	0.2555314	0.2599921	0.0837283	0.1729796	0.3928872	0.3991901
3232988391.9236102	0.1912675	0.2378918	0.1646922	0.2655358	0.0728004	0.1627234	0.2831256	0.3407228	0.2208633	0.3114247	0.2555319	0.2600009	0.0837229	0.1729957	0.3929230	0.3991780
3232988391.9334984	0.1912767	0.2378967	0.1646746	0.2655464	0.0727738	0.1626976	0.2831110	0.3407298	0.2208740	0.3114137	0.2555336	0.2600100	0.0837303	0.1729782	0.3929138	0.3991922
3232988391.9433866	0.1912873	0.2379013	0.1646717	0.2655574	0.0727749	0.1627259	0.2831143	0.3407384	0.2208634	0.3114004	0.2555275	0.2599946	0.0837104	0.1730088	0.3929134	0.3991726
3232988391.9532747	0.1912772	0.2378717	0.1646739	0.2655347	0.0727850	0.1627091	0.2831087	0.3407051	0.2208691	0.3114052	0.2555295	0.2599927	0.0837201	0.1729950	0.3928974	0.3991696
3232988391.9631629	0.1912940	0.2378814	0.1646811	0.2655368	0.0727734	0.1627187	0.2831107	0.3407250	0.2208786	0.3114074	0.2555191	0.2600020	0.0837188	0.1729826	0.3929153	0.3991865
3232988391.9730511	0.1912699	0.2379016	0.1646698	0.2655312	0.0727667	0.1627006	0.2831016	0.3407167	0.2208652	0.3114166	0.2555316	0.2600102	0.0837233	0.1729881	0.3929187	0.3991979
3232988391.9829392	0.1912979	0.2378969	0.1646939	0.2655375	0.0727667	0.1627201	0.2831332	0.3407141	0.2208734	0.3114065	0.2555359	0.2600090	0.0837174	0.1729723	0.3929144	0.3991947
3232988391.9928274	0.1912757	0.2378913	0.1646775	0.2655357	0.0727756	0.1627172	0.2831355	0.3407124	0.2208766	0.3114181	0.2555525	0.2600066	0.0837162	0.1729953	0.3929234	0.3991888
3232988392.0027156	0.1912875	0.2378947	0.1646786	0.2655511	0.0727887	0.1627307	0.2831120	0.3407238	0.2208619	0.3114129	0.2555378	0.2600070	0.0837179	0.1729951	0.3929070	0.3991808
3232988392.0126038	0.1912678	0.2379009	0.1646684	0.2655335	0.0727781	0.1627281	0.2831161	0.3407303	0.2208568	0.3114189	0.2555322	0.2599905	0.0837200	0.1729740	0.3929121	0.3991719
3232988392.0224900	0.1912803	0.2378930	0.1646608	0.2655477	0.0727814	0.1627254	0.2831304	0.3407139	0.2208932	0.3114031	0.2555323	0.2599957	0.0837163	0.1729810	0.3929196	0.3991602
3232988392.0323782	0.1912784	0.2378856	0.1646798	0.2655346	0.0727581	0.1627092	0.2831060	0.3407209	0.2208605	0.3114094	0.2555207	0.2599952	0.0837143	0.1729940	0.3929127	0.3991650
3232988392.0422664	0.1912818	0.2378952	0.1646821	0.2655241	0.0727963	0.1627137	0.2831234	0.3407144	0.2208798	0.3113938	0.2555308	0.2600066	0.0837111	0.1729925	0.3929285	0.3991795
3232988392.0521545	0.1912667	0.2378790	0.1646787	0.2655349	0.0727976	0.1627149	0.2831209	0.3407211	0.2208815	0.3114191	0.2555458	0.2600011	0.0837182	0.1729802	0.3929256	0.3991678
3232988392.0620427	0.1912839	0.2379065	0.1646781	0.2655205	0.0727970	0.1627208	0.2831075	0.3406940	0.2208744	0.3114048	0.2555259	0.2600048	0.0837300	0.1730045	0.3929029	0.3991845
3232988392.0719309	0.1912680	0.2378822	0.1646682	0.2655448	0.0727711	0.1627229	0.2831070	0.3407023	0.2208861	0.3114167	0.2555459	0.2599878	0.0837285	0.1729947	0.3928975	0.3991753
3232988392.0818191	0.1912713	0.2378860	0.1646732	0.2655322	0.0727958	0.1627198	0.2830980	0.3407124	0.2208773	0.3114064	0.2555426	0.2599972	0.0837421	0.1730139	0.3929128	0.3991628
3232988392.0917072	0.1912647	0.2378947	0.1646939	0.2655414	0.0727955	0.1627030	0.2831185	0.3407075	0.2208716	0.3114024	0.2555239	0.2599909	0.0837408	0.1729894	0.3928876	0.3991807
3232988392.1015954	0.1912769	0.2378875	0.1646763	0.2655457	0.0727893	0.1627114	0.2831248	0.3407178	0.2208834	0.3114301	0.2555377	0.2600080	0.0837194	0.1730048	0.3929299	0.3991724
3232988392.1114836	0.1912624	0.2378773	0.1646590	0.2655440	0.0727876	0.1627170	0.2831108	0.3407160	0.2208645	0.3114190	0.2555432	0.2600075	0.0837141	0.1729868	0.3929264	0.3991751
3232988392.1213703	0.1912801	0.2378933	0.1646753	0.2655415	0.0727751	0.1627140	0.2830903	0.3407085	0.2208733	0.3113985	0.2555334	0.2599736	0.0837193	0.1729934	0.3929068	0.3991676
3232988392.1312585	0.1912860	0.2378942	0.1646665	0.2655406	0.0727866	0.1627138	0.2831079	0.3407085	0.2209005	0.3114219	0.2555346	0.2600050	0.0837283	0.1729839	0.3929299	0.3991683
3232988392.1411467	0.1912847	0.2379042	0.1646850	0.2655432	0.0727710	0.1627341	0.2831005	0.3407191	0.2208577	0.3114309	0.2555354	0.2599947	0.0837241	0.1729856	0.3929228	0.3991916
3232988392.1510348	0.1912764	0.2378961	0.1646777	0.2655276	0.0727748	0.1627210	0.2831259	0.3407233	0.2208646	0.3113993	0.2555386	0.2599849	0.0837468	0.1729722	0.3929212	0.3991812
3232988392.1609230	0.1912728	0.2378922	0.1646689	0.2655188	0.0727762	0.1627091	0.2831204	0.3407309	0.2208769	0.3114157	0.2555447	0.2600021	0.0837301	0.1729851	0.3929278	0.3991833
3232988392.1708112	0.1912714	0.2378983	0.1646706	0.2655326	0.0727641	0.1627137	0.2831194	0.3407115	0.2208782	0.3114130	0.2555537	0.2599957	0.0837207	0.1729709	0.3929175	0.3991756
3232988392.1806993	0.1912881	0.2378802	0.1646709	0.2655371	0.0727671	0.1627090	0.2831027	0.3407174	0.2208606	0.3114189	0.2555330	0.2600061	0.0837189	0.1729842	0.3929204	0.3991848
3232988392.1905875	0.1912679	0.2378834	0.1646711	0.2655425	0.0727943	0.1627217	0.2831109	0.3407147	0.2208730	0.3113948	0.2555590	0.2599889	0.0837275	0.1729778	0.3929202	0.3991589
3232988392.2004757	0.1912794	0.2378880	0.1646742	0.2655363	0.0727816	0.1627122	0.2831224	0.3407205	0.2208676	0.3114125	0.2555422	0.2599931	0.0837072	0.1730102	0.3929192	0.3992111
3232988392.2103639	0.1912757	0.2378974	0.1646682	0.2655278	0.0727776	0.1627115	0.2831136	0.3407166	0.2208632	0.3114183	0.2555603	0.2599846	0.0837227	0.1729861	0.3929100	0.3991892
3232988392.2202501	0.1912809	0.2379109	0.1646614	0.2655429	0.0727921	0.1627248	0.2831234	0.3407228	0.2208655	0.3114188	0.2555434	0.2599942	0.0837325	0.1729762	0.3929041	0.3991785
3232988392.2301383	0.1912827	0.2378958	0.1646751	0.2655381	0.0727858	0.1627209	0.2831096	0.3407136	0.2208734	0.3114259	0.2555323	0.2600073	0.0837102	0.1729871	0.3929115	0.3991722
3232988392.2400265	0.1912591	0.2379139	0.1646556	0.2655426	0.0727725	0.1627082	0.2831070	0.3407086	0.2208857	0.3114271	0.2555405	0.2600166	0.0837124	0.1730006	0.3929083	0.3991790
3232988392.2499146	0.1912970	0.2378928	0.1646729	0.2655419	0.0727782	0.1627251	0.2831142	0.3407120	0.2208849	0.3114274	0.2555414	0.2599982	0.0837246	0.1729897	0.3929225	0.3991823
3232988392.2598028	0.1912740	0.2378887	0.1646645	0.2655539	0.0727748	0.1627191	0.2831186	0.3407106	0.2208810	0.3114256	0.2555378	0.2599912	0.0837040	0.1729993	0.3929174	0.3991818
3232988392.2696910	0.1912817	0.2378909	0.1646727	0.2655383	0.0727574	0.1627275	0.2831206	0.3407185	0.2208719	0.3114356	0.2555409	0.2600020	0.0837172	0.1729857	0.3929195	0.3991744
3232988392.2795792	0.1912827	0.2379045	0.1646876	0.2655292	0.0727761	0.1627034	0.2831059	0.3407173	0.2208783	0.3114139	0.2555259	0.2599985	0.0837312	0.1729813	0.3929223	0.3991831
3232988392.2894673	0.1912568	0.2378708	0.1646751	0.2655404	0.0727789	0.1627026	0.2830968	0.3407132	0.2208705	0.3114356	0.2555423	0.2599973	0.0837070	0.1729712	0.3929203	0.3991921
3232988392.2993555	0.1912613	0.2378924	0.1646558	0.2655311	0.0727754	0.1627161	0.2830957	0.3407141	0.2208574	0.3114104	0.2555480	0.2600058	0.0837141	0.1729902	0.3929085	0.3991793
3232988392.3092437	0.1912695	0.2379056	0.1646805	0.2655344	0.0727697	0.1627205	0.2831130	0.3407267	0.2208719	0.3114319	0.2555480	0.2600047	0.0837211	0.1729836	0.3929135	0.3991835
3232988392.3191299	0.1912761	0.2378991	0.1646876	0.2655688	0.0727858	0.1627257	0.2831151	0.3407245	0.2208858	0.3114142	0.2555392	0.2600036	0.0837102	0.1729720	0.3929095	0.3991725
3232988392.3290181	0.1912910	0.2379055	0.1646792	0.2655465	0.0727867	0.1627210	0.2831065	0.3407209	0.2208794	0.3114212	0.2555298	0.2600168	0.0837090	0.1730020	0.3929219	0.3991780
3232988392.3389063	0.1912813	0.2378913	0.1646657	0.2655439	0.0727670	0.1627153	0.2831107	0.3407251	0.2208746	0.3113971	0.2555442	0.2600108	0.0837135	0.1729812	0.3929059	0.3991971
3232988392.3487945	0.1912613	0.2378943	0.1646745	0.2655560	0.0727809	0.1627115	0.2830927	0.3407171	0.2208832	0.3114158	0.2555507	0.2600114	0.0836994	0.1729874	0.3929194	0.3991924
3232988392.3586826	0.1912848	0.2378977	0.1646590	0.2655398	0.0727821	0.1627096	0.2831018	0.3407291	0.2208831	0.3114234	0.2555240	0.2600029	0.0837220	0.1729999	0.3929257	0.3991910
3232988392.3685708	0.1912768	0.2379125	0.1646838	0.2655395	0.0727957	0.1627336	0.2831136	0.3407406	0.2208754	0.3114052	0.2555414	0.2600013	0.0837258	0.1729984	0.3929174	0.3991834
3232988392.3784590	0.1912806	0.2379048	0.1646903	0.2655335	0.0727894	0.1627289	0.2831098	0.3407343	0.2208783	0.3114178	0.2555379	0.2600024	0.0837085	0.1729925	0.3929029	0.3991895
3232988392.3883471	0.1912850	0.2379002	0.1646751	0.2655413	0.0727683	0.1627296	0.2830920	0.3407257	0.2208612	0.3114094	0.2555476	0.2600063	0.0837254	0.1729849	0.3929154	0.3991847
3232988392.3982353	0.1912853	0.2378891	0.1646678	0.2655464	0.0727803	0.1626973	0.2831010	0.3407494	0.2208694	0.3114288	0.2555372	0.2600059	0.0837228	0.1729855	0.3929098	0.3991900
3232988392.4081235	0.1912765	0.2378897	0.1646647	0.2655411	0.0727871	0.1627364	0.2831052	0.3407257	0.2208664	0.3114131	0.2555444	0.2599990	0.0837182	0.1729815	0.3929146	0.3992079
3232988392.4180102	0.1912904	0.2379203	0.1646702	0.2655496	0.0727751	0.1627276	0.2831068	0.3407290	0.2208901	0.3114253	0.2555412	0.2599946	0.0837223	0.1729906	0.3928955	0.3992021
3232988392.4278984	0.1912833	0.2378978	0.1646861	0.2655378	0.0727874	0.1627387	0.2831070	0.3407409	0.2208885	0.3114060	0.2555407	0.2600089	0.0836896	0.1730107	0.3929266	0.3991799
3232988392.4377866	0.1912690	0.2378970	0.1646734	0.2655367	0.0727742	0.1627156	0.2831099	0.3407398	0.2208666	0.3114162	0.2555267	0.2599968	0.0837221	0.1729812	0.3929279	0.3991846
3232988392.4476747	0.1912628	0.2378791	0.1646762	0.2655398	0.0727553	0.1627255	0.2831262	0.3407290	0.2208736	0.3114294	0.2555386	0.2600152	0.0837098	0.1729766	0.3929116	0.3991936
3232988392.4575629	0.1912995	0.2378863	0.1646645	0.2655473	0.0727779	0.1627083	0.2831063	0.3407337	0.2208685	0.3114348	0.2555372	0.2600157	0.0837177	0.1730042	0.3929271	0.3991954
3232988392.4674511	0.1912869	0.2379105	0.1646818	0.2655358	0.0727907	0.1627304	0.2831202	0.3407387	0.2208731	0.3114113	0.2555329	0.2599783	0.0837058	0.1729924	0.3929212	0.3991916
3232988392.4773393	0.1912811	0.2378904	0.1646806	0.2655352	0.0727891	0.1627307	0.2831101	0.3407313	0.2208699	0.3114038	0.2555388	0.2600096	0.0837311	0.1729871	0.3929298	0.3991873
3232988392.4872274	0.1912683	0.2378945	0.1646832	0.2655440	0.0727875	0.1627269	0.2830941	0.3407173	0.2208778	0.3114088	0.2555361	0.2600104	0.0837218	0.1730058	0.3929184	0.3991915
3232988392.4971156	0.1912599	0.2378994	0.1646720	0.2655574	0.0727876	0.1627143	0.2831211	0.3407157	0.2208863	0.3114237	0.2555457	0.2599986	0.0837346	0.1729880	0.3929060	0.3991981
3232988392.5070038	0.1912733	0.2379040	0.1646635	0.2655414	0.0727783	0.1627170	0.2831066	0.3407271	0.2208845	0.3114224	0.2555358	0.2600170	0.0837328	0.1729897	0.3929109	0.3992094
3232988392.5168900	0.1912836	0.2378961	0.1646921	0.2655572	0.0727889	0.1627300	0.2831205	0.3407291	0.2208874	0.3114344	0.2555451	0.2600052	0.0837212	0.1729957	0.3929020	0.3992057
3232988392.5267782	0.1912744	0.2378976	0.1646543	0.2655558	0.0727793	0.1627381	0.2831026	0.3407414	0.2208775	0.3114105	0.2555356	0.2600128	0.0837287	0.1729900	0.3929331	0.3992067
3232988392.5366664	0.1912825	0.2379038	0.1646917	0.2655453	0.0727919	0.1627058	0.2831095	0.3407255	0.2208661	0.3114368	0.2555462	0.2599963	0.0837471	0.1729867	0.3928915	0.3992104
3232988392.5465546	0.1912868	0.2379099	0.1646688	0.2655340	0.0727968	0.1627202	0.2831030	0.3407434	0.2208709	0.3114382	0.2555363	0.2600042	0.0837061	0.1729940	0.3929025	0.3992069
3232988392.5564427	0.1912793	0.2379058	0.1646610	0.2655580	0.0727741	0.1627185	0.2830991	0.3407344	0.2208737	0.3114358	0.2555697	0.2600230	0.0837271	0.1729825	0.3929223	0.3991921
3232988392.5663309	0.1913041	0.2379124	0.1646802	0.2655513	0.0727559	0.1627345	0.2831265	0.3407452	0.2208823	0.3114172	0.2555486	0.2600244	0.0837197	0.1729924	0.3929089	0.3992062
3232988392.5762191	0.1912807	0.2378990	0.1646559	0.2655569	0.0727947	0.1627215	0.2831214	0.3407499	0.2208639	0.3114191	0.2555342	0.2600162	0.0837342	0.1729861	0.3929174	0.3992142
3232988392.5861073	0.1912913	0.2378947	0.1646816	0.2655491	0.0727874	0.1627358	0.2831252	0.3407261	0.2208949	0.3114256	0.2555325	0.2600168	0.0837292	0.1729842	0.3929063	0.3992120
3232988392.5959954	0.1912756	0.2379103	0.1646508	0.2655488	0.0727875	0.1627198	0.2831036	0.3407308	0.2208740	0.3114319	0.2555405	0.2600137	0.0837180	0.1729928	0.3929280	0.3991984
3232988392.6058836	0.1912822	0.2379032	0.1646588	0.2655409	0.0727976	0.1627430	0.2831069	0.3407240	0.2208774	0.3114407	0.2555591	0.2600228	0.0837095	0.1730076	0.3929160	0.3992081
3232988392.6157699	0.1912684	0.2379121	0.1646692	0.2655446	0.0727822	0.1627154	0.2831044	0.3407356	0.2208801	0.3114301	0.2555364	0.2600017	0.0837223	0.1729876	0.3929371	0.3992168
3232988392.6256580	0.1912827	0.2379044	0.1646777	0.2655564	0.0727968	0.1627361	0.2831115	0.3407519	0.2208825	0.3114421	0.2555448	0.2600175	0.0837187	0.1729985	0.3929368	0.3992088
3232988392.6355462	0.1912961	0.2379067	0.1646689	0.2655561	0.0727881	0.1627083	0.2831232	0.3407295	0.2208697	0.3114304	0.2555457	0.2600115	0.0837220	0.1729908	0.3929237	0.3992252
3232988392.6454344	0.1912742	0.2379243	0.1646760	0.2655394	0.0727879	0.1627370	0.2831116	0.3407287	0.2208590	0.3114396	0.2555493	0.2600106	0.0837287	0.1729954	0.3929217	0.3992004
3232988392.6553225	0.1912797	0.2379132	0.1646649	0.2655662	0.0727720	0.1627272	0.2831154	0.3407351	0.2208822	0.3114342	0.2555336	0.2600280	0.0837365	0.1729976	0.3929058	0.3992122
3232988392.6652107	0.1912987	0.2379121	0.1646679	0.2655648	0.0727931	0.1627324	0.2831200	0.3407336	0.2208567	0.3114416	0.2555370	0.2600111	0.0837354	0.1729799	0.3929087	0.3992117
3232988392.6750989	0.1912893	0.2379254	0.1646725	0.2655485	0.0727887	0.1627265	0.2831192	0.3407427	0.2208794	0.3114484	0.2555362	0.2600070	0.0837225	0.1730094	0.3929337	0.3992117
3232988392.6849871	0.1912974	0.2379057	0.1646832	0.2655452	0.0727924	0.1627332	0.2831166	0.3407419	0.2208723	0.3114283	0.2555408	0.2600343	0.0837193	0.1730273	0.3929075	0.3992118
3232988392.6948752	0.1912705	0.2379161	0.1646790	0.2655379	0.0727906	0.1627261	0.2831142	0.3407351	0.2208715	0.3114398	0.2555394	0.2600260	0.0837327	0.1729963	0.3929165	0.3992235
3232988392.7047634	0.1912742	0.2379155	0.1646665	0.2655653	0.0727956	0.1627182	0.2831204	0.3407323	0.2208766	0.3114531	0.2555424	0.2599990	0.0837144	0.1729803	0.3929231	0.3992247
3232988392.7146502	0.1912890	0.2379043	0.1646705	0.2655446	0.0727926	0.1627342	0.2831078	0.3407322	0.2208498	0.3114445	0.2555402	0.2600379	0.0837241	0.1729862	0.3929321	0.3992124
3232988392.7245383	0.1912801	0.2379190	0.1646683	0.2655455	0.0727963	0.1627122	0.2831065	0.3407407	0.2208734	0.3114412	0.2555388	0.2600107	0.0837241	0.1730203	0.3929331	0.3992143
3232988392.7344265	0.1912817	0.2378941	0.1646753	0.2655457	0.0727810	0.1627325	0.2831126	0.3407498	0.2208716	0.3114261	0.2555456	0.2600268	0.0837197	0.1730075	0.3929338	0.3992188
3232988392.7443147	0.1912971	0.2379109	0.1646874	0.2655529	0.0727825	0.1627320	0.2831102	0.3407564	0.2208881	0.3114249	0.2555304	0.2599989	0.0837080	0.1730059	0.3929183	0.3992172
3232988392.7542028	0.1912890	0.2378943	0.1646782	0.2655592	0.0727855	0.1627172	0.2831243	0.3407343	0.2208657	0.3114226	0.2555257	0.2600305	0.0837254	0.1730143	0.3929170	0.3992259
3232988392.7640910	0.1912686	0.2379261	0.1646761	0.2655653	0.0727633	0.1627141	0.2831120	0.3407516	0.2208782	0.3114369	0.2555575	0.2600216	0.0837357	0.1730180	0.3929198	0.3992136
3232988392.7739792	0.1912893	0.2379016	0.1646607	0.2655553	0.0727882	0.1627329	0.2831111	0.3407230	0.2208816	0.3114444	0.2555517	0.2600307	0.0837198	0.1729876	0.3929379	0.3992072
3232988392.7838674	0.1912814	0.2379016	0.1646691	0.2655496	0.0727828	0.1627323	0.2831115	0.3407618	0.2208742	0.3114612	0.2555296	0.2600276	0.0837254	0.1730123	0.3929251	0.3992351
3232988392.7937555	0.1912894	0.2379158	0.1646725	0.2655690	0.0727858	0.1627343	0.2831147	0.3407440	0.2208778	0.3114477	0.2555503	0.2600289	0.0837241	0.1729961	0.3929304	0.3992173
3232988392.8036437	0.1912667	0.2379184	0.1646748	0.2655708	0.0727894	0.1627390	0.2831006	0.3407635	0.2208848	0.3114361	0.2555404	0.2600172	0.0837246	0.1729875	0.3929307	0.3992156
3232988392.8135300	0.1912710	0.2379072	0.1646505	0.2655529	0.0727783	0.1627476	0.2831016	0.3407539	0.2208916	0.3114391	0.2555351	0.2600265	0.0837213	0.1730101	0.3929358	0.3992405
3232988392.8234181	0.1912893	0.2379220	0.1646593	0.2655569	0.0727872	0.1627294	0.2831183	0.3407535	0.2208932	0.3114468	0.2555445	0.2600227	0.0837183	0.1729913	0.3929352	0.3992139
3232988392.8333063	0.1912778	0.2379132	0.1646711	0.2655656	0.0727854	0.1627399	0.2830979	0.3407483	0.2208834	0.3114551	0.2555513	0.2600381	0.0837302	0.1730055	0.3929364	0.3992084
3232988392.8431945	0.1912873	0.2379005	0.1646705	0.2655762	0.0727853	0.1627368	0.2831072	0.3407676	0.2208817	0.3114473	0.2555429	0.2600392	0.0837081	0.1730180	0.3929326	0.3992279
3232988392.8530827	0.1912794	0.2379248	0.1646560	0.2655641	0.0727766	0.1627417	0.2831156	0.3407500	0.2208716	0.3114402	0.2555424	0.2600192	0.0837013	0.1730092	0.3929275	0.3992262
3232988392.8629708	0.1912901	0.2379209	0.1646687	0.2655685	0.0727787	0.1627330	0.2831043	0.3407380	0.2208715	0.3114568	0.2555237	0.2600234	0.0837260	0.1730086	0.3929264	0.3992295
3232988392.8728590	0.1912905	0.2379027	0.1646647	0.2655585	0.0727673	0.1627115	0.2831152	0.3407663	0.2208882	0.3114296	0.2555355	0.2600297	0.0837438	0.1729932	0.3929186	0.3992309
3232988392.8827472	0.1912848	0.2379209	0.1646680	0.2655680	0.0727995	0.1627232	0.2831281	0.3407485	0.2208809	0.3114437	0.2555440	0.2600306	0.0837234	0.1730132	0.3929164	0.3992332
3232988392.8926353	0.1912923	0.2379069	0.1646892	0.2655728	0.0727907	0.1627326	0.2831225	0.3407440	0.2208853	0.3114609	0.2555361	0.2600237	0.0837177	0.1730141	0.3929204	0.3992343
3232988392.9025235	0.1912979	0.2379258	0.1646961	0.2655844	0.0727707	0.1627360	0.2831138	0.3407499	0.2208717	0.3114313	0.2555571	0.2600343	0.0837375	0.1730234	0.3929209	0.3992317
3232988392.9124103	0.1912635	0.2379217	0.1646608	0.2655439	0.0727695	0.1627361	0.2831012	0.3407411	0.2208699	0.3114396	0.2555443	0.2600321	0.0837223	0.1729974	0.3929405	0.3992366
3232988392.9222984	0.1912665	0.2379199	0.1646618	0.2655478	0.0727836	0.1627463	0.2831147	0.3407367	0.2208686	0.3114357	0.2555609	0.2600155	0.0837121	0.1730104	0.3929148	0.3992137
3232988392.9321866	0.1912996	0.2379362	0.1646672	0.2655694	0.0727664	0.1627326	0.2831273	0.3407506	0.2208822	0.3114350	0.2555547	0.2600520	0.0837379	0.1730156	0.3929201	0.3992289
3232988392.9420748	0.1912772	0.2379207	0.1646866	0.2655562	0.0727967	0.1627256	0.2831270	0.3407472	0.2208820	0.3114532	0.2555375	0.2600257	0.0837369	0.1729934	0.3929278	0.3992229
3232988392.9519629	0.1912904	0.2379152	0.1646629	0.2655558	0.0727831	0.1627318	0.2831295	0.3407549	0.2208631	0.3114629	0.2555438	0.2600267	0.0837334	0.1730062	0.3929462	0.3992191
3232988392.9618511	0.1912820	0.2379162	0.1646765	0.2655699	0.0727854	0.1627350	0.2831102	0.3407504	0.2208931	0.3114316	0.2555332	0.2600253	0.0837366	0.1729977	0.3929217	0.3992175
3232988392.9717393	0.1912808	0.2379127	0.1646532	0.2655512	0.0727803	0.1627356	0.2831171	0.3407464	0.2208847	0.3114546	0.2555449	0.2600261	0.0837290	0.1730030	0.3929289	0.3992181
3232988392.9816275	0.1912679	0.2379111	0.1646693	0.2655508	0.0727681	0.1627329	0.2831182	0.3407519	0.2208747	0.3114432	0.2555489	0.2600272	0.0837382	0.1730163	0.3929134	0.3992276
3232988392.9915156	0.1912707	0.2379242	0.1646757	0.2655717	0.0727924	0.1627363	0.2831143	0.3407446	0.2208873	0.3114521	0.2555432	0.2600152	0.0837152	0.1730095	0.3929324	0.3992261
3232988393.0014038	0.1912866	0.2379118	0.1646605	0.2655707	0.0728029	0.1627264	0.2831105	0.3407511	0.2208714	0.3114288	0.2555309	0.2600243	0.0837084	0.1730308	0.3929306	0.3992252
3232988393.0112901	0.1912799	0.2379109	0.1646606	0.2655558	0.0727836	0.1627214	0.2831206	0.3407617	0.2208654	0.3114536	0.2555378	0.2600339	0.0837412	0.1729926	0.3929450	0.3992269
3232988393.0211782	0.1912828	0.2379186	0.1646644	0.2655693	0.0727903	0.1627362	0.2831123	0.3407338	0.2208812	0.3114478	0.2555385	0.2600270	0.0837100	0.1730198	0.3929366	0.3992344
3232988393.0310664	0.1912791	0.2379138	0.1646668	0.2655662	0.0727680	0.1627464	0.2831187	0.3407422	0.2208891	0.3114408	0.2555435	0.2600342	0.0837009	0.1729994	0.3929041	0.3992299
3232988393.0409546	0.1912863	0.2379151	0.1646747	0.2655527	0.0728030	0.1627156	0.2831203	0.3407508	0.2208771	0.3114519	0.2555419	0.2600328	0.0837193	0.1729953	0.3929226	0.3992244
3232988393.0508428	0.1912856	0.2379092	0.1646784	0.2655583	0.0727783	0.1627568	0.2831258	0.3407557	0.2208955	0.3114288	0.2555506	0.2600254	0.0837294	0.1729965	0.3929194	0.3991959
3232988393.0607309	0.1912923	0.2379095	0.1646894	0.2655721	0.0727997	0.1627057	0.2831122	0.3407449	0.2208670	0.3114615	0.2555382	0.2600042	0.0837209	0.1729934	0.3929222	0.3992191
3232988393.0706191	0.1912876	0.2379105	0.1646814	0.2655474	0.0727841	0.1627284	0.2831180	0.3407618	0.2208836	0.3114600	0.2555370	0.2600183	0.0837066	0.1730231	0.3929085	0.3992099
3232988393.0805073	0.1912904	0.2379026	0.1646661	0.2655485	0.0727620	0.1627341	0.2831198	0.3407667	0.2209016	0.3114334	0.2555595	0.2600153	0.0837149	0.1729926	0.3929148	0.3992414
3232988393.0903954	0.1912796	0.2379127	0.1646649	0.2655512	0.0727816	0.1627340	0.2831199	0.3407403	0.2208869	0.3114452	0.2555491	0.2600240	0.0837114	0.1730016	0.3929267	0.3992157
3232988393.1002836	0.1912883	0.2379108	0.1646520	0.2655801	0.0727882	0.1627186	0.2831187	0.3407555	0.2209013	0.3114565	0.2555462	0.2600341	0.0837228	0.1729943	0.3929179	0.3992206
3232988393.1101699	0.1912925	0.2379031	0.1646799	0.2655572	0.0727890	0.1627492	0.2831338	0.3407427	0.2208881	0.3114442	0.2555488	0.2600171	0.0837290	0.1730101	0.3929111	0.3992205
3232988393.1200581	0.1912701	0.2379194	0.1646814	0.2655614	0.0727766	0.1627155	0.2831057	0.3407324	0.2208686	0.3114394	0.2555530	0.2600284	0.0837158	0.1730137	0.3929204	0.3992205
3232988393.1299462	0.1912836	0.2379224	0.1646761	0.2655614	0.0727896	0.1627393	0.2831086	0.3407364	0.2208765	0.3114246	0.2555462	0.2600393	0.0836956	0.1730149	0.3929266	0.3992157
3232988393.1398344	0.1912971	0.2379124	0.1646565	0.2655608	0.0727813	0.1627082	0.2831133	0.3407454	0.2208908	0.3114507	0.2555311	0.2600259	0.0837260	0.1729996	0.3929162	0.3992134
3232988393.1497226	0.1912816	0.2379300	0.1646729	0.2655676	0.0727789	0.1627505	0.2831133	0.3407477	0.2208872	0.3114362	0.2555450	0.2600305	0.0837128	0.1729959	0.3929257	0.3992273
3232988393.1596107	0.1912934	0.2379168	0.1646907	0.2655521	0.0727777	0.1627218	0.2831179	0.3407417	0.2208934	0.3114588	0.2555475	0.2600360	0.0837246	0.1730059	0.3929291	0.3992025
3232988393.1694989	0.1912876	0.2379084	0.1646755	0.2655597	0.0727896	0.1627147	0.2831276	0.3407512	0.2208784	0.3114435	0.2555367	0.2600231	0.0837516	0.1729983	0.3929335	0.3992228
3232988393.1793871	0.1912807	0.2379075	0.1646618	0.2655674	0.0727856	0.1627197	0.2831135	0.3407422	0.2208888	0.3114224	0.2555593	0.2600097	0.0837300	0.1730158	0.3929314	0.3992312
3232988393.1892753	0.1912760	0.2379020	0.1646758	0.2655665	0.0727870	0.1627407	0.2831242	0.3407519	0.2208762	0.3114298	0.2555517	0.2600131	0.0837296	0.1730067	0.3929207	0.3992250
3232988393.1991634	0.1912878	0.2379153	0.1646729	0.2655410	0.0727860	0.1627391	0.2831155	0.3407388	0.2208924	0.3114424	0.2555367	0.2600279	0.0837186	0.1730029	0.3929319	0.3992277
3232988393.2090502	0.1912900	0.2379209	0.1646715	0.2655572	0.0727803	0.1627261	0.2831143	0.3407316	0.2208914	0.3114428	0.2555542	0.2600317	0.0837279	0.1730098	0.3929334	0.3991947
3232988393.2189383	0.1912784	0.2379340	0.1646731	0.2655461	0.0727878	0.1627266	0.2831123	0.3407410	0.2208751	0.3114493	0.2555472	0.2600269	0.0837229	0.1730023	0.3929329	0.3992125
3232988393.2288265	0.1912926	0.2379146	0.1646720	0.2655588	0.0727892	0.1627150	0.2831055	0.3407417	0.2208764	0.3114547	0.2555453	0.2600337	0.0837176	0.1729753	0.3929117	0.3992131
3232988393.2387147	0.1912910	0.2379114	0.1646731	0.2655782	0.0727925	0.1627330	0.2831192	0.3407709	0.2208781	0.3114442	0.2555460	0.2599898	0.0837061	0.1730207	0.3929281	0.3992236
3232988393.2486029	0.1912960	0.2379213	0.1646708	0.2655572	0.0727740	0.1627197	0.2831118	0.3407412	0.2208546	0.3114375	0.2555489	0.2600326	0.0837374	0.1729926	0.3929140	0.3992038
3232988393.2584910	0.1913007	0.2378980	0.1646897	0.2655529	0.0727981	0.1627237	0.2831279	0.3407341	0.2208861	0.3114369	0.2555466	0.2600042	0.0837177	0.1729975	0.3929374	0.3992261
3232988393.2683792	0.1912859	0.2378784	0.1646833	0.2655504	0.0727919	0.1627394	0.2831181	0.3407439	0.2208718	0.3114448	0.2555537	0.2600098	0.0837132	0.1729941	0.3929270	0.3992103
3232988393.2782674	0.1913122	0.2379116	0.1646702	0.2655750	0.0727877	0.1627130	0.2831213	0.3407545	0.2208659	0.3114362	0.2555451	0.2600176	0.0837223	0.1730153	0.3929217	0.3992136
3232988393.2881556	0.1912821	0.2379096	0.1646892	0.2655522	0.0727878	0.1627092	0.2831151	0.3407487	0.2208898	0.3114380	0.2555331	0.2600153	0.0837227	0.1730075	0.3929400	0.3991993
3232988393.2980437	0.1912881	0.2379003	0.1646768	0.2655497	0.0727910	0.1627285	0.2831158	0.3407518	0.2208806	0.3114492	0.2555468	0.2599896	0.0837183	0.1730027	0.3929331	0.3992041
3232988393.3079300	0.1912901	0.2378998	0.1646723	0.2655610	0.0727841	0.1627374	0.2831268	0.3407456	0.2208651	0.3114490	0.2555550	0.2599988	0.0837506	0.1730008	0.3929374	0.3992078
3232988393.3178182	0.1912917	0.2379012	0.1646765	0.2655722	0.0727909	0.1627232	0.2831114	0.3407456	0.2208894	0.3114301	0.2555452	0.2600144	0.0837269	0.1730051	0.3929269	0.3992068
3232988393.3277063	0.1912814	0.2378999	0.1646787	0.2655565	0.0727782	0.1627341	0.2831239	0.3407459	0.2208903	0.3114500	0.2555475	0.2600304	0.0837202	0.1729983	0.3929289	0.3992099
3232988393.3375945	0.1912623	0.2379083	0.1646687	0.2655357	0.0727917	0.1627158	0.2831135	0.3407286	0.2208747	0.3114279	0.2555444	0.2600227	0.0837201	0.1730077	0.3929453	0.3991891
3232988393.3474827	0.1912933	0.2379021	0.1646723	0.2655539	0.0727945	0.1627353	0.2831201	0.3407377	0.2209041	0.3114302	0.2555397	0.2600218	0.0837187	0.1730056	0.3929185	0.3991959
3232988393.3573709	0.1912945	0.2379088	0.1646733	0.2655310	0.0727923	0.1627198	0.2831345	0.3407375	0.2208707	0.3114230	0.2555485	0.2600103	0.0837365	0.1729850	0.3929305	0.3992099
3232988393.3672590	0.1912793	0.2379171	0.1646754	0.2655514	0.0727848	0.1627259	0.2831269	0.3407248	0.2208837	0.3114462	0.2555533	0.2600283	0.0837180	0.1729937	0.3929155	0.3992065
3232988393.3771472	0.1912876	0.2379160	0.1646779	0.2655579	0.0727995	0.1627443	0.2831223	0.3407306	0.2208804	0.3114262	0.2555567	0.2600183	0.0837162	0.1730060	0.3929405	0.3991984
3232988393.3870354	0.1912863	0.2379209	0.1646943	0.2655497	0.0728110	0.1627232	0.2831287	0.3407300	0.2208755	0.3114191	0.2555448	0.2600285	0.0837195	0.1729905	0.3929308	0.3992074
3232988393.3969235	0.1912776	0.2378912	0.1646765	0.2655601	0.0727841	0.1626966	0.2831116	0.3407168	0.2208922	0.3114231	0.2555669	0.2600166	0.0837175	0.1729887	0.3929085	0.3992025
3232988393.4068103	0.1912935	0.2378937	0.1646796	0.2655522	0.0727981	0.1627255	0.2831198	0.3407466	0.2208860	0.3114226	0.2555404	0.2600171	0.0837336	0.1730011	0.3929248	0.3992229
3232988393.4166985	0.1912805	0.2379173	0.1646807	0.2655572	0.0727878	0.1627160	0.2831251	0.3407420	0.2208997	0.3114465	0.2555469	0.2599994	0.0837353	0.1729939	0.3929322	0.3992061
3232988393.4265866	0.1913098	0.2379224	0.1646820	0.2655497	0.0727830	0.1627168	0.2831290	0.3407352	0.2209009	0.3114322	0.2555459	0.2600027	0.0837120	0.1730025	0.3929212	0.3992019
3232988393.4364748	0.1913017	0.2379023	0.1646778	0.2655478	0.0727972	0.1627187	0.2831034	0.3407349	0.2208836	0.3114239	0.2555542	0.2600099	0.0837462	0.1729964	0.3929427	0.3992149
3232988393.4463630	0.1912924	0.2379004	0.1646647	0.2655238	0.0727778	0.1627189	0.2831276	0.3407584	0.2208653	0.3114184	0.2555214	0.2600000	0.0837443	0.1730145	0.3929268	0.3992028
3232988393.4562511	0.1912914	0.2379115	0.1646937	0.2655335	0.0727768	0.1627201	0.2831219	0.3407356	0.2208871	0.3114412	0.2555463	0.2600058	0.0837278	0.1729882	0.3929407	0.3991866
3232988393.4661393	0.1912949	0.2378952	0.1646776	0.2655457	0.0727855	0.1627258	0.2831185	0.3407338	0.2208859	0.3114196	0.2555469	0.2599980	0.0837319	0.1730095	0.3929407	0.3991887
3232988393.4760275	0.1912890	0.2378919	0.1646817	0.2655564	0.0727931	0.1627221	0.2831331	0.3407173	0.2208707	0.3114301	0.2555413	0.2600194	0.0837192	0.1729940	0.3929364	0.3991974
3232988393.4859157	0.1913017	0.2378993	0.1646668	0.2655425	0.0727963	0.1627373	0.2831230	0.3407217	0.2208924	0.3114054	0.2555487	0.2599936	0.0837393	0.1729823	0.3929305	0.3991858
3232988393.4958038	0.1912982	0.2379052	0.1646667	0.2655491	0.0727885	0.1627135	0.2831342	0.3407248	0.2208905	0.3114198	0.2555492	0.2600110	0.0837339	0.1729852	0.3929255	0.3991857
3232988393.5056901	0.1912720	0.2378899	0.1646718	0.2655558	0.0727871	0.1627322	0.2831049	0.3407196	0.2208688	0.3114101	0.2555516	0.2600038	0.0837243	0.1729735	0.3929415	0.3991633
3232988393.5155783	0.1912914	0.2378958	0.1646597	0.2655380	0.0728020	0.1627249	0.2831276	0.3407225	0.2208900	0.3114089	0.2555406	0.2599998	0.0837255	0.1729871	0.3929033	0.3991989
3232988393.5254664	0.1913004	0.2378932	0.1646639	0.2655380	0.0727681	0.1627146	0.2831423	0.3407311	0.2208916	0.3114183	0.2555501	0.2599879	0.0837291	0.1729861	0.3929188	0.3991987
3232988393.5353546	0.1912987	0.2378914	0.1646840	0.2655566	0.0727802	0.1627235	0.2831278	0.3407161	0.2208845	0.3114057	0.2555445	0.2599895	0.0837368	0.1729738	0.3929293	0.3991912
3232988393.5452428	0.1913009	0.2379007	0.1646613	0.2655344	0.0727870	0.1627066	0.2831196	0.3407267	0.2208842	0.3113990	0.2555468	0.2600017	0.0837102	0.1729903	0.3929322	0.3991809
3232988393.5551310	0.1912891	0.2378968	0.1646744	0.2655453	0.0727944	0.1627234	0.2831207	0.3407056	0.2208837	0.3114112	0.2555306	0.2599899	0.0837232	0.1729918	0.3929250	0.3991864
3232988393.5650191	0.1912814	0.2378988	0.1646835	0.2655416	0.0727828	0.1627134	0.2831241	0.3407162	0.2208619	0.3114172	0.2555377	0.2599916	0.0837320	0.1729825	0.3929211	0.3991863
3232988393.5749073	0.1912934	0.2378850	0.1646782	0.2655231	0.0727961	0.1627086	0.2831202	0.3406984	0.2208752	0.3114130	0.2555639	0.2599823	0.0837260	0.1729826	0.3929157	0.3991932
3232988393.5847955	0.1912834	0.2378939	0.1647008	0.2655370	0.0728048	0.1626994	0.2830980	0.3407251	0.2208864	0.3114105	0.2555430	0.2599938	0.0837236	0.1729944	0.3929155	0.3991537
3232988393.5946836	0.1912969	0.2378932	0.1646660	0.2655480	0.0727801	0.1627240	0.2831261	0.3406936	0.2208760	0.3114233	0.2555417	0.2599874	0.0837204	0.1729812	0.3929524	0.3991871
3232988393.6045699	0.1912976	0.2378835	0.1646749	0.2655488	0.0727649	0.1627075	0.2830942	0.3407189	0.2208803	0.3114175	0.2555436	0.2600013	0.0837427	0.1729743	0.3929341	0.3991710
3232988393.6144581	0.1912813	0.2378896	0.1647075	0.2655136	0.0727804	0.1627172	0.2831271	0.3407049	0.2208842	0.3114100	0.2555429	0.2599994	0.0837281	0.1729893	0.3929207	0.3991838
3232988393.6243463	0.1912785	0.2378735	0.1646737	0.2655222	0.0728129	0.1627148	0.2831268	0.3407065	0.2208971	0.3114069	0.2555581	0.2599907	0.0837338	0.1729929	0.3929209	0.3991728
3232988393.6342344	0.1912747	0.2378879	0.1646879	0.2655183	0.0727959	0.1627262	0.2831257	0.3406960	0.2208749	0.3113923	0.2555447	0.2599773	0.0837208	0.1729931	0.3929205	0.3991835
3232988393.6441226	0.1912912	0.2378858	0.1646720	0.2655298	0.0727903	0.1626947	0.2831244	0.3407110	0.2208745	0.3114021	0.2555543	0.2599855	0.0837333	0.1729885	0.3929262	0.3991817
3232988393.6540108	0.1912824	0.2378703	0.1646713	0.2655304	0.0727709	0.1627118	0.2831295	0.3406992	0.2208979	0.3113760	0.2555278	0.2599976	0.0837301	0.1729794	0.3929393	0.3991607
3232988393.6638989	0.1912803	0.2378767	0.1646746	0.2655447	0.0727837	0.1627071	0.2831101	0.3407103	0.2209000	0.3114059	0.2555448	0.2599975	0.0837276	0.1729650	0.3929427	0.3991661
3232988393.6737871	0.1912821	0.2378736	0.1646907	0.2655137	0.0727777	0.1627106	0.2831091	0.3407004	0.2208871	0.3114028	0.2555555	0.2599782	0.0837241	0.1729836	0.3929345	0.3991738
3232988393.6836753	0.1913021	0.2378841	0.1646878	0.2655235	0.0727850	0.1626964	0.2831304	0.3407029	0.2208739	0.3113824	0.2555449	0.2599964	0.0837308	0.1729893	0.3929300	0.3991560
3232988393.6935635	0.1912893	0.2378823	0.1646864	0.2655211	0.0727905	0.1627258	0.2831188	0.3407086	0.2208827	0.3114030	0.2555388	0.2599879	0.0837284	0.1729855	0.3929229	0.3991684
3232988393.7034502	0.1912907	0.2378855	0.1646852	0.2655352	0.0727772	0.1627007	0.2831115	0.3407125	0.2208942	0.3113950	0.2555392	0.2599992	0.0837382	0.1729899	0.3929438	0.3991806
3232988393.7133384	0.1912972	0.2378881	0.1646807	0.2655246	0.0727937	0.1627209	0.2831201	0.3406808	0.2208801	0.3114022	0.2555621	0.2599843	0.0837307	0.1729723	0.3929356	0.3991555
3232988393.7232265	0.1912917	0.2378702	0.1646652	0.2655353	0.0727813	0.1626963	0.2831157	0.3406945	0.2208912	0.3114056	0.2555419	0.2599969	0.0837192	0.1729761	0.3929089	0.3991563
3232988393.7331147	0.1912755	0.2378772	0.1646828	0.2655207	0.0727957	0.1627285	0.2831398	0.3406826	0.2208918	0.3114047	0.2555643	0.2599909	0.0837253	0.1729945	0.3929278	0.3991528
3232988393.7430029	0.1913132	0.2378772	0.1646814	0.2655148	0.0727740	0.1627250	0.2831326	0.3406786	0.2208935	0.3113973	0.2555462	0.2599733	0.0837186	0.1729682	0.3929301	0.3991485
3232988393.7528911	0.1912985	0.2378883	0.1646865	0.2655298	0.0727795	0.1627038	0.2831316	0.3407024	0.2208869	0.3113840	0.2555486	0.2599809	0.0837136	0.1729758	0.3929367	0.3991590
3232988393.7627792	0.1912788	0.2378590	0.1646731	0.2655149	0.0727959	0.1627184	0.2831124	0.3406767	0.2208713	0.3114084	0.2555405	0.2600006	0.0837079	0.1729665	0.3929351	0.3991504
3232988393.7726674	0.1913007	0.2378596	0.1646746	0.2655252	0.0727946	0.1627135	0.2831004	0.3406778	0.2208772	0.3113643	0.2555568	0.2599881	0.0837079	0.1729905	0.3929412	0.3991423
3232988393.7825556	0.1912922	0.2378696	0.1646676	0.2655165	0.0727780	0.1627064	0.2831225	0.3406901	0.2208708	0.3113904	0.2555395	0.2599997	0.0837231	0.1729597	0.3929406	0.3991487
3232988393.7924438	0.1912905	0.2378801	0.1646724	0.2655129	0.0727885	0.1627097	0.2831259	0.3406723	0.2208886	0.3113779	0.2555517	0.2599686	0.0837211	0.1729886	0.3929371	0.3991476
3232988393.8023300	0.1912877	0.2378667	0.1646852	0.2655114	0.0727928	0.1626981	0.2831228	0.3406739	0.2208886	0.3113957	0.2555558	0.2599707	0.0837167	0.1729874	0.3929334	0.3991526
3232988393.8122182	0.1912871	0.2378704	0.1646739	0.2654906	0.0727840	0.1627161	0.2831188	0.3406633	0.2208798	0.3113668	0.2555636	0.2599793	0.0837215	0.1729670	0.3929223	0.3991432
3232988393.8221064	0.1912755	0.2378756	0.1646892	0.2655037	0.0727782	0.1627058	0.2831465	0.3406677	0.2208715	0.3113793	0.2555376	0.2599834	0.0837265	0.1729710	0.3929168	0.3991495
3232988393.8319945	0.1912808	0.2378542	0.1646621	0.2655152	0.0727895	0.1627055	0.2831150	0.3406767	0.2208711	0.3114005	0.2555601	0.2599888	0.0837217	0.1729759	0.3929156	0.3991531
3232988393.8418827	0.1913137	0.2378667	0.1646921	0.2654914	0.0727914	0.1626776	0.2831424	0.3406649	0.2208825	0.3113875	0.2555578	0.2599856	0.0837231	0.1729632	0.3929341	0.3991366
3232988393.8517709	0.1913100	0.2378666	0.1646722	0.2655000	0.0727799	0.1627044	0.2831331	0.3406764	0.2208970	0.3113774	0.2555373	0.2599800	0.0837278	0.1729809	0.3929135	0.3991458
3232988393.8616590	0.1912628	0.2378719	0.1646756	0.2655285	0.0727837	0.1627022	0.2831403	0.3406793	0.2208944	0.3113810	0.2555345	0.2599704	0.0837229	0.1729673	0.3929412	0.3991493
3232988393.8715472	0.1912681	0.2378748	0.1646657	0.2654994	0.0727894	0.1626902	0.2831127	0.3406734	0.2208811	0.3113942	0.2555644	0.2599589	0.0837289	0.1729599	0.3929424	0.3991413
3232988393.8814354	0.1912781	0.2378792	0.1646672	0.2655026	0.0727884	0.1626842	0.2831217	0.3406718	0.2208830	0.3113807	0.2555439	0.2599781	0.0837235	0.1729585	0.3929387	0.3991382
3232988393.8913236	0.1912921	0.2378691	0.1646717	0.2655051	0.0727845	0.1626901	0.2831351	0.3406676	0.2208896	0.3113610	0.2555474	0.2599572	0.0837121	0.1729688	0.3929409	0.3991487
3232988393.9012103	0.1913067	0.2378562	0.1646956	0.2654869	0.0727940	0.1626929	0.2831180	0.3406603	0.2208683	0.3113953	0.2555391	0.2599705	0.0837217	0.1729736	0.3929257	0.3991286
3232988393.9110985	0.1912852	0.2378700	0.1646784	0.2654821	0.0727872	0.1626895	0.2831142	0.3406918	0.2208889	0.3113641	0.2555406	0.2599609	0.0837240	0.1729718	0.3929264	0.3991152
3232988393.9209867	0.1912922	0.2378488	0.1646800	0.2654873	0.0727956	0.1626947	0.2831193	0.3406499	0.2208825	0.3113631	0.2555329	0.2599703	0.0837260	0.1729717	0.3929350	0.3991329
3232988393.9308748	0.1912815	0.2378537	0.1646662	0.2655138	0.0727719	0.1626850	0.2831206	0.3406700	0.2208767	0.3113794	0.2555517	0.2599618	0.0837240	0.1729716	0.3929378	0.3991336
3232988393.9407630	0.1912889	0.2378452	0.1646940	0.2654722	0.0727832	0.1627027	0.2831170	0.3406725	0.2208864	0.3113641	0.2555450	0.2599611	0.0837275	0.1729455	0.3929176	0.3991108
3232988393.9506512	0.1912850	0.2378502	0.1646800	0.2655139	0.0727832	0.1626791	0.2830995	0.3406678	0.2208718	0.3113761	0.2555610	0.2599553	0.0837004	0.1729657	0.3929405	0.3991211
3232988393.9605393	0.1912947	0.2378586	0.1646818	0.2655060	0.0727913	0.1627012	0.2831166	0.3406505	0.2208934	0.3113781	0.2555502	0.2599687	0.0837306	0.1729688	0.3929362	0.3991138
3232988393.9704275	0.1913022	0.2378637	0.1646648	0.2654938	0.0727919	0.1626912	0.2831152	0.3406620	0.2208850	0.3113667	0.2555584	0.2599532	0.0837171	0.1729537	0.3929150	0.3991151
3232988393.9803157	0.1912817	0.2378564	0.1646845	0.2654841	0.0727659	0.1626751	0.2831043	0.3406637	0.2208799	0.3113646	0.2555430	0.2599699	0.0837207	0.1729614	0.3929304	0.3991315
3232988393.9902039	0.1912882	0.2378612	0.1646785	0.2655024	0.0727945	0.1626784	0.2831187	0.3406586	0.2209051	0.3113512	0.2555452	0.2599632	0.0837282	0.1729675	0.3929268	0.3991122
3232988394.0000901	0.1913132	0.2378598	0.1646888	0.2654788	0.0727775	0.1626833	0.2831382	0.3406522	0.2209006	0.3113619	0.2555570	0.2599508	0.0837178	0.1729508	0.3929357	0.3990944
3232988394.0099783	0.1912990	0.2378491	0.1646798	0.2654873	0.0727891	0.1626717	0.2831162	0.3406551	0.2208962	0.3113679	0.2555355	0.2599600	0.0837192	0.1729453	0.3929468	0.3991178
3232988394.0198665	0.1912906	0.2378577	0.1646802	0.2654832	0.0727871	0.1626916	0.2831183	0.3406686	0.2208926	0.3113629	0.2555465	0.2599413	0.0837288	0.1729683	0.3929227	0.3991030
3232988394.0297546	0.1912908	0.2378667	0.1646685	0.2654889	0.0727938	0.1626801	0.2831238	0.3406330	0.2208669	0.3113508	0.2555228	0.2599798	0.0837165	0.1729480	0.3929314	0.3991044
3232988394.0396428	0.1912852	0.2378358	0.1646734	0.2654928	0.0727826	0.1626655	0.2831223	0.3406560	0.2208960	0.3113651	0.2555593	0.2599367	0.0837015	0.1729543	0.3929517	0.3991062
3232988394.0495310	0.1913140	0.2378532	0.1646753	0.2654792	0.0727779	0.1626826	0.2831152	0.3406431	0.2208809	0.3113470	0.2555549	0.2599586	0.0837430	0.1729366	0.3929448	0.3991191
3232988394.0594192	0.1912990	0.2378473	0.1646927	0.2654726	0.0727953	0.1626917	0.2831070	0.3406448	0.2208810	0.3113479	0.2555412	0.2599467	0.0837266	0.1729610	0.3929446	0.3990907
3232988394.0693073	0.1912969	0.2378598	0.1646865	0.2654946	0.0727931	0.1626897	0.2831308	0.3406444	0.2208770	0.3113368	0.2555494	0.2599624	0.0837376	0.1729515	0.3929366	0.3991006
3232988394.0791955	0.1912920	0.2378614	0.1646851	0.2655011	0.0727886	0.1626894	0.2831245	0.3406354	0.2208944	0.3113552	0.2555475	0.2599454	0.0837280	0.1729613	0.3929431	0.3991098
3232988394.0890837	0.1912996	0.2378413	0.1646775	0.2654887	0.0727695	0.1626873	0.2831169	0.3406192	0.2208788	0.3113572	0.2555426	0.2599305	0.0837319	0.1729496	0.3929342	0.3990878
3232988394.0989699	0.1912859	0.2378458	0.1646832	0.2654664	0.0728106	0.1626982	0.2831329	0.3406314	0.2208783	0.3113432	0.2555528	0.2599475	0.0837224	0.1729530	0.3929557	0.3990919
3232988394.1088581	0.1912854	0.2378269	0.1647081	0.2654765	0.0727816	0.1626848	0.2831254	0.3406434	0.2208830	0.3113466	0.2555674	0.2599302	0.0837317	0.1729600	0.3929181	0.3991090
3232988394.1187463	0.1912967	0.2378286	0.1646921	0.2654777	0.0727804	0.1626804	0.2831268	0.3406560	0.2208584	0.3113498	0.2555556	0.2599449	0.0837234	0.1729711	0.3929296	0.3991062
3232988394.1286345	0.1912864	0.2378411	0.1646817	0.2654703	0.0727949	0.1626994	0.2831318	0.3406459	0.2208908	0.3113518	0.2555249	0.2599388	0.0837111	0.1729550	0.3929250	0.3991000
3232988394.1385226	0.1912877	0.2378534	0.1646885	0.2654787	0.0727853	0.1626702	0.2831314	0.3406385	0.2208802	0.3113406	0.2555517	0.2599268	0.0837283	0.1729298	0.3929297	0.3990846
3232988394.1484108	0.1912782	0.2378259	0.1646893	0.2654713	0.0727800	0.1626587	0.2831262	0.3406505	0.2208721	0.3113346	0.2555483	0.2599545	0.0837363	0.1729590	0.3929327	0.3990858
3232988394.1582990	0.1912940	0.2378408	0.1646855	0.2654753	0.0727851	0.1626825	0.2831189	0.3406369	0.2208761	0.3113448	0.2555407	0.2599393	0.0837118	0.1729570	0.3929152	0.3990951
3232988394.1681871	0.1912919	0.2378349	0.1646717	0.2654714	0.0727952	0.1626741	0.2831175	0.3406517	0.2208723	0.3113378	0.2555532	0.2599656	0.0837238	0.1729550	0.3929330	0.3990906
3232988394.1780753	0.1912848	0.2378291	0.1646849	0.2654725	0.0727875	0.1626708	0.2831274	0.3406446	0.2208792	0.3113608	0.2555312	0.2599193	0.0837226	0.1729417	0.3929229	0.3991075
3232988394.1879635	0.1912886	0.2378359	0.1646634	0.2654617	0.0727755	0.1626819	0.2831019	0.3406390	0.2208873	0.3113278	0.2555453	0.2599400	0.0837278	0.1729422	0.3929147	0.3990923
3232988394.1978502	0.1912766	0.2378079	0.1646623	0.2654621	0.0727934	0.1626646	0.2831175	0.3406154	0.2208741	0.3113167	0.2555673	0.2599298	0.0837260	0.1729283	0.3929237	0.3990969
3232988394.2077384	0.1913012	0.2378368	0.1646855	0.2654754	0.0728017	0.1626717	0.2831120	0.3406247	0.2208731	0.3113462	0.2555333	0.2599572	0.0837313	0.1729470	0.3929386	0.3990857
3232988394.2176266	0.1912812	0.2378423	0.1646844	0.2654796	0.0727753	0.1626854	0.2831078	0.3406383	0.2208915	0.3113439	0.2555436	0.2599479	0.0837276	0.1729571	0.3929464	0.3990934
3232988394.2275147	0.1912919	0.2378308	0.1646735	0.2654630	0.0727756	0.1626765	0.2831280	0.3406151	0.2208871	0.3113211	0.2555348	0.2599347	0.0837264	0.1729302	0.3929350	0.3990854
3232988394.2374029	0.1912834	0.2378205	0.1646878	0.2654716	0.0727881	0.1626614	0.2831049	0.3406350	0.2208593	0.3113427	0.2555371	0.2599335	0.0837017	0.1729432	0.3929293	0.3990700
3232988394.2472911	0.1912852	0.2378191	0.1646796	0.2654561	0.0727749	0.1626689	0.2831139	0.3406096	0.2208787	0.3113428	0.2555489	0.2599380	0.0836991	0.1729483	0.3929336	0.3990656
3232988394.2571793	0.1912921	0.2378325	0.1646894	0.2654667	0.0727570	0.1626589	0.2831148	0.3406170	0.2208734	0.3113289	0.2555487	0.2599188	0.0837233	0.1729539	0.3929320	0.3990856
3232988394.2670674	0.1912851	0.2378152	0.1646913	0.2654569	0.0727792	0.1626713	0.2831259	0.3406078	0.2208843	0.3113341	0.2555431	0.2599204	0.0837046	0.1729329	0.3929116	0.3990734
3232988394.2769556	0.1912811	0.2378311	0.1646773	0.2654636	0.0727926	0.1626695	0.2831254	0.3406194	0.2208706	0.3113408	0.2555538	0.2599153	0.0837315	0.1729710	0.3929101	0.3990690
3232988394.2868438	0.1912970	0.2378213	0.1646950	0.2654503	0.0727896	0.1626786	0.2831148	0.3406281	0.2208805	0.3113223	0.2555393	0.2599417	0.0837237	0.1729405	0.3929315	0.3990809
3232988394.2967300	0.1912785	0.2378294	0.1646606	0.2654565	0.0727746	0.1626452	0.2831024	0.3406253	0.2208672	0.3113082	0.2555499	0.2599417	0.0837209	0.1729446	0.3929265	0.3990729
3232988394.3066182	0.1912901	0.2378187	0.1646816	0.2654631	0.0727944	0.1626829	0.2831058	0.3406152	0.2208814	0.3113299	0.2555415	0.2599239	0.0837266	0.1729572	0.3929122	0.3990702
3232988394.3165064	0.1912771	0.2378255	0.1646845	0.2654585	0.0727739	0.1626663	0.2831090	0.3406200	0.2208623	0.3113270	0.2555435	0.2599156	0.0837298	0.1729266	0.3929360	0.3990597
3232988394.3263946	0.1912969	0.2378391	0.1646886	0.2654605	0.0727867	0.1626581	0.2831326	0.3406364	0.2208668	0.3113210	0.2555469	0.2599287	0.0837260	0.1729351	0.3929330	0.3990533
3232988394.3362827	0.1912705	0.2378223	0.1646710	0.2654608	0.0728007	0.1626687	0.2831166	0.3406327	0.2208727	0.3113157	0.2555403	0.2599267	0.0837240	0.1729345	0.3929288	0.3990657
3232988394.3461709	0.1912871	0.2378351	0.1646673	0.2654561	0.0727819	0.1626793	0.2831193	0.3406249	0.2208736	0.3113383	0.2555397	0.2599248	0.0837274	0.1729318	0.3929154	0.3990557
3232988394.3560591	0.1912786	0.2378253	0.1646647	0.2654625	0.0727990	0.1626669	0.2830983	0.3405951	0.2208695	0.3113202	0.2555329	0.2599307	0.0837208	0.1729452	0.3929093	0.3990639
3232988394.3659472	0.1912680	0.2378342	0.1646839	0.2654573	0.0727979	0.1626669	0.2831115	0.3406233	0.2208967	0.3113256	0.2555448	0.2599287	0.0837099	0.1729571	0.3929279	0.3990486
3232988394.3758354	0.1912911	0.2378185	0.1646718	0.2654418	0.0727753	0.1626634	0.2831317	0.3406193	0.2208888	0.3113118	0.2555296	0.2599236	0.0837225	0.1729380	0.3929394	0.3990700
3232988394.3857236	0.1912906	0.2378165	0.1646725	0.2654733	0.0727909	0.1626798	0.2831223	0.3406287	0.2208882	0.3113037	0.2555464	0.2598981	0.0837093	0.1729403	0.3929189	0.3990716
3232988394.3956103	0.1912803	0.2378166	0.1646739	0.2654487	0.0727892	0.1626518	0.2831180	0.3406121	0.2208831	0.3113181	0.2555231	0.2599154	0.0837359	0.1729493	0.3929170	0.3990658
3232988394.4054985	0.1912733	0.2378399	0.1646726	0.2654505	0.0727901	0.1626437	0.2831173	0.3406336	0.2208869	0.3113217	0.2555411	0.2599045	0.0837118	0.1729446	0.3929254	0.3990738
3232988394.4153867	0.1912852	0.2378035	0.1646719	0.2654372	0.0727877	0.1626705	0.2831305	0.3406078	0.2208752	0.3113249	0.2555381	0.2599172	0.0837298	0.1729160	0.3929145	0.3990617
3232988394.4252748	0.1912964	0.2378266	0.1646813	0.2654582	0.0727801	0.1626707	0.2831168	0.3406151	0.2208960	0.3113145	0.2555799	0.2599251	0.0836998	0.1729229	0.3929247	0.3990621
3232988394.4351630	0.1912855	0.2378306	0.1646491	0.2654411	0.0727830	0.1626780	0.2831184	0.3406231	0.2208863	0.3113153	0.2555368	0.2599284	0.0837265	0.1729193	0.3929305	0.3990535
3232988394.4450512	0.1912798	0.2378130	0.1646795	0.2654520	0.0727960	0.1626688	0.2831199	0.3406133	0.2208768	0.3113213	0.2555427	0.2599132	0.0837270	0.1729499	0.3929294	0.3990490
3232988394.4549394	0.1912915	0.2378106	0.1646730	0.2654425	0.0727787	0.1626599	0.2831285	0.3406063	0.2208728	0.3113216	0.2555580	0.2599259	0.0837179	0.1729511	0.3929231	0.3990646
3232988394.4648275	0.1912630	0.2378274	0.1646797	0.2654492	0.0727726	0.1626586	0.2831030	0.3406117	0.2208900	0.3113269	0.2555338	0.2599112	0.0837142	0.1729287	0.3929220	0.3990721
3232988394.4747157	0.1912872	0.2378231	0.1646739	0.2654452	0.0727909	0.1626805	0.2831100	0.3406148	0.2208888	0.3113206	0.2555358	0.2599312	0.0837246	0.1729391	0.3929131	0.3990456
3232988394.4846039	0.1912807	0.2378041	0.1646707	0.2654542	0.0727944	0.1626545	0.2831153	0.3406126	0.2208903	0.3113094	0.2555447	0.2599191	0.0837203	0.1729347	0.3929116	0.3990589
3232988394.4944901	0.1912961	0.2378083	0.1646869	0.2654386	0.0727984	0.1626697	0.2831122	0.3406063	0.2209034	0.3113038	0.2555542	0.2599161	0.0837241	0.1729352	0.3929180	0.3990327
3232988394.5043783	0.1912668	0.2378366	0.1646722	0.2654558	0.0727824	0.1626613	0.2831194	0.3405886	0.2208652	0.3112952	0.2555278	0.2599053	0.0837180	0.1729386	0.3929152	0.3990571
3232988394.5142665	0.1912792	0.2378038	0.1646626	0.2654505	0.0727542	0.1626674	0.2831104	0.3406077	0.2208832	0.3113322	0.2555366	0.2599059	0.0837280	0.1729404	0.3929177	0.3990369
3232988394.5241547	0.1912772	0.2378145	0.1646782	0.2654644	0.0727741	0.1626528	0.2831093	0.3406009	0.2208640	0.3112990	0.2555502	0.2599159	0.0837185	0.1729414	0.3929320	0.3990493
3232988394.5340428	0.1912714	0.2378026	0.1646825	0.2654402	0.0727888	0.1626723	0.2831427	0.3406016	0.2208562	0.3113184	0.2555476	0.2599256	0.0837226	0.1729268	0.3929213	0.3990446
3232988394.5439310	0.1912782	0.2378179	0.1646843	0.2654549	0.0727959	0.1626638	0.2831322	0.3406031	0.2208789	0.3113012	0.2555426	0.2599001	0.0836979	0.1729347	0.3929353	0.3990412
3232988394.5538192	0.1912833	0.2378158	0.1646711	0.2654259	0.0727978	0.1626653	0.2831046	0.3405920	0.2208859	0.3113368	0.2555353	0.2599093	0.0837108	0.1729183	0.3929216	0.3990355
3232988394.5637073	0.1912794	0.2378265	0.1646734	0.2654589	0.0727954	0.1626675	0.2830979	0.3406124	0.2208621	0.3112989	0.2555435	0.2599031	0.0837090	0.1729218	0.3929216	0.3990458
3232988394.5735955	0.1912739	0.2378225	0.1646721	0.2654451	0.0727784	0.1626506	0.2831187	0.3406123	0.2208768	0.3113088	0.2555522	0.2599131	0.0837168	0.1729489	0.3929325	0.3990466
3232988394.5834837	0.1912624	0.2378065	0.1646903	0.2654533	0.0728012	0.1626576	0.2831197	0.3406087	0.2208996	0.3113179	0.2555389	0.2599044	0.0837086	0.1729270	0.3929202	0.3990516
3232988394.5933700	0.1912881	0.2378088	0.1646714	0.2654494	0.0727957	0.1626576	0.2831235	0.3406160	0.2208752	0.3113051	0.2555419	0.2599160	0.0837274	0.1729486	0.3929312	0.3990493
3232988394.6032581	0.1912817	0.2378263	0.1646818	0.2654522	0.0728004	0.1626520	0.2831228	0.3406081	0.2208849	0.3112884	0.2555528	0.2599179	0.0837319	0.1729233	0.3929082	0.3990312
3232988394.6131463	0.1912937	0.2378028	0.1646753	0.2654415	0.0727783	0.1626510	0.2830913	0.3405871	0.2208778	0.3112987	0.2555474	0.2599102	0.0837018	0.1729301	0.3929109	0.3990210
3232988394.6230345	0.1912547	0.2378005	0.1646759	0.2654470	0.0727880	0.1626556	0.2831234	0.3405806	0.2208780	0.3113005	0.2555466	0.2599003	0.0837265	0.1729327	0.3929373	0.3990509
3232988394.6329226	0.1912620	0.2378104	0.1646630	0.2654422	0.0727880	0.1626748	0.2831255	0.3405995	0.2208565	0.3113067	0.2555461	0.2599077	0.0837230	0.1729133	0.3929188	0.3990350
3232988394.6428108	0.1912819	0.2378025	0.1646799	0.2654201	0.0727997	0.1626579	0.2831219	0.3405903	0.2208739	0.3113032	0.2555333	0.2599017	0.0837055	0.1729330	0.3929225	0.3990377
3232988394.6526990	0.1913029	0.2377931	0.1646802	0.2654498	0.0727812	0.1626548	0.2831150	0.3406065	0.2208814	0.3113039	0.2555307	0.2599208	0.0837200	0.1729295	0.3929205	0.3990300
3232988394.6625872	0.1913053	0.2377939	0.1646761	0.2654523	0.0727780	0.1626711	0.2831342	0.3405919	0.2208667	0.3113049	0.2555464	0.2599024	0.0837423	0.1729317	0.3929088	0.3990502
3232988394.6724753	0.1912754	0.2378092	0.1646794	0.2654446	0.0727731	0.1626584	0.2831200	0.3406015	0.2208791	0.3113014	0.2555544	0.2599097	0.0837021	0.1729402	0.3929234	0.3990485
3232988394.6823635	0.1912947	0.2377832	0.1646825	0.2654343	0.0727624	0.1626704	0.2831293	0.3406060	0.2208769	0.3112986	0.2555330	0.2598941	0.0837423	0.1729279	0.3929310	0.3990324
3232988394.6922502	0.1912889	0.2378132	0.1646732	0.2654483	0.0727958	0.1626523	0.2831164	0.3406022	0.2208912	0.3112958	0.2555384	0.2599054	0.0837438	0.1729345	0.3929231	0.3990407
3232988394.7021384	0.1912765	0.2378042	0.1646850	0.2654390	0.0727717	0.1626528	0.2831185	0.3405794	0.2208793	0.3112968	0.2555618	0.2599009	0.0837328	0.1729267	0.3929297	0.3990290
3232988394.7120266	0.1913121	0.2378166	0.1646679	0.2654244	0.0728023	0.1626592	0.2831214	0.3406098	0.2208623	0.3112845	0.2555296	0.2599056	0.0837146	0.1729202	0.3929309	0.3990224
3232988394.7219148	0.1912635	0.2377905	0.1646805	0.2654491	0.0727817	0.1626412	0.2831207	0.3405764	0.2208720	0.3112816	0.2555409	0.2598941	0.0837341	0.1729157	0.3929114	0.3990439
3232988394.7318029	0.1912684	0.2378050	0.1646550	0.2654454	0.0727674	0.1626587	0.2831255	0.3405767	0.2208744	0.3113025	0.2555219	0.2599119	0.0837141	0.1729166	0.3929168	0.3990270
3232988394.7416911	0.1912786	0.2378196	0.1646658	0.2654405	0.0727932	0.1626667	0.2831223	0.3405821	0.2208881	0.3113044	0.2555282	0.2599117	0.0837380	0.1729125	0.3929201	0.3990342
3232988394.7515793	0.1912968	0.2378074	0.1646705	0.2654483	0.0727938	0.1626536	0.2831189	0.3406026	0.2208873	0.3112759	0.2555513	0.2599193	0.0837261	0.1729298	0.3929105	0.3990477
3232988394.7614675	0.1912942	0.2377897	0.1646761	0.2654291	0.0727901	0.1626599	0.2831095	0.3405887	0.2208806	0.3113127	0.2555382	0.2599167	0.0837380	0.1729093	0.3929209	0.3990392
3232988394.7713556	0.1912761	0.2378051	0.1646891	0.2654374	0.0727797	0.1626452	0.2831360	0.3406046	0.2208678	0.3113028	0.2555226	0.2599028	0.0837192	0.1729385	0.3929280	0.3990068
3232988394.7812438	0.1912945	0.2377987	0.1646577	0.2654181	0.0727661	0.1626522	0.2831011	0.3405891	0.2208803	0.3112962	0.2555228	0.2598929	0.0837140	0.1729248	0.3929115	0.3990438
3232988394.7911301	0.1912935	0.2378043	0.1646883	0.2654332	0.0727961	0.1626384	0.2831175	0.3405824	0.2208809	0.3112981	0.2555300	0.2598948	0.0837326	0.1729242	0.3929178	0.3990318
3232988394.8010182	0.1912928	0.2378125	0.1646841	0.2654419	0.0727941	0.1626517	0.2831076	0.3405939	0.2208659	0.3113054	0.2555332	0.2599210	0.0837008	0.1729208	0.3929120	0.3990088
3232988394.8109064	0.1912845	0.2377983	0.1646859	0.2654438	0.0728004	0.1626566	0.2831223	0.3406056	0.2208772	0.3112923	0.2555535	0.2598867	0.0837370	0.1729180	0.3929210	0.3990225
3232988394.8207946	0.1912751	0.2377842	0.1646827	0.2654453	0.0727760	0.1626486	0.2831226	0.3405829	0.2208782	0.3112857	0.2555432	0.2599014	0.0837335	0.1728980	0.3929259	0.3990235
3232988394.8306828	0.1912882	0.2378166	0.1646943	0.2654426	0.0727794	0.1626503	0.2831150	0.3405638	0.2208701	0.3112934	0.2555402	0.2598836	0.0837300	0.1729252	0.3929196	0.3990206
3232988394.8405709	0.1912870	0.2377977	0.1646747	0.2654300	0.0727795	0.1626524	0.2831106	0.3405643	0.2208653	0.3113027	0.2555365	0.2598954	0.0837106	0.1729198	0.3929397	0.3990090
3232988394.8504591	0.1912856	0.2378136	0.1646830	0.2654449	0.0727950	0.1626530	0.2831271	0.3405724	0.2208740	0.3112932	0.2555526	0.2598946	0.0837296	0.1729050	0.3929189	0.3990466
3232988394.8603473	0.1912776	0.2377997	0.1646799	0.2654220	0.0727969	0.1626533	0.2831172	0.3405996	0.2208829	0.3113072	0.2555483	0.2599023	0.0837288	0.1729166	0.3929182	0.3990090
3232988394.8702354	0.1912803	0.2377853	0.1646775	0.2654265	0.0727889	0.1626560	0.2831199	0.3405929	0.2208548	0.3112951	0.2555438	0.2598743	0.0837130	0.1729100	0.3928867	0.3990294
3232988394.8801236	0.1912861	0.2377983	0.1646658	0.2654230	0.0727623	0.1626643	0.2831142	0.3405811	0.2208959	0.3112750	0.2555258	0.2598985	0.0837318	0.1729235	0.3929003	0.3990178
3232988394.8900099	0.1912768	0.2377924	0.1646578	0.2654354	0.0727840	0.1626364	0.2831246	0.3405975	0.2208547	0.3112882	0.2555402	0.2598933	0.0837226	0.1729209	0.3928942	0.3990262
3232988394.8998981	0.1912821	0.2377962	0.1646888	0.2654099	0.0727857	0.1626551	0.2831051	0.3405773	0.2208726	0.3112828	0.2555392	0.2599092	0.0837218	0.1729200	0.3929189	0.3990217
3232988394.9097862	0.1912837	0.2378071	0.1646822	0.2654345	0.0727943	0.1626536	0.2831282	0.3405943	0.2208671	0.3113014	0.2555411	0.2598762	0.0837317	0.1729237	0.3929150	0.3990136
3232988394.9196744	0.1912904	0.2378123	0.1646851	0.2654185	0.0727765	0.1626466	0.2831195	0.3405984	0.2208642	0.3112851	0.2555376	0.2598862	0.0837235	0.1729139	0.3929214	0.3990212
3232988394.9295626	0.1912772	0.2377922	0.1646791	0.2654343	0.0727783	0.1626559	0.2831260	0.3405729	0.2208596	0.3112833	0.2555299	0.2599023	0.0837348	0.1729294	0.3928923	0.3990385
3232988394.9394507	0.1912706	0.2378079	0.1646635	0.2654357	0.0727902	0.1626507	0.2831214	0.3405892	0.2208724	0.3112748	0.2555331	0.2598795	0.0837221	0.1729223	0.3929075	0.3990298
3232988394.9493389	0.1912804	0.2377996	0.1646713	0.2654269	0.0727841	0.1626257	0.2831240	0.3405661	0.2208574	0.3112734	0.2555146	0.2598975	0.0837135	0.1729321	0.3929243	0.3990098
3232988394.9592271	0.1912895	0.2378146	0.1646905	0.2654305	0.0727973	0.1626700	0.2831183	0.3405669	0.2208802	0.3112830	0.2555392	0.2598957	0.0837209	0.1729214	0.3929140	0.3990216
3232988394.9691153	0.1912895	0.2377732	0.1646657	0.2654293	0.0727836	0.1626674	0.2831294	0.3405836	0.2208757	0.3112970	0.2555485	0.2598928	0.0837105	0.1729196	0.3929287	0.3990293
3232988394.9790034	0.1912662	0.2377945	0.1646707	0.2654327	0.0727960	0.1626685	0.2831030	0.3405747	0.2208571	0.3112752	0.2555254	0.2599075	0.0837319	0.1729241	0.3929019	0.3990156
3232988394.9888902	0.1912792	0.2377914	0.1646817	0.2654402	0.0727807	0.1626480	0.2831123	0.3405650	0.2208727	0.3112870	0.2555368	0.2599008	0.0837110	0.1729078	0.3929041	0.3990100
3232988394.9987783	0.1912782	0.2378024	0.1646879	0.2654359	0.0727879	0.1626570	0.2831225	0.3405757	0.2208642	0.3112827	0.2555399	0.2598936	0.0836972	0.1729223	0.3929178	0.3990294
3232988395.0086665	0.1912998	0.2378006	0.1646816	0.2654367	0.0728037	0.1626498	0.2831235	0.3405879	0.2208588	0.3112904	0.2555438	0.2598954	0.0837200	0.1729231	0.3929059	0.3990110
3232988395.0185547	0.1912925	0.2378005	0.1646712	0.2654386	0.0727928	0.1626341	0.2831228	0.3405772	0.2208642	0.3112944	0.2555270	0.2598885	0.0837427	0.1729146	0.3929186	0.3990105
3232988395.0284429	0.1912836	0.2377934	0.1646621	0.2654387	0.0727761	0.1626540	0.2831078	0.3405773	0.2208665	0.3112800	0.2555400	0.2598828	0.0837060	0.1729136	0.3929073	0.3990035
3232988395.0383310	0.1912891	0.2377988	0.1646836	0.2654324	0.0727855	0.1626572	0.2831124	0.3405710	0.2208771	0.3112762	0.2555323	0.2598851	0.0837115	0.1729259	0.3929102	0.3989998
3232988395.0482192	0.1912891	0.2377837	0.1646678	0.2654231	0.0727713	0.1626488	0.2831069	0.3405587	0.2208659	0.3112935	0.2555417	0.2598785	0.0837134	0.1729185	0.3929254	0.3990135
3232988395.0581074	0.1912857	0.2377935	0.1646619	0.2654296	0.0727872	0.1626506	0.2831216	0.3405717	0.2208726	0.3112880	0.2555258	0.2598889	0.0837201	0.1729074	0.3929120	0.3990049
3232988395.0679955	0.1912845	0.2378012	0.1646687	0.2654306	0.0727785	0.1626469	0.2831291	0.3405864	0.2208790	0.3112942	0.2555339	0.2598913	0.0837220	0.1729142	0.3929013	0.3990066
3232988395.0778837	0.1912798	0.2378128	0.1646761	0.2654302	0.0727880	0.1626426	0.2831105	0.3405741	0.2208782	0.3112893	0.2555230	0.2598774	0.0837187	0.1729190	0.3929164	0.3990087
3232988395.0877700	0.1912798	0.2378000	0.1646816	0.2654239	0.0727823	0.1626490	0.2830998	0.3405546	0.2208658	0.3112752	0.2555350	0.2598945	0.0837224	0.1729123	0.3929076	0.3990107
3232988395.0976582	0.1912677	0.2377932	0.1646706	0.2654164	0.0727877	0.1626599	0.2830930	0.3405514	0.2208750	0.3112963	0.2555345	0.2598810	0.0837001	0.1729244	0.3928897	0.3990156
3232988395.1075463	0.1912907	0.2378003	0.1646857	0.2654237	0.0727900	0.1626224	0.2831202	0.3405664	0.2208724	0.3112797	0.2555248	0.2598973	0.0837313	0.1729251	0.3928998	0.3990053
3232988395.1174345	0.1912799	0.2377871	0.1646722	0.2654309	0.0727856	0.1626489	0.2831345	0.3405581	0.2208679	0.3112958	0.2555238	0.2598766	0.0837188	0.1728973	0.3928869	0.3990172
3232988395.1273227	0.1912826	0.2377967	0.1646923	0.2654263	0.0727892	0.1626383	0.2831089	0.3405899	0.2208576	0.3112788	0.2555283	0.2598908	0.0837334	0.1729124	0.3929180	0.3990091
3232988395.1372108	0.1912887	0.2377912	0.1646753	0.2654166	0.0727856	0.1626431	0.2831117	0.3405511	0.2208638	0.3112784	0.2555265	0.2598804	0.0837235	0.1729141	0.3929170	0.3990291
3232988395.1470990	0.1912750	0.2378083	0.1646668	0.2654212	0.0727673	0.1626440	0.2831176	0.3405803	0.2208652	0.3112840	0.2555178	0.2598778	0.0837063	0.1729196	0.3929042	0.3990193
3232988395.1569872	0.1912948	0.2377999	0.1646705	0.2654373	0.0727894	0.1626595	0.2831128	0.3405801	0.2208633	0.3112851	0.2555111	0.2598773	0.0837197	0.1729055	0.3929171	0.3990175
3232988395.1668754	0.1912865	0.2377953	0.1646898	0.2654390	0.0727970	0.1626537	0.2831072	0.3405738	0.2209004	0.3112900	0.2555330	0.2598913	0.0837298	0.1729226	0.3929030	0.3989966
3232988395.1767635	0.1912924	0.2377901	0.1646817	0.2654500	0.0727882	0.1626426	0.2831232	0.3405845	0.2208629	0.3112938	0.2555391	0.2598889	0.0837198	0.1729220	0.3929109	0.3990220
3232988395.1866503	0.1912876	0.2377902	0.1646735	0.2654502	0.0727913	0.1626462	0.2831229	0.3405818	0.2208671	0.3112663	0.2555322	0.2598688	0.0837259	0.1729148	0.3928958	0.3990128
3232988395.1965384	0.1912794	0.2378023	0.1646664	0.2654363	0.0727851	0.1626418	0.2830953	0.3405657	0.2208582	0.3112827	0.2555336	0.2598823	0.0837249	0.1729111	0.3929159	0.3990195
3232988395.2064266	0.1912749	0.2377951	0.1646798	0.2654326	0.0727865	0.1626503	0.2831055	0.3405921	0.2208789	0.3112702	0.2555178	0.2598805	0.0837058	0.1729178	0.3929071	0.3990044
3232988395.2163148	0.1912758	0.2377973	0.1646827	0.2654292	0.0727826	0.1626634	0.2831031	0.3405695	0.2208721	0.3112986	0.2555480	0.2598823	0.0837255	0.1729103	0.3928964	0.3990132
3232988395.2262030	0.1912849	0.2378033	0.1646731	0.2654215	0.0727862	0.1626445	0.2831209	0.3405833	0.2208686	0.3113020	0.2555190	0.2598927	0.0837184	0.1729175	0.3929020	0.3990237
3232988395.2360911	0.1912887	0.2378044	0.1646638	0.2654303	0.0727934	0.1626541	0.2831244	0.3405832	0.2208582	0.3112806	0.2555269	0.2598834	0.0837050	0.1729121	0.3929117	0.3990063
3232988395.2459793	0.1912826	0.2377885	0.1646684	0.2654350	0.0727866	0.1626554	0.2831048	0.3405746	0.2208403	0.3112704	0.2555208	0.2598835	0.0836978	0.1729226	0.3929115	0.3990046
3232988395.2558675	0.1912666	0.2377908	0.1646842	0.2654341	0.0727868	0.1626324	0.2831141	0.3405772	0.2208621	0.3112881	0.2555166	0.2598774	0.0837154	0.1729248	0.3928959	0.3990025
3232988395.2657557	0.1912708	0.2378060	0.1646815	0.2654121	0.0727835	0.1626707	0.2831033	0.3405891	0.2208566	0.3112815	0.2555341	0.2598994	0.0837183	0.1729297	0.3929107	0.3989995
3232988395.2756438	0.1912738	0.2377763	0.1646700	0.2654239	0.0727866	0.1626620	0.2831200	0.3405752	0.2208698	0.3112939	0.2555157	0.2598790	0.0837099	0.1729232	0.3928853	0.3990091
3232988395.2855301	0.1912675	0.2377900	0.1646468	0.2654314	0.0727807	0.1626552	0.2831202	0.3405495	0.2208591	0.3112768	0.2555235	0.2598974	0.0837086	0.1729131	0.3928941	0.3989935
3232988395.2954183	0.1912760	0.2378004	0.1646818	0.2654274	0.0727935	0.1626610	0.2831027	0.3405651	0.2208604	0.3112789	0.2555035	0.2598964	0.0837106	0.1729020	0.3928855	0.3990235
3232988395.3053064	0.1912826	0.2377940	0.1646651	0.2654237	0.0727805	0.1626408	0.2831016	0.3405895	0.2208671	0.3112813	0.2555231	0.2598862	0.0837231	0.1729023	0.3929022	0.3990059
3232988395.3151946	0.1912680	0.2377829	0.1646709	0.2654246	0.0727956	0.1626339	0.2831009	0.3405812	0.2208660	0.3113021	0.2555138	0.2598977	0.0837104	0.1729160	0.3929061	0.3990163
3232988395.3250828	0.1912679	0.2378130	0.1646659	0.2654416	0.0727806	0.1626652	0.2831177	0.3405840	0.2208574	0.3112996	0.2555246	0.2598827	0.0836928	0.1729155	0.3928852	0.3990075
3232988395.3349709	0.1912865	0.2377965	0.1646856	0.2654228	0.0727826	0.1626610	0.2831253	0.3405715	0.2208534	0.3113042	0.2555244	0.2598998	0.0837125	0.1729108	0.3929066	0.3990260
3232988395.3448591	0.1912463	0.2378036	0.1646735	0.2654225	0.0727865	0.1626493	0.2831178	0.3405858	0.2208631	0.3112836	0.2555192	0.2598873	0.0837027	0.1729063	0.3928917	0.3990395
3232988395.3547473	0.1912784	0.2377877	0.1646805	0.2654207	0.0727765	0.1626289	0.2831160	0.3405850	0.2208658	0.3112801	0.2555293	0.2599065	0.0837070	0.1728978	0.3928981	0.3990071
3232988395.3646355	0.1912752	0.2377973	0.1646780	0.2654255	0.0727680	0.1626437	0.2831000	0.3405844	0.2208812	0.3112913	0.2555234	0.2598875	0.0837056	0.1729003	0.3929003	0.3990185
3232988395.3745236	0.1912945	0.2378000	0.1646837	0.2654332	0.0727782	0.1626698	0.2831052	0.3405989	0.2208376	0.3112856	0.2555291	0.2599018	0.0837255	0.1729206	0.3928787	0.3990221
3232988395.3844099	0.1912860	0.2378172	0.1646659	0.2654177	0.0728038	0.1626623	0.2831114	0.3405926	0.2208587	0.3112939	0.2555234	0.2599106	0.0837122	0.1728996	0.3928951	0.3990269
3232988395.3942981	0.1912910	0.2378062	0.1646732	0.2654248	0.0727911	0.1626615	0.2831227	0.3405948	0.2208461	0.3112801	0.2555111	0.2599057	0.0837212	0.1729215	0.3928962	0.3990173
3232988395.4041862	0.1912692	0.2377877	0.1646700	0.2654293	0.0727891	0.1626603	0.2831226	0.3405982	0.2208502	0.3112959	0.2555227	0.2599049	0.0837160	0.1729198	0.3928996	0.3990202
3232988395.4140744	0.1912763	0.2377979	0.1646707	0.2654366	0.0727769	0.1626605	0.2831079	0.3405689	0.2208447	0.3112920	0.2555232	0.2598884	0.0837151	0.1729132	0.3928786	0.3990220
3232988395.4239626	0.1912785	0.2378012	0.1646758	0.2654460	0.0727819	0.1626623	0.2831075	0.3405754	0.2208593	0.3112858	0.2555218	0.2599048	0.0837171	0.1729281	0.3929043	0.3990442
3232988395.4338508	0.1912891	0.2378197	0.1646929	0.2654483	0.0728023	0.1626607	0.2831046	0.3405982	0.2208404	0.3112940	0.2555246	0.2598986	0.0836917	0.1729122	0.3928869	0.3990264
3232988395.4437389	0.1912745	0.2378152	0.1646849	0.2654440	0.0727845	0.1626603	0.2831117	0.3405926	0.2208538	0.3112969	0.2555297	0.2599012	0.0837261	0.1729162	0.3928945	0.3990321
3232988395.4536271	0.1912810	0.2378005	0.1646627	0.2654553	0.0727810	0.1626419	0.2831086	0.3405888	0.2208745	0.3112892	0.2555242	0.2598914	0.0837121	0.1729466	0.3928902	0.3990033
3232988395.4635153	0.1912728	0.2378021	0.1646434	0.2654283	0.0727926	0.1626566	0.2831151	0.3405977	0.2208631	0.3112950	0.2555180	0.2598951	0.0837107	0.1729095	0.3928966	0.3990494
3232988395.4734035	0.1912790	0.2378147	0.1646648	0.2654355	0.0727714	0.1626574	0.2831031	0.3405844	0.2208448	0.3112973	0.2555256	0.2598913	0.0837147	0.1729201	0.3928821	0.3990215
3232988395.4832902	0.1912799	0.2378130	0.1646692	0.2654553	0.0728054	0.1626550	0.2831133	0.3406052	0.2208686	0.3112899	0.2555301	0.2598714	0.0837162	0.1729274	0.3928997	0.3990289
3232988395.4931784	0.1912833	0.2378061	0.1646628	0.2654216	0.0727793	0.1626472	0.2831152	0.3405966	0.2208732	0.3112939	0.2555330	0.2599167	0.0837214	0.1729240	0.3928915	0.3990316
3232988395.5030665	0.1912974	0.2378170	0.1646748	0.2654398	0.0727875	0.1626562	0.2831201	0.3405782	0.2208660	0.3113004	0.2555287	0.2598960	0.0837042	0.1729118	0.3928845	0.3990158
3232988395.5129547	0.1912773	0.2378021	0.1646559	0.2654585	0.0727898	0.1626504	0.2830866	0.3406018	0.2208556	0.3113040	0.2555101	0.2599052	0.0836923	0.1729237	0.3928905	0.3990216
3232988395.5228429	0.1912924	0.2378001	0.1646779	0.2654468	0.0727862	0.1626522	0.2831054	0.3405869	0.2208627	0.3113108	0.2555172	0.2599043	0.0837243	0.1729289	0.3928869	0.3990358
3232988395.5327311	0.1912798	0.2378123	0.1646529	0.2654535	0.0727640	0.1626714	0.2831072	0.3406101	0.2208779	0.3112766	0.2555093	0.2598989	0.0837219	0.1729354	0.3929056	0.3990346
3232988395.5426192	0.1912908	0.2378053	0.1646822	0.2654510	0.0727958	0.1626630	0.2831050	0.3405965	0.2208575	0.3112927	0.2555276	0.2599279	0.0837193	0.1729328	0.3928971	0.3990441
3232988395.5525074	0.1912872	0.2377999	0.1646795	0.2654393	0.0727731	0.1626683	0.2831139	0.3406053	0.2208704	0.3113067	0.2555129	0.2599124	0.0837245	0.1729279	0.3928884	0.3990336
3232988395.5623956	0.1912758	0.2377912	0.1646622	0.2654556	0.0727889	0.1626643	0.2830936	0.3405907	0.2208704	0.3113057	0.2555123	0.2599042	0.0837112	0.1729348	0.3928944	0.3990447
3232988395.5722837	0.1912777	0.2378105	0.1646779	0.2654490	0.0727844	0.1626813	0.2831008	0.3405994	0.2208828	0.3113173	0.2555241	0.2599046	0.0837118	0.1729155	0.3928863	0.3990545
