3232987486.0839300	0.2098102	0.2458927	0.1805418	0.2755531	0.1751909	0.2980400	0.2150695	0.2233779	0.2301372	0.3141629	0.2697322	0.2659602	0.2155976	0.3252470	0.2845458	0.2556284
3232987486.0938182	0.2097995	0.2458805	0.1805407	0.2755615	0.1751815	0.2980335	0.2150726	0.2233602	0.2301636	0.3141693	0.2697270	0.2659571	0.2155924	0.3252535	0.2845250	0.2556462
3232987486.1037064	0.2098215	0.2458819	0.1805720	0.2755620	0.1751959	0.2980433	0.2150895	0.2233395	0.2301593	0.3141611	0.2697135	0.2659646	0.2155848	0.3252175	0.2845668	0.2556388
3232987486.1135945	0.2098119	0.2458708	0.1805523	0.2755610	0.1752007	0.2980444	0.2150711	0.2233650	0.2301466	0.3141501	0.2697253	0.2659558	0.2156000	0.3252261	0.2845360	0.2556440
3232987486.1234827	0.2098091	0.2458787	0.1805427	0.2755651	0.1751979	0.2980467	0.2150630	0.2233740	0.2301435	0.3141533	0.2697419	0.2659777	0.2155955	0.3252437	0.2845290	0.2556511
3232987486.1333709	0.2098051	0.2458702	0.1805505	0.2755620	0.1751952	0.2980243	0.2150642	0.2233512	0.2301540	0.3141624	0.2697320	0.2659857	0.2155861	0.3252518	0.2845334	0.2556560
3232987486.1432590	0.2098103	0.2458870	0.1805413	0.2755569	0.1751982	0.2980504	0.2150722	0.2233514	0.2301583	0.3141839	0.2697317	0.2659755	0.2156058	0.3252504	0.2845529	0.2556601
3232987486.1531472	0.2098108	0.2458761	0.1805479	0.2755375	0.1752062	0.2980326	0.2150752	0.2233654	0.2301709	0.3141766	0.2697528	0.2659848	0.2155922	0.3252653	0.2845479	0.2556700
3232987486.1630354	0.2098147	0.2458893	0.1805700	0.2755590	0.1752003	0.2980383	0.2150823	0.2233541	0.2301759	0.3141886	0.2697601	0.2659761	0.2156104	0.3252716	0.2845573	0.2556711
3232987486.1729236	0.2098069	0.2458723	0.1805661	0.2755576	0.1751996	0.2980337	0.2150962	0.2233486	0.2301823	0.3141958	0.2697480	0.2659859	0.2156128	0.3252644	0.2845714	0.2556532
3232987486.1828103	0.2098078	0.2458591	0.1805494	0.2755390	0.1751947	0.2980406	0.2150491	0.2233529	0.2301746	0.3141662	0.2697622	0.2659676	0.2156150	0.3252674	0.2845873	0.2556322
3232987486.1926985	0.2098189	0.2458776	0.1805520	0.2755603	0.1752033	0.2980275	0.2150616	0.2233566	0.2301845	0.3141764	0.2697361	0.2659493	0.2156095	0.3252455	0.2845662	0.2556639
3232987486.2025866	0.2098021	0.2458689	0.1805415	0.2755345	0.1751902	0.2980409	0.2150843	0.2233484	0.2301876	0.3141410	0.2697291	0.2659559	0.2156200	0.3252399	0.2845665	0.2556355
3232987486.2124748	0.2097982	0.2458791	0.1805692	0.2755447	0.1752183	0.2980367	0.2150650	0.2233489	0.2301523	0.3141380	0.2697353	0.2659577	0.2156057	0.3252146	0.2845546	0.2556333
3232987486.2223630	0.2098213	0.2458590	0.1805557	0.2755541	0.1752012	0.2980319	0.2150675	0.2233462	0.2301781	0.3141439	0.2697509	0.2659488	0.2156154	0.3252280	0.2845620	0.2556241
3232987486.2322512	0.2098182	0.2458563	0.1805316	0.2755513	0.1751997	0.2980235	0.2150817	0.2233530	0.2301677	0.3141593	0.2697296	0.2659310	0.2155940	0.3252259	0.2845397	0.2556127
3232987486.2421393	0.2098039	0.2458930	0.1805420	0.2755384	0.1751820	0.2980124	0.2150674	0.2233463	0.2301706	0.3141580	0.2697387	0.2659401	0.2155838	0.3252419	0.2845404	0.2556429
3232987486.2520275	0.2098013	0.2458602	0.1805586	0.2755364	0.1751875	0.2980345	0.2150619	0.2233564	0.2301562	0.3141500	0.2697239	0.2659582	0.2155931	0.3252228	0.2845432	0.2556334
3232987486.2619157	0.2098022	0.2458619	0.1805481	0.2755529	0.1752092	0.2980308	0.2150472	0.2233530	0.2301648	0.3141475	0.2697372	0.2659410	0.2156069	0.3252611	0.2845415	0.2556384
3232987486.2718039	0.2098058	0.2458854	0.1805552	0.2755634	0.1752008	0.2980326	0.2150684	0.2233673	0.2301605	0.3141647	0.2697337	0.2659668	0.2155911	0.3252327	0.2845619	0.2556323
3232987486.2816901	0.2098017	0.2458706	0.1805453	0.2755576	0.1751866	0.2980268	0.2150551	0.2233457	0.2301611	0.3141562	0.2697463	0.2659560	0.2155861	0.3252486	0.2845601	0.2556363
3232987486.2915783	0.2097879	0.2458678	0.1805319	0.2755320	0.1751817	0.2980448	0.2150613	0.2233408	0.2301738	0.3141659	0.2697374	0.2659652	0.2155900	0.3252454	0.2845651	0.2556260
3232987486.3014665	0.2098015	0.2458560	0.1805405	0.2755430	0.1751967	0.2980314	0.2150620	0.2233472	0.2301728	0.3141484	0.2697552	0.2659563	0.2156039	0.3252637	0.2845687	0.2556452
3232987486.3113546	0.2098006	0.2458638	0.1805479	0.2755491	0.1752078	0.2980345	0.2150551	0.2233491	0.2301700	0.3141330	0.2697333	0.2659755	0.2156158	0.3252383	0.2845630	0.2556550
3232987486.3212428	0.2098063	0.2458934	0.1805537	0.2755388	0.1752060	0.2980236	0.2150568	0.2233476	0.2301740	0.3141411	0.2697291	0.2659553	0.2155808	0.3252413	0.2845536	0.2556492
3232987486.3311310	0.2097880	0.2458744	0.1805587	0.2755323	0.1751974	0.2980297	0.2150681	0.2233503	0.2301683	0.3141552	0.2697230	0.2659466	0.2155978	0.3252255	0.2845599	0.2556352
3232987486.3410192	0.2098269	0.2458594	0.1805500	0.2755400	0.1751950	0.2980364	0.2150693	0.2233154	0.2301754	0.3141536	0.2697282	0.2659418	0.2155938	0.3252394	0.2845426	0.2556447
3232987486.3509073	0.2098039	0.2458544	0.1805365	0.2755498	0.1752035	0.2980515	0.2150794	0.2233438	0.2301567	0.3141476	0.2697353	0.2659399	0.2155800	0.3252212	0.2845483	0.2556252
3232987486.3607955	0.2098014	0.2458705	0.1805488	0.2755478	0.1752059	0.2980181	0.2150713	0.2233466	0.2301663	0.3141600	0.2697327	0.2659469	0.2155987	0.3252289	0.2845380	0.2556424
3232987486.3706837	0.2098069	0.2458644	0.1805602	0.2755391	0.1752026	0.2980440	0.2150637	0.2233556	0.2301506	0.3141434	0.2697329	0.2659517	0.2155772	0.3252405	0.2845562	0.2556116
3232987486.3805699	0.2098110	0.2458690	0.1805681	0.2755456	0.1751968	0.2980295	0.2150860	0.2233455	0.2301576	0.3141499	0.2697314	0.2659714	0.2155962	0.3252361	0.2845383	0.2556369
3232987486.3904581	0.2098051	0.2458677	0.1805517	0.2755304	0.1751876	0.2980226	0.2150733	0.2233327	0.2301613	0.3141318	0.2697106	0.2659429	0.2155588	0.3252419	0.2845499	0.2556257
3232987486.4003463	0.2098090	0.2458742	0.1805363	0.2755566	0.1752027	0.2980260	0.2150894	0.2233437	0.2301513	0.3141460	0.2697194	0.2659492	0.2155951	0.3252355	0.2845430	0.2556125
3232987486.4102344	0.2097981	0.2458388	0.1805630	0.2755423	0.1751956	0.2980329	0.2150625	0.2233259	0.2301722	0.3141449	0.2697145	0.2659599	0.2155992	0.3252151	0.2845438	0.2556384
3232987486.4201226	0.2098205	0.2458741	0.1805540	0.2755371	0.1752057	0.2980347	0.2150771	0.2233579	0.2301696	0.3141521	0.2697218	0.2659450	0.2155820	0.3252381	0.2845355	0.2556280
3232987486.4300108	0.2098054	0.2458717	0.1805459	0.2755346	0.1751977	0.2980341	0.2150636	0.2233484	0.2301751	0.3141363	0.2697257	0.2659441	0.2155931	0.3252241	0.2845528	0.2556404
3232987486.4398990	0.2098222	0.2458614	0.1805429	0.2755479	0.1752026	0.2980320	0.2150668	0.2233292	0.2301792	0.3141481	0.2697523	0.2659480	0.2155988	0.3252471	0.2845367	0.2556313
3232987486.4497871	0.2098037	0.2458583	0.1805404	0.2755593	0.1751829	0.2980213	0.2150618	0.2233532	0.2301682	0.3141476	0.2697278	0.2659427	0.2155987	0.3252328	0.2845478	0.2556277
3232987486.4596753	0.2098188	0.2458544	0.1805567	0.2755381	0.1751934	0.2980164	0.2150692	0.2233433	0.2301564	0.3141506	0.2697386	0.2659381	0.2155966	0.3252361	0.2845396	0.2556236
3232987486.4695635	0.2097969	0.2458592	0.1805604	0.2755404	0.1751958	0.2980257	0.2150736	0.2233460	0.2301630	0.3141347	0.2697302	0.2659381	0.2156037	0.3252357	0.2845488	0.2556429
3232987486.4794502	0.2098001	0.2458507	0.1805690	0.2755485	0.1751846	0.2980218	0.2150885	0.2233233	0.2301602	0.3141545	0.2697394	0.2659533	0.2155918	0.3252237	0.2845472	0.2556304
3232987486.4893384	0.2098064	0.2458640	0.1805608	0.2755511	0.1751684	0.2980338	0.2150685	0.2233452	0.2301708	0.3141351	0.2697357	0.2659429	0.2155971	0.3252176	0.2845676	0.2556526
3232987486.4992266	0.2098142	0.2458613	0.1805319	0.2755345	0.1751913	0.2980174	0.2150640	0.2233319	0.2301665	0.3141557	0.2697366	0.2659467	0.2155883	0.3252357	0.2845500	0.2556367
3232987486.5091147	0.2098131	0.2458660	0.1805303	0.2755244	0.1751876	0.2980165	0.2150847	0.2233318	0.2301633	0.3141412	0.2697395	0.2659609	0.2155935	0.3252446	0.2845636	0.2556154
3232987486.5190029	0.2097973	0.2458397	0.1805487	0.2755378	0.1751761	0.2980286	0.2150642	0.2233359	0.2301690	0.3141436	0.2697222	0.2659459	0.2155847	0.3252007	0.2845530	0.2556444
3232987486.5288911	0.2098082	0.2458713	0.1805703	0.2755369	0.1751957	0.2980144	0.2150715	0.2233516	0.2301673	0.3141326	0.2697442	0.2659660	0.2156067	0.3252171	0.2845531	0.2556305
3232987486.5387793	0.2098063	0.2458762	0.1805444	0.2755213	0.1751980	0.2980248	0.2150720	0.2233358	0.2301562	0.3141389	0.2697369	0.2659479	0.2156072	0.3252174	0.2845555	0.2556446
3232987486.5486674	0.2098168	0.2458491	0.1805607	0.2755195	0.1751924	0.2980195	0.2150814	0.2233305	0.2301547	0.3141336	0.2697345	0.2659483	0.2156014	0.3252234	0.2845494	0.2556404
3232987486.5585556	0.2097949	0.2458620	0.1805520	0.2755260	0.1751823	0.2980269	0.2150768	0.2233354	0.2301673	0.3141425	0.2697302	0.2659531	0.2155756	0.3252346	0.2845574	0.2556276
3232987486.5684438	0.2098128	0.2458632	0.1805616	0.2755291	0.1751959	0.2980103	0.2150846	0.2233324	0.2301641	0.3141423	0.2697497	0.2659627	0.2155916	0.3252213	0.2845539	0.2556319
3232987486.5783300	0.2098124	0.2458603	0.1805571	0.2755285	0.1752002	0.2980161	0.2150699	0.2233104	0.2301805	0.3141522	0.2697278	0.2659498	0.2156040	0.3252315	0.2845806	0.2556215
3232987486.5882182	0.2098168	0.2458628	0.1805450	0.2755344	0.1752080	0.2980043	0.2150609	0.2233266	0.2301617	0.3141483	0.2697345	0.2659449	0.2156083	0.3252170	0.2845571	0.2556377
3232987486.5981064	0.2098151	0.2458592	0.1805622	0.2755297	0.1751982	0.2980145	0.2150744	0.2233234	0.2301580	0.3141411	0.2697302	0.2659540	0.2155924	0.3252237	0.2845418	0.2556265
3232987486.6079946	0.2098132	0.2458318	0.1805494	0.2755348	0.1751778	0.2980213	0.2150623	0.2233215	0.2301785	0.3141401	0.2697403	0.2659343	0.2155935	0.3252268	0.2845535	0.2556306
3232987486.6178827	0.2098159	0.2458424	0.1805550	0.2755130	0.1752020	0.2980246	0.2150637	0.2233391	0.2301693	0.3141282	0.2697436	0.2659241	0.2155923	0.3252227	0.2845529	0.2556203
3232987486.6277709	0.2097926	0.2458436	0.1805489	0.2755383	0.1752023	0.2980086	0.2150668	0.2233251	0.2301739	0.3141410	0.2697411	0.2659366	0.2156093	0.3252094	0.2845545	0.2556294
3232987486.6376591	0.2098073	0.2458537	0.1805413	0.2755305	0.1752130	0.2980150	0.2150713	0.2233448	0.2301785	0.3141330	0.2697492	0.2659359	0.2155977	0.3252290	0.2845479	0.2556297
3232987486.6475472	0.2098105	0.2458477	0.1805685	0.2755354	0.1751858	0.2979887	0.2150657	0.2233360	0.2301812	0.3141513	0.2697335	0.2659408	0.2155897	0.3252108	0.2845640	0.2556427
3232987486.6574354	0.2098005	0.2458495	0.1805509	0.2755125	0.1751983	0.2980167	0.2150789	0.2233302	0.2301558	0.3141358	0.2697367	0.2659363	0.2156063	0.3252175	0.2845480	0.2556256
3232987486.6673236	0.2098045	0.2458333	0.1805480	0.2755200	0.1751921	0.2980079	0.2150763	0.2233229	0.2301642	0.3141360	0.2697316	0.2659473	0.2155980	0.3251891	0.2845579	0.2556163
3232987486.6772103	0.2098066	0.2458615	0.1805415	0.2755209	0.1751921	0.2980222	0.2150521	0.2233253	0.2301646	0.3141324	0.2697186	0.2659203	0.2155982	0.3252234	0.2845557	0.2556273
3232987486.6870985	0.2098034	0.2458501	0.1805415	0.2755322	0.1751866	0.2980000	0.2150635	0.2233127	0.2301680	0.3141342	0.2697429	0.2659385	0.2155911	0.3252110	0.2845489	0.2556498
3232987486.6969867	0.2097938	0.2458367	0.1805589	0.2755295	0.1752012	0.2979976	0.2150680	0.2233219	0.2301701	0.3141465	0.2697278	0.2659501	0.2156000	0.3251992	0.2845571	0.2556210
3232987486.7068748	0.2097892	0.2458447	0.1805341	0.2755303	0.1751866	0.2980049	0.2150678	0.2233385	0.2301656	0.3141463	0.2697436	0.2659279	0.2156024	0.3251958	0.2845559	0.2556309
3232987486.7167630	0.2097924	0.2458491	0.1805399	0.2755117	0.1751830	0.2979984	0.2150502	0.2233198	0.2301820	0.3141239	0.2697208	0.2659247	0.2156108	0.3252005	0.2845500	0.2556194
3232987486.7266512	0.2098115	0.2458442	0.1805566	0.2755172	0.1751899	0.2980066	0.2150700	0.2233141	0.2301632	0.3141470	0.2697317	0.2659193	0.2155840	0.3252194	0.2845514	0.2556169
3232987486.7365394	0.2098194	0.2458365	0.1805491	0.2755272	0.1751916	0.2980040	0.2150754	0.2233304	0.2301554	0.3141412	0.2697325	0.2659304	0.2156042	0.3252297	0.2845524	0.2556178
3232987486.7464275	0.2097909	0.2458382	0.1805593	0.2755155	0.1751902	0.2979841	0.2150662	0.2233231	0.2301766	0.3141247	0.2697360	0.2659314	0.2156016	0.3252084	0.2845617	0.2556341
3232987486.7563157	0.2098009	0.2458375	0.1805496	0.2755133	0.1751947	0.2979976	0.2150673	0.2233125	0.2301690	0.3141340	0.2697127	0.2659106	0.2155877	0.3252164	0.2845533	0.2556176
3232987486.7662039	0.2098178	0.2458495	0.1805418	0.2755178	0.1751918	0.2979976	0.2150606	0.2233249	0.2301745	0.3141480	0.2697296	0.2659308	0.2155836	0.3252031	0.2845408	0.2556228
3232987486.7760901	0.2097937	0.2458333	0.1805235	0.2755227	0.1751811	0.2980106	0.2150693	0.2233332	0.2301627	0.3141375	0.2697248	0.2659370	0.2156001	0.3251941	0.2845435	0.2556271
3232987486.7859783	0.2098033	0.2458277	0.1805511	0.2755068	0.1751821	0.2980103	0.2150597	0.2233280	0.2301754	0.3141353	0.2697301	0.2659336	0.2155829	0.3252068	0.2845429	0.2556064
3232987486.7958665	0.2097927	0.2458280	0.1805324	0.2755190	0.1751932	0.2979994	0.2150626	0.2233209	0.2301736	0.3141277	0.2697240	0.2659194	0.2155878	0.3251967	0.2845747	0.2556156
3232987486.8057547	0.2098075	0.2458612	0.1805500	0.2755293	0.1751879	0.2980056	0.2150436	0.2233399	0.2301730	0.3141231	0.2697250	0.2659278	0.2156217	0.3252199	0.2845580	0.2555995
3232987486.8156428	0.2098095	0.2458190	0.1805510	0.2755319	0.1751954	0.2980114	0.2150569	0.2233186	0.2301573	0.3141362	0.2697455	0.2659246	0.2155997	0.3251817	0.2845478	0.2556059
3232987486.8255310	0.2097935	0.2458584	0.1805395	0.2755165	0.1752034	0.2980001	0.2150659	0.2233310	0.2301633	0.3141336	0.2697310	0.2659487	0.2155880	0.3252235	0.2845484	0.2555972
3232987486.8354192	0.2098005	0.2458509	0.1805450	0.2755341	0.1751930	0.2980119	0.2150712	0.2233112	0.2301676	0.3141362	0.2697072	0.2659232	0.2155824	0.3252131	0.2845450	0.2556016
3232987486.8453073	0.2098086	0.2458518	0.1805502	0.2755327	0.1751865	0.2980181	0.2150852	0.2233236	0.2301641	0.3141434	0.2697283	0.2659196	0.2156053	0.3252118	0.2845530	0.2555886
3232987486.8551955	0.2097907	0.2458312	0.1805605	0.2755128	0.1752034	0.2980086	0.2150576	0.2233289	0.2301668	0.3141355	0.2697161	0.2659297	0.2155984	0.3251947	0.2845593	0.2556217
3232987486.8650837	0.2098072	0.2458475	0.1805405	0.2755152	0.1751877	0.2980130	0.2150551	0.2233304	0.2301541	0.3141424	0.2697345	0.2659235	0.2156082	0.3252058	0.2845650	0.2556065
3232987486.8749700	0.2097938	0.2458379	0.1805329	0.2755157	0.1751911	0.2979819	0.2150682	0.2233199	0.2301755	0.3141211	0.2697180	0.2659179	0.2155872	0.3252079	0.2845527	0.2556036
3232987486.8848581	0.2097947	0.2458681	0.1805716	0.2755188	0.1751701	0.2980054	0.2150543	0.2233296	0.2301732	0.3141209	0.2697249	0.2659197	0.2155793	0.3251945	0.2845355	0.2556011
3232987486.8947463	0.2098045	0.2458515	0.1805641	0.2755012	0.1752016	0.2980034	0.2150811	0.2233354	0.2301622	0.3141354	0.2697247	0.2659263	0.2155992	0.3251924	0.2845301	0.2556128
3232987486.9046345	0.2098191	0.2458572	0.1805556	0.2755278	0.1752093	0.2979939	0.2150658	0.2233182	0.2301562	0.3141098	0.2697078	0.2659049	0.2156176	0.3252114	0.2845312	0.2556118
3232987486.9145226	0.2097921	0.2458315	0.1805334	0.2755069	0.1752079	0.2979934	0.2150550	0.2233377	0.2301772	0.3141284	0.2697194	0.2659413	0.2155843	0.3252045	0.2845417	0.2556049
3232987486.9244108	0.2097921	0.2458363	0.1805518	0.2755103	0.1751952	0.2979947	0.2150594	0.2233036	0.2301568	0.3141231	0.2697262	0.2659101	0.2155750	0.3252280	0.2845418	0.2556173
3232987486.9342990	0.2097905	0.2458378	0.1805328	0.2755198	0.1751897	0.2980109	0.2150546	0.2233153	0.2301602	0.3141293	0.2697214	0.2659298	0.2156056	0.3251927	0.2845205	0.2556122
3232987486.9441872	0.2098064	0.2458504	0.1805487	0.2755176	0.1751977	0.2980011	0.2150642	0.2233344	0.2301587	0.3141168	0.2697188	0.2659051	0.2155675	0.3252249	0.2845570	0.2556019
3232987486.9540753	0.2098197	0.2458422	0.1805475	0.2755266	0.1752040	0.2979953	0.2150759	0.2233068	0.2301583	0.3141100	0.2697368	0.2659356	0.2156035	0.3252043	0.2845505	0.2555990
3232987486.9639635	0.2097984	0.2458353	0.1805443	0.2755008	0.1751960	0.2979920	0.2150707	0.2233235	0.2301509	0.3141314	0.2697178	0.2659311	0.2155768	0.3252039	0.2845572	0.2556014
3232987486.9738502	0.2097971	0.2458404	0.1805388	0.2755114	0.1751852	0.2979920	0.2150701	0.2233205	0.2301503	0.3141164	0.2697328	0.2659217	0.2156136	0.3251873	0.2845387	0.2556054
3232987486.9837384	0.2097830	0.2458240	0.1805496	0.2755086	0.1751780	0.2980055	0.2150618	0.2233320	0.2301621	0.3141117	0.2697194	0.2659151	0.2155880	0.3252000	0.2845381	0.2556073
3232987486.9936266	0.2097911	0.2458338	0.1805524	0.2755068	0.1751897	0.2980007	0.2150506	0.2233211	0.2301640	0.3141061	0.2697395	0.2659227	0.2156018	0.3251804	0.2845332	0.2556117
3232987487.0035148	0.2097971	0.2458525	0.1805634	0.2755243	0.1752048	0.2980114	0.2150740	0.2233132	0.2301558	0.3141017	0.2697334	0.2659103	0.2155850	0.3251889	0.2845465	0.2556183
3232987487.0134029	0.2097998	0.2458356	0.1805459	0.2755218	0.1751948	0.2979727	0.2150739	0.2233199	0.2301607	0.3141159	0.2697418	0.2659138	0.2156016	0.3252063	0.2845542	0.2556096
3232987487.0232911	0.2097914	0.2458464	0.1805376	0.2755219	0.1751962	0.2980001	0.2150637	0.2233217	0.2301524	0.3141272	0.2697351	0.2659355	0.2156031	0.3252055	0.2845350	0.2555880
3232987487.0331793	0.2097961	0.2458211	0.1805467	0.2755210	0.1752049	0.2979914	0.2150615	0.2233133	0.2301565	0.3141154	0.2697415	0.2659281	0.2155859	0.3251880	0.2845436	0.2556193
3232987487.0430675	0.2097942	0.2458335	0.1805583	0.2755204	0.1751888	0.2979987	0.2150612	0.2233350	0.2301651	0.3141154	0.2697203	0.2659282	0.2155953	0.3252064	0.2845739	0.2556094
3232987487.0529556	0.2098143	0.2458484	0.1805564	0.2755181	0.1751902	0.2980099	0.2150741	0.2233157	0.2301686	0.3141285	0.2697250	0.2659198	0.2155726	0.3251978	0.2845600	0.2556190
3232987487.0628438	0.2098090	0.2458438	0.1805367	0.2755195	0.1751892	0.2979936	0.2150746	0.2233054	0.2301674	0.3141187	0.2697202	0.2659252	0.2155772	0.3252081	0.2845332	0.2555984
3232987487.0727301	0.2098135	0.2458394	0.1805478	0.2755404	0.1752000	0.2980032	0.2150598	0.2233278	0.2301724	0.3141305	0.2697344	0.2659391	0.2155979	0.3252123	0.2845480	0.2556262
3232987487.0826182	0.2097888	0.2458446	0.1805370	0.2755087	0.1751831	0.2979827	0.2150478	0.2233123	0.2301534	0.3141183	0.2697211	0.2659327	0.2155867	0.3251992	0.2845413	0.2556278
3232987487.0925064	0.2098103	0.2458193	0.1805437	0.2755201	0.1751773	0.2979867	0.2150598	0.2233155	0.2301498	0.3141287	0.2697231	0.2659258	0.2155987	0.3251970	0.2845571	0.2556112
3232987487.1023946	0.2097993	0.2458504	0.1805447	0.2755139	0.1751983	0.2979984	0.2150682	0.2233149	0.2301558	0.3141231	0.2697305	0.2659176	0.2155943	0.3252029	0.2845532	0.2556282
3232987487.1122828	0.2097923	0.2458305	0.1805602	0.2755320	0.1751815	0.2979963	0.2150535	0.2233126	0.2301678	0.3141105	0.2697096	0.2659120	0.2155930	0.3252100	0.2845462	0.2556025
3232987487.1221709	0.2098104	0.2458326	0.1805372	0.2755121	0.1751730	0.2980093	0.2150745	0.2233260	0.2301627	0.3141169	0.2697339	0.2659183	0.2155880	0.3252217	0.2845438	0.2556102
3232987487.1320591	0.2098004	0.2458371	0.1805423	0.2755087	0.1751880	0.2979988	0.2150630	0.2233259	0.2301597	0.3141259	0.2697379	0.2659192	0.2155814	0.3252060	0.2845590	0.2556132
3232987487.1419473	0.2097830	0.2458404	0.1805429	0.2755119	0.1751843	0.2980005	0.2150549	0.2233262	0.2301508	0.3141292	0.2697350	0.2659220	0.2155922	0.3251946	0.2845710	0.2556232
3232987487.1518354	0.2097940	0.2458348	0.1805402	0.2755155	0.1751790	0.2980021	0.2150562	0.2233267	0.2301547	0.3141053	0.2697201	0.2659210	0.2156035	0.3252023	0.2845445	0.2556121
3232987487.1617236	0.2098114	0.2458394	0.1805429	0.2755219	0.1751930	0.2980002	0.2150684	0.2233412	0.2301456	0.3141312	0.2697282	0.2659217	0.2156055	0.3252022	0.2845368	0.2556097
3232987487.1716099	0.2098126	0.2458577	0.1805442	0.2755192	0.1752002	0.2980275	0.2150710	0.2233160	0.2301701	0.3141262	0.2697350	0.2659211	0.2155895	0.3252137	0.2845561	0.2556008
3232987487.1814980	0.2098101	0.2458320	0.1805603	0.2755154	0.1751851	0.2980036	0.2150569	0.2233259	0.2301472	0.3141149	0.2697332	0.2659241	0.2155656	0.3252100	0.2845353	0.2556001
3232987487.1913862	0.2098058	0.2458435	0.1805484	0.2755130	0.1751898	0.2979974	0.2150640	0.2233187	0.2301589	0.3141206	0.2697148	0.2659216	0.2155738	0.3251956	0.2845471	0.2556135
3232987487.2012744	0.2098083	0.2458379	0.1805423	0.2755218	0.1751995	0.2979928	0.2150794	0.2233227	0.2301541	0.3141337	0.2697238	0.2659356	0.2155913	0.3252063	0.2845604	0.2556385
3232987487.2111626	0.2098033	0.2458555	0.1805582	0.2755180	0.1751899	0.2979982	0.2150773	0.2233369	0.2301669	0.3141192	0.2697422	0.2659414	0.2155940	0.3252086	0.2845489	0.2556239
3232987487.2210507	0.2098012	0.2458544	0.1805568	0.2755300	0.1751916	0.2979893	0.2150788	0.2233192	0.2301695	0.3141296	0.2697299	0.2659323	0.2156181	0.3252179	0.2845350	0.2556042
3232987487.2309389	0.2098105	0.2458615	0.1805366	0.2755063	0.1752049	0.2980061	0.2150740	0.2233247	0.2301697	0.3141273	0.2697230	0.2659484	0.2156105	0.3252183	0.2845578	0.2556282
3232987487.2408271	0.2097837	0.2458297	0.1805331	0.2755325	0.1751930	0.2980035	0.2150510	0.2233155	0.2301757	0.3141283	0.2697344	0.2659425	0.2155988	0.3252235	0.2845748	0.2556183
3232987487.2507153	0.2098009	0.2458421	0.1805505	0.2755279	0.1751848	0.2979963	0.2150723	0.2233164	0.2301750	0.3141240	0.2697361	0.2659165	0.2155928	0.3252068	0.2845647	0.2556210
3232987487.2606034	0.2098013	0.2458394	0.1805360	0.2755314	0.1751936	0.2979985	0.2150651	0.2233299	0.2301582	0.3141307	0.2697330	0.2659407	0.2156019	0.3252061	0.2845680	0.2556208
3232987487.2704902	0.2097975	0.2458620	0.1805514	0.2755142	0.1751928	0.2980013	0.2150519	0.2233487	0.2301676	0.3141274	0.2697233	0.2659396	0.2156006	0.3252163	0.2845405	0.2556215
3232987487.2803783	0.2098038	0.2458423	0.1805411	0.2755457	0.1751961	0.2980093	0.2150793	0.2233117	0.2301654	0.3141373	0.2697431	0.2659341	0.2156002	0.3252106	0.2845598	0.2556121
3232987487.2902665	0.2097834	0.2458614	0.1805603	0.2755330	0.1751720	0.2980047	0.2150669	0.2233263	0.2301502	0.3141327	0.2697397	0.2659161	0.2156029	0.3252147	0.2845536	0.2556222
3232987487.3001547	0.2097977	0.2458396	0.1805400	0.2755296	0.1751754	0.2979923	0.2150624	0.2233265	0.2301729	0.3141339	0.2697372	0.2659381	0.2155874	0.3251971	0.2845530	0.2555998
3232987487.3100429	0.2098070	0.2458496	0.1805616	0.2755245	0.1751943	0.2980093	0.2150629	0.2233305	0.2301619	0.3141279	0.2697285	0.2659339	0.2155939	0.3252239	0.2845491	0.2556236
3232987487.3199310	0.2098087	0.2458606	0.1805518	0.2755171	0.1751927	0.2980141	0.2150833	0.2233371	0.2301595	0.3141365	0.2697281	0.2659425	0.2155932	0.3252163	0.2845645	0.2556242
3232987487.3298192	0.2098120	0.2458503	0.1805407	0.2755131	0.1751943	0.2980016	0.2150642	0.2233093	0.2301694	0.3141399	0.2697262	0.2659437	0.2155743	0.3252124	0.2845749	0.2556135
3232987487.3397074	0.2097913	0.2458370	0.1805575	0.2755327	0.1751921	0.2980134	0.2150666	0.2233247	0.2301639	0.3141170	0.2697380	0.2659145	0.2156000	0.3252009	0.2845456	0.2556116
3232987487.3495955	0.2097840	0.2458404	0.1805453	0.2755071	0.1751952	0.2979963	0.2150730	0.2233385	0.2301472	0.3141413	0.2697153	0.2659448	0.2156051	0.3252150	0.2845346	0.2556326
3232987487.3594837	0.2097962	0.2458301	0.1805374	0.2755272	0.1751894	0.2980170	0.2150652	0.2233316	0.2301708	0.3141140	0.2697270	0.2659410	0.2156075	0.3252108	0.2845527	0.2556045
3232987487.3693700	0.2098064	0.2458437	0.1805567	0.2755401	0.1751971	0.2980118	0.2150806	0.2233261	0.2301544	0.3141272	0.2697284	0.2659269	0.2156008	0.3252167	0.2845414	0.2556169
3232987487.3792582	0.2097867	0.2458589	0.1805503	0.2755271	0.1751974	0.2980100	0.2150781	0.2233388	0.2301673	0.3141449	0.2697291	0.2659283	0.2155910	0.3252013	0.2845706	0.2556193
3232987487.3891463	0.2098012	0.2458390	0.1805426	0.2755191	0.1752098	0.2980160	0.2150605	0.2233208	0.2301586	0.3141142	0.2697321	0.2659509	0.2155850	0.3252157	0.2845346	0.2556190
3232987487.3990345	0.2097991	0.2458297	0.1805541	0.2754993	0.1751978	0.2980164	0.2150586	0.2233337	0.2301480	0.3141338	0.2697237	0.2659261	0.2155738	0.3252177	0.2845554	0.2556225
3232987487.4089227	0.2098011	0.2458341	0.1805368	0.2755124	0.1751865	0.2979939	0.2150459	0.2233274	0.2301569	0.3141471	0.2697109	0.2659244	0.2155985	0.3252141	0.2845361	0.2556165
3232987487.4188108	0.2097975	0.2458357	0.1805420	0.2755171	0.1752085	0.2980055	0.2150643	0.2233195	0.2301614	0.3141231	0.2697235	0.2659450	0.2155962	0.3252141	0.2845452	0.2556190
3232987487.4286990	0.2097856	0.2458547	0.1805626	0.2755285	0.1751998	0.2980185	0.2150687	0.2233470	0.2301524	0.3141563	0.2697359	0.2659360	0.2155939	0.3252088	0.2845360	0.2556256
3232987487.4385872	0.2097913	0.2458416	0.1805691	0.2755296	0.1751951	0.2980197	0.2150660	0.2233305	0.2301597	0.3141399	0.2697224	0.2659299	0.2155892	0.3252270	0.2845455	0.2556098
3232987487.4484754	0.2097937	0.2458433	0.1805577	0.2755070	0.1751965	0.2979998	0.2150762	0.2233216	0.2301679	0.3141403	0.2697446	0.2659181	0.2155868	0.3252011	0.2845528	0.2556268
3232987487.4583635	0.2097896	0.2458317	0.1805316	0.2755135	0.1751849	0.2980045	0.2150712	0.2233243	0.2301639	0.3141174	0.2697319	0.2659371	0.2155748	0.3252152	0.2845316	0.2555977
3232987487.4682503	0.2097898	0.2458515	0.1805323	0.2755363	0.1751879	0.2980031	0.2150574	0.2233235	0.2301618	0.3141327	0.2697232	0.2659401	0.2155995	0.3251959	0.2845641	0.2556143
3232987487.4781384	0.2097860	0.2458366	0.1805335	0.2755137	0.1751906	0.2980162	0.2150640	0.2233437	0.2301687	0.3141201	0.2697176	0.2659502	0.2155961	0.3252119	0.2845516	0.2556139
3232987487.4880266	0.2098018	0.2458580	0.1805518	0.2755135	0.1751794	0.2980100	0.2150637	0.2233286	0.2301629	0.3141224	0.2697261	0.2659270	0.2156131	0.3251997	0.2845515	0.2556366
3232987487.4979148	0.2098056	0.2458496	0.1805368	0.2755152	0.1751991	0.2979992	0.2150500	0.2233290	0.2301828	0.3141433	0.2697227	0.2659427	0.2155887	0.3252188	0.2845654	0.2556199
3232987487.5078030	0.2097874	0.2458328	0.1805552	0.2755223	0.1751750	0.2980049	0.2150535	0.2233222	0.2301749	0.3141325	0.2697180	0.2659382	0.2155890	0.3252221	0.2845667	0.2556048
3232987487.5176911	0.2097933	0.2458459	0.1805414	0.2755246	0.1751857	0.2980101	0.2150685	0.2233296	0.2301608	0.3141401	0.2697151	0.2659507	0.2155927	0.3252052	0.2845437	0.2556043
3232987487.5275793	0.2098085	0.2458540	0.1805519	0.2755287	0.1751824	0.2980137	0.2150650	0.2233296	0.2301418	0.3141184	0.2697274	0.2659430	0.2155951	0.3252240	0.2845581	0.2556351
3232987487.5374675	0.2098186	0.2458443	0.1805597	0.2755141	0.1751966	0.2980137	0.2150731	0.2233236	0.2301624	0.3141330	0.2697314	0.2659329	0.2155856	0.3252101	0.2845381	0.2556372
3232987487.5473556	0.2098012	0.2458448	0.1805481	0.2755174	0.1752080	0.2980159	0.2150790	0.2233245	0.2301538	0.3141308	0.2697495	0.2659529	0.2155975	0.3251971	0.2845503	0.2556213
3232987487.5572438	0.2097945	0.2458433	0.1805459	0.2755142	0.1751893	0.2979989	0.2150815	0.2233140	0.2301583	0.3141457	0.2697263	0.2659566	0.2155714	0.3252296	0.2845538	0.2556080
3232987487.5671301	0.2097851	0.2458482	0.1805563	0.2755207	0.1751788	0.2979887	0.2150631	0.2233340	0.2301488	0.3141318	0.2697258	0.2659405	0.2155950	0.3252109	0.2845496	0.2556221
3232987487.5770183	0.2097953	0.2458468	0.1805404	0.2755513	0.1751860	0.2980083	0.2150552	0.2233220	0.2301623	0.3141150	0.2697225	0.2659534	0.2156193	0.3252089	0.2845303	0.2556187
3232987487.5869064	0.2098065	0.2458488	0.1805515	0.2755322	0.1752012	0.2980035	0.2150791	0.2233348	0.2301826	0.3141332	0.2697387	0.2659298	0.2155773	0.3252038	0.2845442	0.2556220
3232987487.5967946	0.2098034	0.2458626	0.1805399	0.2755216	0.1751921	0.2979914	0.2150799	0.2233422	0.2301422	0.3141271	0.2697363	0.2659377	0.2155990	0.3252110	0.2845320	0.2556373
3232987487.6066828	0.2097856	0.2458314	0.1805452	0.2755296	0.1752099	0.2979952	0.2150758	0.2233125	0.2301537	0.3141333	0.2697382	0.2659384	0.2155839	0.3252187	0.2845538	0.2556089
3232987487.6165709	0.2097875	0.2458451	0.1805251	0.2755484	0.1751792	0.2979952	0.2150705	0.2233211	0.2301727	0.3141341	0.2697227	0.2659358	0.2155799	0.3252115	0.2845282	0.2556238
3232987487.6264591	0.2098062	0.2458433	0.1805594	0.2755288	0.1751761	0.2980296	0.2150538	0.2233198	0.2301539	0.3141314	0.2697347	0.2659229	0.2155923	0.3252062	0.2845577	0.2556131
3232987487.6363473	0.2098050	0.2458390	0.1805387	0.2755338	0.1751906	0.2980075	0.2150754	0.2233318	0.2301517	0.3141438	0.2697258	0.2659263	0.2155768	0.3252166	0.2845436	0.2556139
3232987487.6462355	0.2098028	0.2458572	0.1805366	0.2755341	0.1751960	0.2980141	0.2150579	0.2233369	0.2301723	0.3141367	0.2697353	0.2659370	0.2155635	0.3252026	0.2845479	0.2556221
3232987487.6561236	0.2097936	0.2458449	0.1805412	0.2755179	0.1752090	0.2980094	0.2150612	0.2233148	0.2301772	0.3141441	0.2697297	0.2659300	0.2156008	0.3252015	0.2845418	0.2556123
3232987487.6660099	0.2097805	0.2458371	0.1805435	0.2755169	0.1751998	0.2979905	0.2150696	0.2233112	0.2301581	0.3141009	0.2697252	0.2659236	0.2156118	0.3252224	0.2845603	0.2556272
3232987487.6758981	0.2097965	0.2458589	0.1805331	0.2755365	0.1751909	0.2980068	0.2150573	0.2233145	0.2301516	0.3141367	0.2697288	0.2659248	0.2156018	0.3252040	0.2845476	0.2556322
3232987487.6857862	0.2097969	0.2458548	0.1805498	0.2755237	0.1751872	0.2979987	0.2150625	0.2233331	0.2301679	0.3141346	0.2697253	0.2659310	0.2155837	0.3252319	0.2845318	0.2556095
3232987487.6956744	0.2097874	0.2458520	0.1805552	0.2755238	0.1752009	0.2980082	0.2150684	0.2233279	0.2301699	0.3141363	0.2697214	0.2659388	0.2155912	0.3252318	0.2845406	0.2556346
3232987487.7055626	0.2098132	0.2458554	0.1805485	0.2755240	0.1751874	0.2980062	0.2150758	0.2233211	0.2301472	0.3141349	0.2697369	0.2659444	0.2155953	0.3252102	0.2845434	0.2556263
3232987487.7154508	0.2097710	0.2458551	0.1805526	0.2755052	0.1751884	0.2980064	0.2150655	0.2233126	0.2301467	0.3141404	0.2697213	0.2659301	0.2155989	0.3252236	0.2845497	0.2556237
3232987487.7253389	0.2097962	0.2458253	0.1805358	0.2755207	0.1751805	0.2980106	0.2150555	0.2233074	0.2301693	0.3141334	0.2697310	0.2659471	0.2155927	0.3252255	0.2845689	0.2556118
3232987487.7352271	0.2097921	0.2458465	0.1805441	0.2755310	0.1751878	0.2979918	0.2150631	0.2233367	0.2301643	0.3141292	0.2697401	0.2659457	0.2155998	0.3252222	0.2845536	0.2556198
3232987487.7451153	0.2098106	0.2458499	0.1805429	0.2755260	0.1751934	0.2980112	0.2150650	0.2233300	0.2301608	0.3141507	0.2697468	0.2659299	0.2155877	0.3252039	0.2845402	0.2556313
3232987487.7550035	0.2098082	0.2458530	0.1805564	0.2755359	0.1751943	0.2980228	0.2150689	0.2233314	0.2301563	0.3141325	0.2697469	0.2659351	0.2156030	0.3252147	0.2845388	0.2556214
3232987487.7648902	0.2097947	0.2458507	0.1805505	0.2755307	0.1751768	0.2980079	0.2150477	0.2233110	0.2301696	0.3141286	0.2697369	0.2659377	0.2155993	0.3252271	0.2845455	0.2556251
3232987487.7747784	0.2097894	0.2458354	0.1805380	0.2755219	0.1751951	0.2980112	0.2150761	0.2233311	0.2301558	0.3141255	0.2697324	0.2659375	0.2156115	0.3252197	0.2845549	0.2555993
3232987487.7846665	0.2097864	0.2458586	0.1805676	0.2755347	0.1751726	0.2979949	0.2150623	0.2233088	0.2301767	0.3141332	0.2697295	0.2659331	0.2156004	0.3252149	0.2845584	0.2556303
3232987487.7945547	0.2097898	0.2458463	0.1805512	0.2755385	0.1751870	0.2980051	0.2150678	0.2233346	0.2301575	0.3141533	0.2697092	0.2659412	0.2156005	0.3252177	0.2845376	0.2556119
3232987487.8044429	0.2098051	0.2458346	0.1805591	0.2755161	0.1752023	0.2980133	0.2150872	0.2233149	0.2301589	0.3141380	0.2697352	0.2659556	0.2155764	0.3252279	0.2845328	0.2556257
3232987487.8143311	0.2097890	0.2458529	0.1805469	0.2755140	0.1752130	0.2980106	0.2150681	0.2233302	0.2301477	0.3141405	0.2697435	0.2659390	0.2156030	0.3252122	0.2845537	0.2556176
3232987487.8242192	0.2097743	0.2458562	0.1805417	0.2755141	0.1751869	0.2980110	0.2150585	0.2233309	0.2301424	0.3141528	0.2697468	0.2659339	0.2155895	0.3252283	0.2845371	0.2556324
3232987487.8341074	0.2098016	0.2458400	0.1805473	0.2755107	0.1751876	0.2980144	0.2150737	0.2233415	0.2301573	0.3141290	0.2697385	0.2659443	0.2155949	0.3252244	0.2845725	0.2556248
3232987487.8439956	0.2097936	0.2458515	0.1805475	0.2755300	0.1751820	0.2980054	0.2150656	0.2233226	0.2301557	0.3141444	0.2697298	0.2659361	0.2156077	0.3252219	0.2845442	0.2556125
3232987487.8538837	0.2098041	0.2458486	0.1805516	0.2755165	0.1751957	0.2980179	0.2150798	0.2233286	0.2301594	0.3141423	0.2697447	0.2659418	0.2155985	0.3252300	0.2845525	0.2556261
3232987487.8637700	0.2097843	0.2458443	0.1805586	0.2755487	0.1751998	0.2980113	0.2150552	0.2233388	0.2301686	0.3141317	0.2697400	0.2659472	0.2155965	0.3252329	0.2845426	0.2556179
3232987487.8736582	0.2097877	0.2458499	0.1805279	0.2755358	0.1751750	0.2980096	0.2150494	0.2233397	0.2301605	0.3141437	0.2697301	0.2659415	0.2155963	0.3252342	0.2845518	0.2556234
3232987487.8835464	0.2097967	0.2458508	0.1805662	0.2755287	0.1751924	0.2979920	0.2150587	0.2233218	0.2301619	0.3141355	0.2697326	0.2659441	0.2155936	0.3252320	0.2845521	0.2556194
3232987487.8934345	0.2097958	0.2458411	0.1805502	0.2755242	0.1751816	0.2980091	0.2150619	0.2233321	0.2301865	0.3141542	0.2697350	0.2659363	0.2156044	0.3252208	0.2845624	0.2556197
3232987487.9033227	0.2097947	0.2458701	0.1805635	0.2755263	0.1751859	0.2979939	0.2150440	0.2233231	0.2301693	0.3141468	0.2697147	0.2659346	0.2156002	0.3252202	0.2845539	0.2556395
3232987487.9132109	0.2097889	0.2458500	0.1805561	0.2755346	0.1751970	0.2979953	0.2150513	0.2233481	0.2301775	0.3141325	0.2697307	0.2659310	0.2156037	0.3252270	0.2845493	0.2556307
3232987487.9230990	0.2097955	0.2458496	0.1805405	0.2755083	0.1752018	0.2980185	0.2150580	0.2233262	0.2301568	0.3141381	0.2697386	0.2659418	0.2155903	0.3252328	0.2845383	0.2556309
3232987487.9329872	0.2097975	0.2458434	0.1805274	0.2755215	0.1751825	0.2979862	0.2150577	0.2233349	0.2301692	0.3141261	0.2697393	0.2659294	0.2156167	0.3252250	0.2845453	0.2556187
3232987487.9428754	0.2098093	0.2458543	0.1805477	0.2755331	0.1751946	0.2980062	0.2150578	0.2233242	0.2301611	0.3141364	0.2697321	0.2659447	0.2155986	0.3252247	0.2845566	0.2556285
3232987487.9527636	0.2098098	0.2458676	0.1805487	0.2755396	0.1751911	0.2980163	0.2150707	0.2233130	0.2301604	0.3141320	0.2697205	0.2659432	0.2156022	0.3252296	0.2845356	0.2556241
3232987487.9626503	0.2098002	0.2458355	0.1805508	0.2755385	0.1752024	0.2980029	0.2150559	0.2233416	0.2301458	0.3141384	0.2697229	0.2659436	0.2156131	0.3252292	0.2845293	0.2556089
3232987487.9725385	0.2097835	0.2458421	0.1805577	0.2755348	0.1751900	0.2980175	0.2150773	0.2233275	0.2301436	0.3141500	0.2697239	0.2659311	0.2155970	0.3252355	0.2845490	0.2556268
3232987487.9824266	0.2097931	0.2458473	0.1805314	0.2755324	0.1751592	0.2980108	0.2150507	0.2233395	0.2301621	0.3141442	0.2697209	0.2659498	0.2155983	0.3252089	0.2845459	0.2556258
3232987487.9923148	0.2097894	0.2458467	0.1805369	0.2755234	0.1751731	0.2980153	0.2150508	0.2233216	0.2301635	0.3141387	0.2697250	0.2659066	0.2155861	0.3252183	0.2845535	0.2556212
3232987488.0022030	0.2097847	0.2458426	0.1805493	0.2755254	0.1751983	0.2980074	0.2150554	0.2233303	0.2301467	0.3141455	0.2697338	0.2659457	0.2155837	0.3252244	0.2845556	0.2556146
3232987488.0120912	0.2098133	0.2458459	0.1805351	0.2755273	0.1751816	0.2980028	0.2150864	0.2233391	0.2301644	0.3141358	0.2697345	0.2659488	0.2155972	0.3252400	0.2845439	0.2555990
3232987488.0219793	0.2097969	0.2458461	0.1805483	0.2755147	0.1751931	0.2980157	0.2150615	0.2233214	0.2301648	0.3141347	0.2697176	0.2659274	0.2155937	0.3252391	0.2845343	0.2556104
3232987488.0318675	0.2097878	0.2458502	0.1805363	0.2755213	0.1751786	0.2980087	0.2150467	0.2233122	0.2301582	0.3141438	0.2697383	0.2659320	0.2155923	0.3252110	0.2845367	0.2556197
3232987488.0417557	0.2097917	0.2458303	0.1805512	0.2755294	0.1751800	0.2980027	0.2150582	0.2233227	0.2301616	0.3141361	0.2697325	0.2659296	0.2155931	0.3252181	0.2845540	0.2556102
3232987488.0516438	0.2098053	0.2458610	0.1805421	0.2755444	0.1752008	0.2980077	0.2150711	0.2233213	0.2301626	0.3141399	0.2697335	0.2659257	0.2156003	0.3252167	0.2845340	0.2556170
3232987488.0615301	0.2098126	0.2458466	0.1805600	0.2755233	0.1751721	0.2980057	0.2150657	0.2233499	0.2301831	0.3141236	0.2697408	0.2659461	0.2155836	0.3252345	0.2845602	0.2556101
3232987488.0714183	0.2097813	0.2458483	0.1805567	0.2755285	0.1752055	0.2980019	0.2150665	0.2233206	0.2301701	0.3141464	0.2697298	0.2659395	0.2155951	0.3252025	0.2845364	0.2556010
3232987488.0813065	0.2097931	0.2458335	0.1805560	0.2755423	0.1751870	0.2979910	0.2150567	0.2233074	0.2301533	0.3141120	0.2697435	0.2659167	0.2156136	0.3251965	0.2845632	0.2556084
3232987488.0911946	0.2097881	0.2458363	0.1805434	0.2755316	0.1751875	0.2980052	0.2150525	0.2233229	0.2301604	0.3141370	0.2697240	0.2659229	0.2155863	0.3251857	0.2845388	0.2556197
3232987488.1010828	0.2097945	0.2458421	0.1805206	0.2755200	0.1751871	0.2980078	0.2150501	0.2233228	0.2301617	0.3141393	0.2697196	0.2659135	0.2155900	0.3251856	0.2845410	0.2556129
3232987488.1109710	0.2097937	0.2458350	0.1805554	0.2755241	0.1751866	0.2980201	0.2150630	0.2233245	0.2301555	0.3141281	0.2697110	0.2659357	0.2155732	0.3252139	0.2845461	0.2556036
3232987488.1208591	0.2098021	0.2458252	0.1805380	0.2755265	0.1752005	0.2980111	0.2150594	0.2233278	0.2301478	0.3141365	0.2697290	0.2659119	0.2155843	0.3252157	0.2845170	0.2556183
3232987488.1307473	0.2097993	0.2458543	0.1805479	0.2755337	0.1751752	0.2979962	0.2150776	0.2233357	0.2301454	0.3141264	0.2697010	0.2659296	0.2155858	0.3251997	0.2845131	0.2556278
3232987488.1406355	0.2097823	0.2458556	0.1805450	0.2755434	0.1751866	0.2979902	0.2150539	0.2233350	0.2301581	0.3141169	0.2697335	0.2659228	0.2155797	0.3251954	0.2845230	0.2556024
3232987488.1505237	0.2097881	0.2458476	0.1805413	0.2755146	0.1751681	0.2979989	0.2150549	0.2233276	0.2301590	0.3141363	0.2697183	0.2659331	0.2155776	0.3252029	0.2845288	0.2556085
3232987488.1604099	0.2098035	0.2458610	0.1805501	0.2755308	0.1751823	0.2980067	0.2150480	0.2233129	0.2301685	0.3141064	0.2697283	0.2659373	0.2155825	0.3252098	0.2845342	0.2556038
3232987488.1702981	0.2097977	0.2458584	0.1805553	0.2755246	0.1751919	0.2980047	0.2150833	0.2233120	0.2301348	0.3141403	0.2697159	0.2659249	0.2155648	0.3252083	0.2845355	0.2556141
3232987488.1801863	0.2098054	0.2458484	0.1805498	0.2755245	0.1751924	0.2980249	0.2150575	0.2233131	0.2301435	0.3141544	0.2697270	0.2659108	0.2155757	0.3252200	0.2845507	0.2556182
3232987488.1900744	0.2098103	0.2458606	0.1805385	0.2755238	0.1751780	0.2980055	0.2150663	0.2233245	0.2301579	0.3141379	0.2697214	0.2659321	0.2155884	0.3251964	0.2845399	0.2556180
3232987488.1999626	0.2097868	0.2458372	0.1805456	0.2755302	0.1751887	0.2980029	0.2150598	0.2233433	0.2301477	0.3141281	0.2697106	0.2659282	0.2155707	0.3252083	0.2845456	0.2556238
3232987488.2098508	0.2097927	0.2458481	0.1805538	0.2755166	0.1751695	0.2979985	0.2150709	0.2233190	0.2301426	0.3141284	0.2697255	0.2659338	0.2155829	0.3252214	0.2845498	0.2556274
3232987488.2197390	0.2097855	0.2458593	0.1805430	0.2755183	0.1751787	0.2980104	0.2150610	0.2233419	0.2301759	0.3141411	0.2697205	0.2659401	0.2156048	0.3252166	0.2845355	0.2556268
3232987488.2296271	0.2097992	0.2458466	0.1805479	0.2755154	0.1752007	0.2980108	0.2150548	0.2233133	0.2301481	0.3141302	0.2697282	0.2659284	0.2155910	0.3252145	0.2845277	0.2556353
3232987488.2395153	0.2098138	0.2458491	0.1805617	0.2755337	0.1751934	0.2979897	0.2150602	0.2233246	0.2301477	0.3141347	0.2697204	0.2659399	0.2155945	0.3252122	0.2845421	0.2556254
3232987488.2494035	0.2097706	0.2458430	0.1805515	0.2755006	0.1751921	0.2980128	0.2150453	0.2233232	0.2301534	0.3141332	0.2696944	0.2659255	0.2155660	0.3252400	0.2845461	0.2556202
3232987488.2592902	0.2097911	0.2458597	0.1805505	0.2755284	0.1751961	0.2979918	0.2150779	0.2233139	0.2301684	0.3141376	0.2697384	0.2659313	0.2155814	0.3252142	0.2845413	0.2556256
3232987488.2691784	0.2097854	0.2458513	0.1805572	0.2755341	0.1751957	0.2980154	0.2150737	0.2233229	0.2301612	0.3141396	0.2697310	0.2659343	0.2155962	0.3252163	0.2845590	0.2556189
3232987488.2790666	0.2098006	0.2458592	0.1805486	0.2755444	0.1752039	0.2980084	0.2150782	0.2233270	0.2301676	0.3141452	0.2697237	0.2659385	0.2155871	0.3252256	0.2845499	0.2556231
3232987488.2889547	0.2097980	0.2458386	0.1805408	0.2755198	0.1752027	0.2979950	0.2150589	0.2233279	0.2301632	0.3141542	0.2697196	0.2659418	0.2155837	0.3252143	0.2845426	0.2556299
3232987488.2988429	0.2098042	0.2458398	0.1805361	0.2755427	0.1751938	0.2980116	0.2150503	0.2233118	0.2301727	0.3141500	0.2697210	0.2659284	0.2156074	0.3252137	0.2845504	0.2556293
3232987488.3087311	0.2097750	0.2458541	0.1805350	0.2755200	0.1751607	0.2980119	0.2150612	0.2233229	0.2301674	0.3141254	0.2697429	0.2659301	0.2156018	0.3252091	0.2845453	0.2556183
3232987488.3186192	0.2097878	0.2458465	0.1805338	0.2755380	0.1751817	0.2979748	0.2150699	0.2233218	0.2301648	0.3141254	0.2697158	0.2659067	0.2155889	0.3251874	0.2845417	0.2556033
3232987488.3285074	0.2098032	0.2458484	0.1805524	0.2754983	0.1751835	0.2980303	0.2150668	0.2233318	0.2301457	0.3141275	0.2697159	0.2659158	0.2155834	0.3252181	0.2845254	0.2555930
3232987488.3383956	0.2098059	0.2458518	0.1805468	0.2755183	0.1751831	0.2980022	0.2150724	0.2233244	0.2301596	0.3141131	0.2697022	0.2658998	0.2155949	0.3251995	0.2845214	0.2556033
3232987488.3482838	0.2098003	0.2458345	0.1805438	0.2755175	0.1751882	0.2980273	0.2150750	0.2233340	0.2301519	0.3141000	0.2697035	0.2658950	0.2155544	0.3251884	0.2845205	0.2555850
3232987488.3581700	0.2097891	0.2458730	0.1805293	0.2755257	0.1751710	0.2979816	0.2150578	0.2233058	0.2301378	0.3140935	0.2696875	0.2658891	0.2155866	0.3251860	0.2845020	0.2556016
3232987488.3680582	0.2097985	0.2458460	0.1805567	0.2755171	0.1751971	0.2980060	0.2150585	0.2233150	0.2301410	0.3141057	0.2696984	0.2658987	0.2155650	0.3251786	0.2845034	0.2555801
3232987488.3779464	0.2097987	0.2458431	0.1805583	0.2755106	0.1752042	0.2979999	0.2150543	0.2233426	0.2301198	0.3141055	0.2696759	0.2658929	0.2155874	0.3251665	0.2845015	0.2555669
3232987488.3878345	0.2098039	0.2458484	0.1805521	0.2755228	0.1751875	0.2980030	0.2150639	0.2233328	0.2301422	0.3141052	0.2697050	0.2659009	0.2155848	0.3251658	0.2845252	0.2555951
3232987488.3977227	0.2098058	0.2458438	0.1805457	0.2755251	0.1751938	0.2980002	0.2150621	0.2233422	0.2301164	0.3141059	0.2697127	0.2659053	0.2155876	0.3251758	0.2845095	0.2555822
3232987488.4076109	0.2097896	0.2458305	0.1805506	0.2755235	0.1751747	0.2979914	0.2150541	0.2233225	0.2301372	0.3140967	0.2696946	0.2659094	0.2155620	0.3251885	0.2845244	0.2555989
3232987488.4174991	0.2097914	0.2458445	0.1805508	0.2755319	0.1751944	0.2980038	0.2150515	0.2233227	0.2301264	0.3141192	0.2697158	0.2659218	0.2155736	0.3252110	0.2845254	0.2556016
3232987488.4273872	0.2098074	0.2458366	0.1805543	0.2755155	0.1751924	0.2979767	0.2150900	0.2233186	0.2301445	0.3141124	0.2697285	0.2659146	0.2155820	0.3251951	0.2845368	0.2556143
3232987488.4372754	0.2098110	0.2458528	0.1805405	0.2755150	0.1752003	0.2980001	0.2150738	0.2233294	0.2301587	0.3141145	0.2697343	0.2659347	0.2155940	0.3252116	0.2845397	0.2556117
3232987488.4471636	0.2098112	0.2458644	0.1805514	0.2755290	0.1751968	0.2980040	0.2150427	0.2233209	0.2301599	0.3141281	0.2697329	0.2659489	0.2156003	0.3251905	0.2845561	0.2556127
3232987488.4570503	0.2097869	0.2458413	0.1805422	0.2755346	0.1751983	0.2979911	0.2150568	0.2233057	0.2301535	0.3141124	0.2697378	0.2659401	0.2155847	0.3252017	0.2845444	0.2556177
3232987488.4669385	0.2097950	0.2458345	0.1805537	0.2755174	0.1751881	0.2979976	0.2150747	0.2233222	0.2301578	0.3141288	0.2697270	0.2659245	0.2155821	0.3252138	0.2845398	0.2556116
3232987488.4768267	0.2098076	0.2458313	0.1805616	0.2755137	0.1751930	0.2979790	0.2150822	0.2233371	0.2301561	0.3141290	0.2697253	0.2659417	0.2156099	0.3252080	0.2845548	0.2556241
3232987488.4867148	0.2098047	0.2458316	0.1805548	0.2755286	0.1752060	0.2979964	0.2150717	0.2233203	0.2301492	0.3141043	0.2697294	0.2659305	0.2155801	0.3252089	0.2845640	0.2556222
3232987488.4966030	0.2098107	0.2458359	0.1805510	0.2755126	0.1752041	0.2979949	0.2150758	0.2233232	0.2301592	0.3141476	0.2697315	0.2659270	0.2156129	0.3252094	0.2845605	0.2556156
3232987488.5064912	0.2098016	0.2458424	0.1805427	0.2755192	0.1751908	0.2979927	0.2150880	0.2233263	0.2301677	0.3141112	0.2697284	0.2659173	0.2156104	0.3251968	0.2845623	0.2556041
3232987488.5163794	0.2097848	0.2458219	0.1805469	0.2755088	0.1751705	0.2979854	0.2150515	0.2233089	0.2301556	0.3141049	0.2697289	0.2659280	0.2156118	0.3251882	0.2845671	0.2556141
3232987488.5262675	0.2097959	0.2458511	0.1805283	0.2755074	0.1751863	0.2980243	0.2150566	0.2233227	0.2301604	0.3141205	0.2697330	0.2659153	0.2155994	0.3252070	0.2845453	0.2556068
3232987488.5361557	0.2097971	0.2458549	0.1805337	0.2755242	0.1751812	0.2979986	0.2150645	0.2233244	0.2301486	0.3141449	0.2697202	0.2659302	0.2155897	0.3252034	0.2845507	0.2556154
3232987488.5460439	0.2098092	0.2458283	0.1805497	0.2755124	0.1751992	0.2980130	0.2150745	0.2233117	0.2301495	0.3141061	0.2697179	0.2659242	0.2155850	0.3252131	0.2845457	0.2555968
3232987488.5559301	0.2098109	0.2458446	0.1805545	0.2755228	0.1751930	0.2979916	0.2150525	0.2233240	0.2301601	0.3141255	0.2697253	0.2659150	0.2156058	0.3251945	0.2845271	0.2555968
3232987488.5658183	0.2097863	0.2458355	0.1805501	0.2755014	0.1751747	0.2980002	0.2150400	0.2233060	0.2301399	0.3141007	0.2697115	0.2659258	0.2155665	0.3251951	0.2845295	0.2555998
3232987488.5757065	0.2098036	0.2458306	0.1805421	0.2755025	0.1751847	0.2980081	0.2150560	0.2233174	0.2301530	0.3141177	0.2697079	0.2659127	0.2155752	0.3251841	0.2845291	0.2556124
3232987488.5855947	0.2097929	0.2458393	0.1805461	0.2755146	0.1751905	0.2979836	0.2150593	0.2233178	0.2301340	0.3141153	0.2697138	0.2659257	0.2155700	0.3251942	0.2845355	0.2556079
3232987488.5954828	0.2097952	0.2458430	0.1805531	0.2755040	0.1751896	0.2979925	0.2150843	0.2233174	0.2301588	0.3141173	0.2697138	0.2659237	0.2155969	0.3251713	0.2845233	0.2555970
3232987488.6053710	0.2097936	0.2458481	0.1805503	0.2755231	0.1751933	0.2979749	0.2150661	0.2233194	0.2301503	0.3140957	0.2697135	0.2659170	0.2155913	0.3251770	0.2845264	0.2555846
3232987488.6152592	0.2097979	0.2458469	0.1805572	0.2755228	0.1751879	0.2979858	0.2150702	0.2233037	0.2301206	0.3141084	0.2697217	0.2659107	0.2155610	0.3251876	0.2845185	0.2556126
3232987488.6251473	0.2097897	0.2458480	0.1805417	0.2755061	0.1752021	0.2979903	0.2150731	0.2233150	0.2301482	0.3140948	0.2697273	0.2659290	0.2155825	0.3251970	0.2845217	0.2556178
3232987488.6350355	0.2097953	0.2458390	0.1805435	0.2755208	0.1751821	0.2979869	0.2150663	0.2233108	0.2301338	0.3141130	0.2697262	0.2659153	0.2155894	0.3251730	0.2845265	0.2556149
3232987488.6449237	0.2097981	0.2458566	0.1805414	0.2755165	0.1752004	0.2979976	0.2150750	0.2233409	0.2301326	0.3141154	0.2697107	0.2659193	0.2155734	0.3251925	0.2845360	0.2556073
3232987488.6548099	0.2097979	0.2458323	0.1805503	0.2755171	0.1752011	0.2979985	0.2150845	0.2233122	0.2301655	0.3141054	0.2697220	0.2659272	0.2155927	0.3251886	0.2845445	0.2555860
3232987488.6646981	0.2097948	0.2458386	0.1805508	0.2755292	0.1751822	0.2979841	0.2150716	0.2233101	0.2301455	0.3140909	0.2697281	0.2659124	0.2155894	0.3251874	0.2845449	0.2556083
3232987488.6745863	0.2097841	0.2458349	0.1805461	0.2754927	0.1751841	0.2980037	0.2150685	0.2233151	0.2301522	0.3141149	0.2697179	0.2659163	0.2155969	0.3252065	0.2845262	0.2556064
3232987488.6844745	0.2097897	0.2458474	0.1805341	0.2755230	0.1751759	0.2980095	0.2150574	0.2233251	0.2301495	0.3141073	0.2697374	0.2659194	0.2156016	0.3252036	0.2845496	0.2556010
3232987488.6943626	0.2098099	0.2458381	0.1805504	0.2754965	0.1751987	0.2979821	0.2150676	0.2233238	0.2301649	0.3141285	0.2697292	0.2659183	0.2156045	0.3251958	0.2845446	0.2556141
3232987488.7042508	0.2098193	0.2458516	0.1805602	0.2755140	0.1751975	0.2979983	0.2150683	0.2233359	0.2301484	0.3141174	0.2697673	0.2659285	0.2156023	0.3252000	0.2845413	0.2556121
3232987488.7141390	0.2098174	0.2458297	0.1805325	0.2755316	0.1751851	0.2980046	0.2150750	0.2233147	0.2301663	0.3141248	0.2697197	0.2659372	0.2156042	0.3252022	0.2845571	0.2555933
3232987488.7240272	0.2098031	0.2458417	0.1805449	0.2755200	0.1751956	0.2979891	0.2150553	0.2233334	0.2301578	0.3141160	0.2697388	0.2659059	0.2155961	0.3252108	0.2845447	0.2556017
3232987488.7339153	0.2098008	0.2458373	0.1805443	0.2755259	0.1751912	0.2979905	0.2150610	0.2233286	0.2301724	0.3141324	0.2697434	0.2659326	0.2156232	0.3252008	0.2845500	0.2556099
3232987488.7438035	0.2097870	0.2458469	0.1805428	0.2755297	0.1751802	0.2979999	0.2150516	0.2233233	0.2301563	0.3141190	0.2697323	0.2659489	0.2156043	0.3252177	0.2845540	0.2556156
3232987488.7536902	0.2098133	0.2458350	0.1805531	0.2755205	0.1751747	0.2980082	0.2150773	0.2233302	0.2301545	0.3141267	0.2697367	0.2659449	0.2156083	0.3252015	0.2845429	0.2556090
3232987488.7635784	0.2098186	0.2458396	0.1805728	0.2755188	0.1751933	0.2980043	0.2150634	0.2233143	0.2301620	0.3141266	0.2697545	0.2659290	0.2156009	0.3252100	0.2845757	0.2556091
3232987488.7734666	0.2098046	0.2458387	0.1805560	0.2755070	0.1752023	0.2980022	0.2150774	0.2233179	0.2301701	0.3141378	0.2697348	0.2659341	0.2155955	0.3252097	0.2845418	0.2556039
3232987488.7833548	0.2098085	0.2458378	0.1805444	0.2755172	0.1751737	0.2979832	0.2150707	0.2233025	0.2301614	0.3141120	0.2697373	0.2659460	0.2155991	0.3252170	0.2845558	0.2555939
3232987488.7932429	0.2098051	0.2458379	0.1805344	0.2755269	0.1751759	0.2980211	0.2150735	0.2233168	0.2301673	0.3141182	0.2697348	0.2659553	0.2155991	0.3252105	0.2845588	0.2556290
3232987488.8031311	0.2098128	0.2458455	0.1805502	0.2755086	0.1751965	0.2980035	0.2150721	0.2233243	0.2301670	0.3141205	0.2697485	0.2659219	0.2155901	0.3252051	0.2845506	0.2556147
3232987488.8130193	0.2098168	0.2458571	0.1805484	0.2755332	0.1752009	0.2980119	0.2150645	0.2233293	0.2301684	0.3141260	0.2697469	0.2659434	0.2156018	0.3252097	0.2845605	0.2555875
3232987488.8229074	0.2098129	0.2458534	0.1805430	0.2755259	0.1751872	0.2980112	0.2150610	0.2233160	0.2301845	0.3141240	0.2697393	0.2659234	0.2156017	0.3252302	0.2845322	0.2556218
3232987488.8327956	0.2097922	0.2458479	0.1805641	0.2755218	0.1751926	0.2980157	0.2150770	0.2233349	0.2301547	0.3141233	0.2697348	0.2659395	0.2156057	0.3252146	0.2845549	0.2556260
3232987488.8426838	0.2098036	0.2458397	0.1805506	0.2755162	0.1751902	0.2979952	0.2150705	0.2233410	0.2301543	0.3141418	0.2697418	0.2659223	0.2156166	0.3251954	0.2845480	0.2556047
3232987488.8525701	0.2098070	0.2458584	0.1805531	0.2755332	0.1751802	0.2980031	0.2150680	0.2233176	0.2301654	0.3141385	0.2697319	0.2659078	0.2156067	0.3252142	0.2845483	0.2556311
3232987488.8624582	0.2098120	0.2458510	0.1805384	0.2755266	0.1751771	0.2979939	0.2150721	0.2233243	0.2301601	0.3141449	0.2697381	0.2659464	0.2155959	0.3252057	0.2845668	0.2556154
3232987488.8723464	0.2098091	0.2458433	0.1805431	0.2755048	0.1751807	0.2980105	0.2150590	0.2233159	0.2301729	0.3141262	0.2697285	0.2659274	0.2155921	0.3252244	0.2845780	0.2556146
3232987488.8822346	0.2098067	0.2458552	0.1805674	0.2755263	0.1751867	0.2979934	0.2150566	0.2233197	0.2301799	0.3141282	0.2697310	0.2659186	0.2156034	0.3252058	0.2845643	0.2556235
3232987488.8921227	0.2097940	0.2458407	0.1805455	0.2755065	0.1751812	0.2980134	0.2150782	0.2233312	0.2301481	0.3141367	0.2697483	0.2659302	0.2156100	0.3252153	0.2845571	0.2556147
3232987488.9020109	0.2097966	0.2458367	0.1805615	0.2755278	0.1752159	0.2980089	0.2150826	0.2233186	0.2301714	0.3141117	0.2697461	0.2659289	0.2156046	0.3252235	0.2845186	0.2556210
3232987488.9118991	0.2098124	0.2458518	0.1805448	0.2755217	0.1751923	0.2980058	0.2150744	0.2233307	0.2301845	0.3141439	0.2697199	0.2659382	0.2156055	0.3252111	0.2845706	0.2556197
3232987488.9217873	0.2098054	0.2458396	0.1805581	0.2755267	0.1751980	0.2980035	0.2150752	0.2233215	0.2301828	0.3141322	0.2697304	0.2659495	0.2156222	0.3252085	0.2845666	0.2556130
3232987488.9316754	0.2098020	0.2458432	0.1805562	0.2755258	0.1752173	0.2979993	0.2150688	0.2233369	0.2301724	0.3141157	0.2697203	0.2659319	0.2155793	0.3252148	0.2845414	0.2555942
3232987488.9415636	0.2098075	0.2458325	0.1805553	0.2755117	0.1751935	0.2980096	0.2150699	0.2233161	0.2301738	0.3141291	0.2697327	0.2659142	0.2155946	0.3251970	0.2845414	0.2556192
3232987488.9514499	0.2098007	0.2458520	0.1805546	0.2755100	0.1751924	0.2980152	0.2150675	0.2233297	0.2301781	0.3141467	0.2697283	0.2658858	0.2155931	0.3252055	0.2845493	0.2556282
3232987488.9613380	0.2098156	0.2458576	0.1805555	0.2755175	0.1751920	0.2980075	0.2150706	0.2233342	0.2301647	0.3141288	0.2697246	0.2659219	0.2155944	0.3251816	0.2845344	0.2556195
3232987488.9712262	0.2098203	0.2458447	0.1805594	0.2755220	0.1752125	0.2980201	0.2150716	0.2233375	0.2301706	0.3141184	0.2697351	0.2659124	0.2156032	0.3252191	0.2845401	0.2556083
3232987488.9811144	0.2098133	0.2458405	0.1805383	0.2755227	0.1752023	0.2980147	0.2150858	0.2233214	0.2301724	0.3141122	0.2697305	0.2659256	0.2155905	0.3251954	0.2845571	0.2556172
3232987488.9910026	0.2097994	0.2458658	0.1805476	0.2755351	0.1751861	0.2980047	0.2150751	0.2233280	0.2301597	0.3141274	0.2697382	0.2659098	0.2155991	0.3251917	0.2845534	0.2556087
3232987489.0008907	0.2098041	0.2458432	0.1805606	0.2755207	0.1752051	0.2979960	0.2150916	0.2233192	0.2301941	0.3141320	0.2697263	0.2659362	0.2155980	0.3251989	0.2845485	0.2556082
3232987489.0107789	0.2098218	0.2458592	0.1805497	0.2755234	0.1751980	0.2979867	0.2150775	0.2233263	0.2301794	0.3141434	0.2697326	0.2659120	0.2155841	0.3252143	0.2845549	0.2556088
3232987489.0206671	0.2098104	0.2458594	0.1805652	0.2755281	0.1752070	0.2980029	0.2150851	0.2233218	0.2301797	0.3141189	0.2697538	0.2659448	0.2156253	0.3252198	0.2845685	0.2556174
3232987489.0305552	0.2098030	0.2458443	0.1805569	0.2755312	0.1751972	0.2980186	0.2150761	0.2233258	0.2301674	0.3141330	0.2697631	0.2659297	0.2155917	0.3252047	0.2845613	0.2556287
3232987489.0404434	0.2098062	0.2458576	0.1805681	0.2755078	0.1752040	0.2980114	0.2150647	0.2233313	0.2301853	0.3141329	0.2697507	0.2659380	0.2155911	0.3252109	0.2845462	0.2556252
3232987489.0503302	0.2098148	0.2458611	0.1805433	0.2755210	0.1751954	0.2980111	0.2150738	0.2233241	0.2301496	0.3141040	0.2697269	0.2659300	0.2156162	0.3252050	0.2845614	0.2556244
3232987489.0602183	0.2098169	0.2458391	0.1805449	0.2755182	0.1752209	0.2980066	0.2150779	0.2233303	0.2301612	0.3141349	0.2697354	0.2659288	0.2156001	0.3252148	0.2845549	0.2556195
3232987489.0701065	0.2098016	0.2458498	0.1805613	0.2755435	0.1752150	0.2980162	0.2150838	0.2233303	0.2301787	0.3141414	0.2697360	0.2659224	0.2156020	0.3252181	0.2845666	0.2556161
3232987489.0799947	0.2098086	0.2458510	0.1805451	0.2755366	0.1751968	0.2980106	0.2150633	0.2233272	0.2301804	0.3141544	0.2697299	0.2659126	0.2156035	0.3252224	0.2845667	0.2556110
3232987489.0898828	0.2098082	0.2458526	0.1805433	0.2755221	0.1751921	0.2980156	0.2150873	0.2233310	0.2301678	0.3141271	0.2697292	0.2659257	0.2155946	0.3252230	0.2845497	0.2556223
3232987489.0997710	0.2098062	0.2458401	0.1805497	0.2755332	0.1751708	0.2980042	0.2150575	0.2233343	0.2301684	0.3141410	0.2697223	0.2659243	0.2155952	0.3252240	0.2845691	0.2556105
3232987489.1096592	0.2098076	0.2458397	0.1805391	0.2755310	0.1752009	0.2980105	0.2150664	0.2233292	0.2301851	0.3141517	0.2697405	0.2659300	0.2156061	0.3252146	0.2845472	0.2556270
3232987489.1195474	0.2098124	0.2458468	0.1805511	0.2755207	0.1751964	0.2980016	0.2150957	0.2233363	0.2301706	0.3141313	0.2697524	0.2659313	0.2155893	0.3252101	0.2845574	0.2556310
3232987489.1294355	0.2098005	0.2458504	0.1805545	0.2755214	0.1752039	0.2979936	0.2150771	0.2233295	0.2301608	0.3141236	0.2697372	0.2659266	0.2156125	0.3252335	0.2845727	0.2556277
3232987489.1393237	0.2097968	0.2458603	0.1805435	0.2755135	0.1752039	0.2980007	0.2150787	0.2233320	0.2301555	0.3141257	0.2697354	0.2659323	0.2156151	0.3252107	0.2845646	0.2556116
3232987489.1492100	0.2098112	0.2458492	0.1805589	0.2755324	0.1751995	0.2979845	0.2150710	0.2233245	0.2301784	0.3141221	0.2697365	0.2659535	0.2155977	0.3252130	0.2845513	0.2556157
3232987489.1590981	0.2097933	0.2458532	0.1805381	0.2755172	0.1751967	0.2980173	0.2150630	0.2233325	0.2301767	0.3141443	0.2697358	0.2659155	0.2155942	0.3252204	0.2845481	0.2555954
3232987489.1689863	0.2098134	0.2458456	0.1805711	0.2755317	0.1752162	0.2980180	0.2150833	0.2233382	0.2301794	0.3141285	0.2697278	0.2659254	0.2156011	0.3252281	0.2845465	0.2556121
3232987489.1788745	0.2098015	0.2458476	0.1805440	0.2755391	0.1751971	0.2980052	0.2150789	0.2233559	0.2301827	0.3141412	0.2697461	0.2659364	0.2156038	0.3252307	0.2845551	0.2556218
3232987489.1887627	0.2098198	0.2458593	0.1805527	0.2755330	0.1751937	0.2980247	0.2150654	0.2233188	0.2301721	0.3141499	0.2697317	0.2659315	0.2155965	0.3252180	0.2845584	0.2556082
3232987489.1986508	0.2098129	0.2458729	0.1805579	0.2755182	0.1752050	0.2980223	0.2150677	0.2233186	0.2301798	0.3141284	0.2697428	0.2659341	0.2156029	0.3252158	0.2845708	0.2556394
3232987489.2085390	0.2098189	0.2458409	0.1805558	0.2755219	0.1752086	0.2980160	0.2150712	0.2233249	0.2301582	0.3141455	0.2697395	0.2659262	0.2155976	0.3252086	0.2845477	0.2556187
3232987489.2184272	0.2098125	0.2458600	0.1805713	0.2755367	0.1751891	0.2980099	0.2150699	0.2233353	0.2301669	0.3141311	0.2697431	0.2659395	0.2156209	0.3252240	0.2845547	0.2556126
3232987489.2283154	0.2098256	0.2458644	0.1805704	0.2755290	0.1751800	0.2980369	0.2151019	0.2233414	0.2301729	0.3141302	0.2697362	0.2659363	0.2156073	0.3252082	0.2845708	0.2556259
3232987489.2382035	0.2098231	0.2458612	0.1805786	0.2755475	0.1751995	0.2980116	0.2150583	0.2233419	0.2301694	0.3141450	0.2697252	0.2659397	0.2155961	0.3252002	0.2845604	0.2556261
3232987489.2480903	0.2098148	0.2458486	0.1805593	0.2755352	0.1751993	0.2980133	0.2150789	0.2233180	0.2301671	0.3141422	0.2697151	0.2659365	0.2155861	0.3252260	0.2845406	0.2556249
3232987489.2579784	0.2098258	0.2458324	0.1805580	0.2755280	0.1752004	0.2980240	0.2150845	0.2233116	0.2301740	0.3141223	0.2697277	0.2659259	0.2155952	0.3251944	0.2845522	0.2556307
3232987489.2678666	0.2098086	0.2458425	0.1805645	0.2755353	0.1751956	0.2980186	0.2150732	0.2233304	0.2301556	0.3141418	0.2697383	0.2659185	0.2156045	0.3252026	0.2845518	0.2556107
3232987489.2777548	0.2098027	0.2458514	0.1805771	0.2755289	0.1752107	0.2980179	0.2150775	0.2233395	0.2301679	0.3141261	0.2697343	0.2659343	0.2155889	0.3252308	0.2845779	0.2556312
3232987489.2876430	0.2098068	0.2458597	0.1805501	0.2755243	0.1752012	0.2980147	0.2150796	0.2233351	0.2301837	0.3141402	0.2697415	0.2659436	0.2156088	0.3252149	0.2845601	0.2556044
3232987489.2975311	0.2098243	0.2458378	0.1805484	0.2755192	0.1751880	0.2980192	0.2150775	0.2233425	0.2301739	0.3141290	0.2697478	0.2659424	0.2155982	0.3252152	0.2845756	0.2556260
3232987489.3074193	0.2098239	0.2458557	0.1805707	0.2755256	0.1752079	0.2980053	0.2150869	0.2233315	0.2301705	0.3141308	0.2697448	0.2659540	0.2155977	0.3252138	0.2845662	0.2556192
3232987489.3173075	0.2097961	0.2458619	0.1805621	0.2755224	0.1751934	0.2980196	0.2150675	0.2233031	0.2301661	0.3141259	0.2697494	0.2659119	0.2156187	0.3252115	0.2845395	0.2556194
3232987489.3271956	0.2098093	0.2458554	0.1805471	0.2755125	0.1752079	0.2980191	0.2150949	0.2233262	0.2301705	0.3141311	0.2697466	0.2659362	0.2155967	0.3252098	0.2845661	0.2556138
3232987489.3370838	0.2098282	0.2458604	0.1805607	0.2755456	0.1751941	0.2980127	0.2150756	0.2233308	0.2301631	0.3141397	0.2697482	0.2659588	0.2156086	0.3252252	0.2845656	0.2556118
3232987489.3469701	0.2098147	0.2458545	0.1805651	0.2755380	0.1751943	0.2980282	0.2150680	0.2233249	0.2301608	0.3141351	0.2697266	0.2659256	0.2155968	0.3252284	0.2845703	0.2556164
3232987489.3568583	0.2098090	0.2458489	0.1805630	0.2755282	0.1752013	0.2979972	0.2150714	0.2233194	0.2301797	0.3141228	0.2697485	0.2659491	0.2155974	0.3252050	0.2845558	0.2556297
3232987489.3667464	0.2098116	0.2458474	0.1805574	0.2755133	0.1752087	0.2980243	0.2150701	0.2233290	0.2301648	0.3141277	0.2697495	0.2659532	0.2156108	0.3252137	0.2845592	0.2556169
3232987489.3766346	0.2098001	0.2458438	0.1805545	0.2755505	0.1751826	0.2980058	0.2150604	0.2233275	0.2301729	0.3141264	0.2697379	0.2659488	0.2156175	0.3252189	0.2845661	0.2556237
3232987489.3865228	0.2098276	0.2458609	0.1805484	0.2755182	0.1752112	0.2980171	0.2150816	0.2233230	0.2301629	0.3141465	0.2697547	0.2659398	0.2156119	0.3252158	0.2845527	0.2556004
3232987489.3964109	0.2098014	0.2458514	0.1805566	0.2755286	0.1752025	0.2979981	0.2150868	0.2233470	0.2301817	0.3141199	0.2697388	0.2659491	0.2155792	0.3252311	0.2845503	0.2556191
3232987489.4062991	0.2098234	0.2458603	0.1805621	0.2755311	0.1751960	0.2980305	0.2150923	0.2233166	0.2301744	0.3141417	0.2697300	0.2659564	0.2156021	0.3252059	0.2845371	0.2556094
3232987489.4161873	0.2098114	0.2458607	0.1805513	0.2755302	0.1751928	0.2980146	0.2150776	0.2233246	0.2301548	0.3141370	0.2697364	0.2659381	0.2156016	0.3252168	0.2845565	0.2556043
3232987489.4260755	0.2097981	0.2458473	0.1805369	0.2755262	0.1751968	0.2980214	0.2150660	0.2233350	0.2301604	0.3141521	0.2697412	0.2659474	0.2155955	0.3252101	0.2845564	0.2556161
3232987489.4359636	0.2098065	0.2458404	0.1805704	0.2755500	0.1752115	0.2980165	0.2150907	0.2233609	0.2301557	0.3141533	0.2697404	0.2659379	0.2155990	0.3252292	0.2845624	0.2556321
3232987489.4458499	0.2098194	0.2458592	0.1805609	0.2755232	0.1752170	0.2980186	0.2150931	0.2233348	0.2301766	0.3141504	0.2697586	0.2659418	0.2156209	0.3252241	0.2845604	0.2556281
3232987489.4557381	0.2098088	0.2458486	0.1805622	0.2755454	0.1752019	0.2980018	0.2150764	0.2233403	0.2301828	0.3141332	0.2697478	0.2659282	0.2156076	0.3252261	0.2845625	0.2556285
3232987489.4656262	0.2098072	0.2458512	0.1805417	0.2755249	0.1751856	0.2979917	0.2150804	0.2233330	0.2301777	0.3141282	0.2697409	0.2659543	0.2155941	0.3252323	0.2845662	0.2556213
3232987489.4755144	0.2097924	0.2458502	0.1805376	0.2755197	0.1751992	0.2980137	0.2150842	0.2233207	0.2301660	0.3141372	0.2697377	0.2659518	0.2156107	0.3252194	0.2845572	0.2556237
3232987489.4854026	0.2098023	0.2458421	0.1805656	0.2755309	0.1751930	0.2980246	0.2150853	0.2233247	0.2301902	0.3141378	0.2697513	0.2659420	0.2156214	0.3252258	0.2845766	0.2556313
3232987489.4952908	0.2098174	0.2458635	0.1805689	0.2755454	0.1752198	0.2980285	0.2150675	0.2233328	0.2301710	0.3141508	0.2697458	0.2659574	0.2156169	0.3252340	0.2845743	0.2556384
3232987489.5051789	0.2098078	0.2458726	0.1805531	0.2755211	0.1752048	0.2980159	0.2150742	0.2233582	0.2301757	0.3141291	0.2697486	0.2659545	0.2155957	0.3252239	0.2845597	0.2555982
3232987489.5150671	0.2098250	0.2458584	0.1805568	0.2755445	0.1751860	0.2980115	0.2150836	0.2233350	0.2301693	0.3141416	0.2697525	0.2659479	0.2156089	0.3252401	0.2845507	0.2556198
3232987489.5249553	0.2098089	0.2458499	0.1805548	0.2755062	0.1751837	0.2980369	0.2150728	0.2233418	0.2301768	0.3141377	0.2697666	0.2659546	0.2155874	0.3252507	0.2845689	0.2556332
3232987489.5348434	0.2098166	0.2458647	0.1805593	0.2755401	0.1752108	0.2980097	0.2150809	0.2233331	0.2301792	0.3141574	0.2697541	0.2659484	0.2156097	0.3252363	0.2845624	0.2556075
3232987489.5447302	0.2098279	0.2458465	0.1805487	0.2755331	0.1751998	0.2980088	0.2150794	0.2233442	0.2301763	0.3141372	0.2697568	0.2659530	0.2156144	0.3252547	0.2845684	0.2556368
3232987489.5546184	0.2098251	0.2458479	0.1805549	0.2755405	0.1752126	0.2980133	0.2150759	0.2233624	0.2301831	0.3141536	0.2697424	0.2659299	0.2156028	0.3252106	0.2845651	0.2556317
3232987489.5645065	0.2098188	0.2458408	0.1805524	0.2755298	0.1752002	0.2980096	0.2150928	0.2233569	0.2301623	0.3141585	0.2697404	0.2659371	0.2155911	0.3252320	0.2845702	0.2556399
3232987489.5743947	0.2098045	0.2458601	0.1805699	0.2755272	0.1751933	0.2980172	0.2150587	0.2233409	0.2301741	0.3141731	0.2697432	0.2659611	0.2156044	0.3252030	0.2845444	0.2556391
3232987489.5842829	0.2098130	0.2458331	0.1805582	0.2755345	0.1751999	0.2980013	0.2150882	0.2233332	0.2301727	0.3141506	0.2697188	0.2659479	0.2155932	0.3252386	0.2845460	0.2556234
3232987489.5941710	0.2098130	0.2458694	0.1805649	0.2755252	0.1751907	0.2980192	0.2150857	0.2233437	0.2301707	0.3141653	0.2697416	0.2659314	0.2156030	0.3252222	0.2845566	0.2556198
3232987489.6040592	0.2098057	0.2458646	0.1805720	0.2755207	0.1752084	0.2980377	0.2150837	0.2233311	0.2301681	0.3141492	0.2697399	0.2659409	0.2155856	0.3252425	0.2845486	0.2556295
3232987489.6139474	0.2098093	0.2458523	0.1805777	0.2755341	0.1752080	0.2980144	0.2150839	0.2233486	0.2301579	0.3141326	0.2697277	0.2659404	0.2155772	0.3252354	0.2845550	0.2556252
3232987489.6238356	0.2098129	0.2458612	0.1805584	0.2755254	0.1751951	0.2980294	0.2150801	0.2233428	0.2301703	0.3141373	0.2697339	0.2659311	0.2155988	0.3252232	0.2845418	0.2556418
3232987489.6337237	0.2098117	0.2458633	0.1805781	0.2755452	0.1752118	0.2980135	0.2150759	0.2233328	0.2301725	0.3141373	0.2697185	0.2659233	0.2155819	0.3252269	0.2845468	0.2556063
3232987489.6436100	0.2098029	0.2458550	0.1805652	0.2755234	0.1751977	0.2980316	0.2150627	0.2233471	0.2301750	0.3141349	0.2697203	0.2659369	0.2155996	0.3252314	0.2845586	0.2556212
3232987489.6534982	0.2098181	0.2458596	0.1805754	0.2755342	0.1751973	0.2980351	0.2150897	0.2233338	0.2301571	0.3141460	0.2697350	0.2659359	0.2155949	0.3251910	0.2845514	0.2556408
3232987489.6633863	0.2098202	0.2458603	0.1805677	0.2755664	0.1752000	0.2980209	0.2150690	0.2233466	0.2301736	0.3141478	0.2697185	0.2659551	0.2156051	0.3252439	0.2845519	0.2556271
3232987489.6732745	0.2098076	0.2458473	0.1805552	0.2755436	0.1752051	0.2980269	0.2150720	0.2233231	0.2301594	0.3141570	0.2697242	0.2659521	0.2155846	0.3252332	0.2845561	0.2556197
3232987489.6831627	0.2098185	0.2458638	0.1805570	0.2755353	0.1751920	0.2980304	0.2150709	0.2233223	0.2301550	0.3141445	0.2697236	0.2659423	0.2155913	0.3252211	0.2845545	0.2556497
3232987489.6930509	0.2097988	0.2458701	0.1805454	0.2755414	0.1751943	0.2980170	0.2150817	0.2233360	0.2301744	0.3141525	0.2697497	0.2659401	0.2156060	0.3252405	0.2845689	0.2556403
3232987489.7029390	0.2098172	0.2458589	0.1805602	0.2755265	0.1752131	0.2980196	0.2150832	0.2233441	0.2301824	0.3141481	0.2697642	0.2659430	0.2156024	0.3252311	0.2845608	0.2556277
3232987489.7128272	0.2098330	0.2458657	0.1805798	0.2755361	0.1752162	0.2980189	0.2150759	0.2233410	0.2301758	0.3141496	0.2697512	0.2659455	0.2156079	0.3252201	0.2845522	0.2556242
3232987489.7227154	0.2098315	0.2458542	0.1805684	0.2755465	0.1752080	0.2980232	0.2150887	0.2233365	0.2301704	0.3141420	0.2697390	0.2659521	0.2156069	0.3252212	0.2845688	0.2556556
3232987489.7326035	0.2098043	0.2458514	0.1805574	0.2755457	0.1751834	0.2980104	0.2150767	0.2233321	0.2301635	0.3141376	0.2697478	0.2659472	0.2155981	0.3252173	0.2845540	0.2556438
3232987489.7424903	0.2098085	0.2458722	0.1805788	0.2755568	0.1751962	0.2980234	0.2150898	0.2233422	0.2301722	0.3141244	0.2697534	0.2659424	0.2156001	0.3252284	0.2845800	0.2556338
3232987489.7523785	0.2098053	0.2458600	0.1805668	0.2755306	0.1752230	0.2980107	0.2150745	0.2233428	0.2301861	0.3141282	0.2697250	0.2659330	0.2155976	0.3252265	0.2845889	0.2556402
3232987489.7622666	0.2098154	0.2458682	0.1805624	0.2755453	0.1752010	0.2980355	0.2150941	0.2233516	0.2301808	0.3141476	0.2697424	0.2659300	0.2155968	0.3252233	0.2845693	0.2556279
3232987489.7721548	0.2098143	0.2458486	0.1805773	0.2755285	0.1752090	0.2980303	0.2150993	0.2233270	0.2301679	0.3141527	0.2697545	0.2659306	0.2156057	0.3252190	0.2845616	0.2556214
3232987489.7820430	0.2098204	0.2458580	0.1805613	0.2755554	0.1752165	0.2980232	0.2150882	0.2233529	0.2301853	0.3141517	0.2697466	0.2659535	0.2155960	0.3252355	0.2845618	0.2556308
3232987489.7919312	0.2098035	0.2458639	0.1805597	0.2755296	0.1751989	0.2980331	0.2150829	0.2233390	0.2301721	0.3141600	0.2697394	0.2659360	0.2156132	0.3252168	0.2845661	0.2556410
3232987489.8018193	0.2098032	0.2458668	0.1805601	0.2755516	0.1751995	0.2980234	0.2150832	0.2233465	0.2301770	0.3141460	0.2697220	0.2659586	0.2155981	0.3252361	0.2845499	0.2556503
3232987489.8117075	0.2098178	0.2458762	0.1805537	0.2755524	0.1752022	0.2980400	0.2150708	0.2233538	0.2301752	0.3141744	0.2697475	0.2659476	0.2155969	0.3252344	0.2845749	0.2556300
3232987489.8215957	0.2098132	0.2458638	0.1805714	0.2755507	0.1752061	0.2980464	0.2150927	0.2233458	0.2301744	0.3141357	0.2697427	0.2659451	0.2155960	0.3252392	0.2845634	0.2556301
3232987489.8314838	0.2098137	0.2458493	0.1805658	0.2755522	0.1751944	0.2980183	0.2150758	0.2233278	0.2301678	0.3141471	0.2697536	0.2659657	0.2156040	0.3252318	0.2845717	0.2556399
3232987489.8413701	0.2098088	0.2458781	0.1805525	0.2755382	0.1752083	0.2980334	0.2150789	0.2233307	0.2301831	0.3141457	0.2697306	0.2659460	0.2156121	0.3252263	0.2845864	0.2556398
3232987489.8512583	0.2098149	0.2458600	0.1805604	0.2755487	0.1752153	0.2980381	0.2150688	0.2233358	0.2301788	0.3141578	0.2697444	0.2659421	0.2155893	0.3252093	0.2845645	0.2556414
3232987489.8611464	0.2098097	0.2458778	0.1805654	0.2755545	0.1752078	0.2980320	0.2150817	0.2233437	0.2301736	0.3141576	0.2697459	0.2659474	0.2156109	0.3252341	0.2845509	0.2556352
3232987489.8710346	0.2098329	0.2458746	0.1805705	0.2755568	0.1751882	0.2980260	0.2151179	0.2233493	0.2301800	0.3141695	0.2697279	0.2659576	0.2156246	0.3252123	0.2845480	0.2556520
3232987489.8809228	0.2098092	0.2458733	0.1805502	0.2755554	0.1752053	0.2980304	0.2150832	0.2233600	0.2301871	0.3141663	0.2697476	0.2659676	0.2155981	0.3252413	0.2845658	0.2556244
3232987489.8908110	0.2098107	0.2458708	0.1805713	0.2755490	0.1752013	0.2980420	0.2150941	0.2233484	0.2301871	0.3141488	0.2697433	0.2659461	0.2156073	0.3252463	0.2845599	0.2556341
3232987489.9006991	0.2098003	0.2458765	0.1805521	0.2755587	0.1751983	0.2980242	0.2150718	0.2233444	0.2301671	0.3141576	0.2697531	0.2659454	0.2155996	0.3252668	0.2845597	0.2556290
3232987489.9105873	0.2098335	0.2458482	0.1805598	0.2755471	0.1752224	0.2980384	0.2150879	0.2233376	0.2301750	0.3141743	0.2697311	0.2659580	0.2156031	0.3252244	0.2845620	0.2556299
3232987489.9204755	0.2098233	0.2458647	0.1805641	0.2755538	0.1752032	0.2980310	0.2150883	0.2233489	0.2301776	0.3141501	0.2697503	0.2659298	0.2156184	0.3252468	0.2845650	0.2556280
3232987489.9303637	0.2098124	0.2458696	0.1805587	0.2755507	0.1752088	0.2980359	0.2150625	0.2233475	0.2301650	0.3141580	0.2697506	0.2659528	0.2156164	0.3252246	0.2845624	0.2556312
3232987489.9402499	0.2098136	0.2458585	0.1805651	0.2755386	0.1751974	0.2980348	0.2150914	0.2233421	0.2301803	0.3141566	0.2697396	0.2659518	0.2156274	0.3252484	0.2845589	0.2556384
3232987489.9501381	0.2098019	0.2458585	0.1805408	0.2755618	0.1752029	0.2980275	0.2150731	0.2233506	0.2301846	0.3141796	0.2697454	0.2659428	0.2155939	0.3252324	0.2845703	0.2556316
3232987489.9600263	0.2098070	0.2458717	0.1805526	0.2755383	0.1752005	0.2980352	0.2150818	0.2233462	0.2301601	0.3141438	0.2697279	0.2659297	0.2156081	0.3252441	0.2845567	0.2556474
3232987489.9699144	0.2098047	0.2458631	0.1805626	0.2755335	0.1752034	0.2980351	0.2150870	0.2233493	0.2301739	0.3141725	0.2697434	0.2659564	0.2156086	0.3252328	0.2845686	0.2556517
3232987489.9798026	0.2098108	0.2458472	0.1805558	0.2755533	0.1752123	0.2980393	0.2150730	0.2233521	0.2301684	0.3141640	0.2697604	0.2659463	0.2155991	0.3252447	0.2845850	0.2556327
3232987489.9896908	0.2098238	0.2458777	0.1805693	0.2755479	0.1751816	0.2980353	0.2150783	0.2233430	0.2301707	0.3141721	0.2697598	0.2659562	0.2156134	0.3252180	0.2845692	0.2556282
3232987489.9995790	0.2098117	0.2458710	0.1805330	0.2755269	0.1751823	0.2980319	0.2150994	0.2233359	0.2301753	0.3141534	0.2697402	0.2659359	0.2156141	0.3252388	0.2845545	0.2556507
3232987490.0094671	0.2098137	0.2458424	0.1805693	0.2755301	0.1751870	0.2980273	0.2150819	0.2233211	0.2301968	0.3141526	0.2697490	0.2659378	0.2156145	0.3252401	0.2845629	0.2556413
3232987490.0193553	0.2098261	0.2458753	0.1805642	0.2755517	0.1752072	0.2980244	0.2150927	0.2233396	0.2301689	0.3141619	0.2697662	0.2659436	0.2156028	0.3252410	0.2845725	0.2556509
3232987490.0292435	0.2098147	0.2458625	0.1805682	0.2755390	0.1751927	0.2980218	0.2150894	0.2233465	0.2301764	0.3141733	0.2697334	0.2659562	0.2156146	0.3252433	0.2845686	0.2556404
3232987490.0391302	0.2098266	0.2458672	0.1805554	0.2755334	0.1752089	0.2980309	0.2150939	0.2233477	0.2301837	0.3141737	0.2697504	0.2659675	0.2156235	0.3252436	0.2845766	0.2556287
3232987490.0490184	0.2098130	0.2458714	0.1805420	0.2755515	0.1751912	0.2980117	0.2150946	0.2233414	0.2301776	0.3141627	0.2697510	0.2659461	0.2156155	0.3252289	0.2845901	0.2556477
3232987490.0589066	0.2097995	0.2458610	0.1805581	0.2755264	0.1752023	0.2980408	0.2150927	0.2233383	0.2301888	0.3141585	0.2697553	0.2659225	0.2156146	0.3252513	0.2845688	0.2556231
3232987490.0687947	0.2098280	0.2458685	0.1805775	0.2755340	0.1752174	0.2980430	0.2150929	0.2233466	0.2301658	0.3141687	0.2697464	0.2659447	0.2156056	0.3252393	0.2845660	0.2556409
3232987490.0786829	0.2098179	0.2458736	0.1805696	0.2755425	0.1752112	0.2980289	0.2150831	0.2233631	0.2301881	0.3141681	0.2697478	0.2659467	0.2156157	0.3252398	0.2845672	0.2556194
3232987490.0885711	0.2098166	0.2458556	0.1805719	0.2755530	0.1751923	0.2980468	0.2150826	0.2233387	0.2301614	0.3141499	0.2697588	0.2659372	0.2156174	0.3252270	0.2845630	0.2556106
3232987490.0984592	0.2098007	0.2458619	0.1805572	0.2755711	0.1751956	0.2980310	0.2150770	0.2233619	0.2301848	0.3141444	0.2697402	0.2659373	0.2156104	0.3252483	0.2845584	0.2556337
3232987490.1083474	0.2097914	0.2458668	0.1805641	0.2755508	0.1752006	0.2980320	0.2150877	0.2233639	0.2301830	0.3141489	0.2697369	0.2659506	0.2156213	0.3252447	0.2845530	0.2556442
3232987490.1182356	0.2098185	0.2458633	0.1805859	0.2755327	0.1752173	0.2980344	0.2151014	0.2233498	0.2301695	0.3141329	0.2697471	0.2659350	0.2155969	0.3252296	0.2845578	0.2556326
3232987490.1281238	0.2098223	0.2458639	0.1805527	0.2755602	0.1751881	0.2980257	0.2151014	0.2233461	0.2301822	0.3141629	0.2697585	0.2659380	0.2156234	0.3252291	0.2845566	0.2556313
3232987490.1380100	0.2098217	0.2458684	0.1805697	0.2755566	0.1752364	0.2980469	0.2150834	0.2233495	0.2301768	0.3141543	0.2697411	0.2659574	0.2156076	0.3252236	0.2845474	0.2556281
3232987490.1478982	0.2098094	0.2458756	0.1805648	0.2755393	0.1751862	0.2980342	0.2150761	0.2233434	0.2301941	0.3141526	0.2697498	0.2659461	0.2156134	0.3252326	0.2845545	0.2556292
3232987490.1577864	0.2098009	0.2458844	0.1805661	0.2755369	0.1752080	0.2980448	0.2150815	0.2233454	0.2301735	0.3141440	0.2697317	0.2659555	0.2156028	0.3252380	0.2845537	0.2556192
3232987490.1676745	0.2098190	0.2458895	0.1805568	0.2755515	0.1752111	0.2980395	0.2151008	0.2233457	0.2301720	0.3141464	0.2697257	0.2659405	0.2155793	0.3252464	0.2845692	0.2556202
3232987490.1775627	0.2098157	0.2458839	0.1805682	0.2755503	0.1751921	0.2980396	0.2150840	0.2233430	0.2301761	0.3141624	0.2697300	0.2659394	0.2156164	0.3252575	0.2845502	0.2556371
3232987490.1874509	0.2098142	0.2458803	0.1805662	0.2755556	0.1751997	0.2980403	0.2150894	0.2233509	0.2301815	0.3141640	0.2697459	0.2659717	0.2156121	0.3252375	0.2845598	0.2556499
3232987490.1973391	0.2098221	0.2458668	0.1805713	0.2755552	0.1751936	0.2980523	0.2150871	0.2233555	0.2301703	0.3141515	0.2697418	0.2659608	0.2155960	0.3252407	0.2845872	0.2556412
3232987490.2072272	0.2098171	0.2458833	0.1805531	0.2755334	0.1752028	0.2980320	0.2150655	0.2233622	0.2301816	0.3141586	0.2697315	0.2659510	0.2156017	0.3252470	0.2845750	0.2556373
3232987490.2171154	0.2098314	0.2458713	0.1805640	0.2755552	0.1751901	0.2980358	0.2150992	0.2233341	0.2301907	0.3141700	0.2697411	0.2659605	0.2156071	0.3252474	0.2845630	0.2556160
3232987490.2270036	0.2098073	0.2458856	0.1805625	0.2755662	0.1752156	0.2980419	0.2150721	0.2233482	0.2301655	0.3141652	0.2697496	0.2659417	0.2156184	0.3252392	0.2845673	0.2556456
3232987490.2368903	0.2098275	0.2458889	0.1805678	0.2755513	0.1752073	0.2980542	0.2150778	0.2233567	0.2301906	0.3141560	0.2697566	0.2659526	0.2156065	0.3252422	0.2845746	0.2556340
3232987490.2467785	0.2098219	0.2458936	0.1805663	0.2755549	0.1752004	0.2980448	0.2150807	0.2233512	0.2301896	0.3141771	0.2697548	0.2659539	0.2155878	0.3252429	0.2845575	0.2556612
3232987490.2566667	0.2098211	0.2458669	0.1805616	0.2755571	0.1752000	0.2980368	0.2150775	0.2233707	0.2301743	0.3141697	0.2697458	0.2659612	0.2156150	0.3252243	0.2845552	0.2556409
3232987490.2665548	0.2098199	0.2458536	0.1805525	0.2755423	0.1751864	0.2980278	0.2150536	0.2233490	0.2301730	0.3141686	0.2697277	0.2659430	0.2156039	0.3252414	0.2845628	0.2556643
3232987490.2764430	0.2098269	0.2458724	0.1805586	0.2755659	0.1751936	0.2980437	0.2151002	0.2233597	0.2301739	0.3141659	0.2697555	0.2659530	0.2156144	0.3252554	0.2845429	0.2556457
3232987490.2863312	0.2098109	0.2458710	0.1805672	0.2755515	0.1752165	0.2980300	0.2150916	0.2233477	0.2301896	0.3141651	0.2697413	0.2659666	0.2155947	0.3252548	0.2845600	0.2556510
3232987490.2962193	0.2098348	0.2458824	0.1805659	0.2755583	0.1752172	0.2980422	0.2150878	0.2233607	0.2301598	0.3141769	0.2697361	0.2659628	0.2155926	0.3252597	0.2845700	0.2556519
3232987490.3061075	0.2098177	0.2458750	0.1805545	0.2755589	0.1752272	0.2980405	0.2150955	0.2233577	0.2301756	0.3141520	0.2697437	0.2659414	0.2156059	0.3252420	0.2845681	0.2556454
3232987490.3159957	0.2097962	0.2458598	0.1805601	0.2755567	0.1751907	0.2980422	0.2150848	0.2233436	0.2301762	0.3141488	0.2697432	0.2659667	0.2155905	0.3252400	0.2845487	0.2556454
3232987490.3258839	0.2098025	0.2458724	0.1805539	0.2755409	0.1751971	0.2980528	0.2150895	0.2233749	0.2301568	0.3141742	0.2697359	0.2659494	0.2156177	0.3252335	0.2845606	0.2556382
3232987490.3357701	0.2098160	0.2458806	0.1805573	0.2755561	0.1752147	0.2980425	0.2150629	0.2233566	0.2301790	0.3141485	0.2697384	0.2659492	0.2155849	0.3252570	0.2845710	0.2556347
3232987490.3456583	0.2098380	0.2458715	0.1805611	0.2755530	0.1752196	0.2980407	0.2150751	0.2233704	0.2301646	0.3141719	0.2697288	0.2659576	0.2155874	0.3252380	0.2845258	0.2556498
3232987490.3555465	0.2098172	0.2458825	0.1805507	0.2755433	0.1751977	0.2980348	0.2150821	0.2233716	0.2301701	0.3141532	0.2697364	0.2659442	0.2155955	0.3252145	0.2845458	0.2556343
3232987490.3654346	0.2098005	0.2458712	0.1805470	0.2755526	0.1751941	0.2980273	0.2150825	0.2233485	0.2301523	0.3141430	0.2697313	0.2659620	0.2155768	0.3252318	0.2845507	0.2556467
3232987490.3753228	0.2098076	0.2458846	0.1805624	0.2755484	0.1752086	0.2980633	0.2150893	0.2233612	0.2301564	0.3141501	0.2697269	0.2659561	0.2155945	0.3252372	0.2845347	0.2556521
3232987490.3852110	0.2098095	0.2458517	0.1805506	0.2755583	0.1752085	0.2980529	0.2150797	0.2233699	0.2301629	0.3141617	0.2697374	0.2659533	0.2156123	0.3252230	0.2845428	0.2556590
3232987490.3950992	0.2098249	0.2458828	0.1805664	0.2755578	0.1752061	0.2980544	0.2150674	0.2233558	0.2301562	0.3141747	0.2697271	0.2659620	0.2155887	0.3252392	0.2845482	0.2556449
3232987490.4049873	0.2097940	0.2458856	0.1805661	0.2755563	0.1752202	0.2980545	0.2150722	0.2233584	0.2301704	0.3141588	0.2697046	0.2659519	0.2155998	0.3252463	0.2845470	0.2556535
3232987490.4148755	0.2098193	0.2458944	0.1805651	0.2755554	0.1751956	0.2980500	0.2150668	0.2233536	0.2301810	0.3141584	0.2697277	0.2659742	0.2155912	0.3252427	0.2845365	0.2556271
3232987490.4247637	0.2098235	0.2458737	0.1805527	0.2755663	0.1751791	0.2980528	0.2150746	0.2233580	0.2301479	0.3141560	0.2697243	0.2659490	0.2155797	0.3252242	0.2845491	0.2556356
3232987490.4346499	0.2098196	0.2458782	0.1805839	0.2755649	0.1752033	0.2980584	0.2150644	0.2233467	0.2301612	0.3141646	0.2697326	0.2659732	0.2155973	0.3252584	0.2845380	0.2556131
3232987490.4445381	0.2098337	0.2458930	0.1805556	0.2755548	0.1752118	0.2980516	0.2150955	0.2233740	0.2301406	0.3141670	0.2697569	0.2659478	0.2155927	0.3252294	0.2845270	0.2556203
3232987490.4544263	0.2098192	0.2458918	0.1805489	0.2755639	0.1752157	0.2980643	0.2150953	0.2233907	0.2301635	0.3141638	0.2697295	0.2659760	0.2156030	0.3252394	0.2845369	0.2556424
3232987490.4643145	0.2098190	0.2458841	0.1805515	0.2755925	0.1751974	0.2980525	0.2150662	0.2233864	0.2301471	0.3141413	0.2697290	0.2659626	0.2156114	0.3252212	0.2845441	0.2556483
3232987490.4742026	0.2098133	0.2458970	0.1805438	0.2755769	0.1752061	0.2980490	0.2150755	0.2233731	0.2301452	0.3141781	0.2697178	0.2659598	0.2155988	0.3252517	0.2845344	0.2556448
3232987490.4840908	0.2098117	0.2458926	0.1805537	0.2755746	0.1752066	0.2980601	0.2150709	0.2233558	0.2301662	0.3141685	0.2697401	0.2659647	0.2156033	0.3252423	0.2845362	0.2556546
3232987490.4939790	0.2098084	0.2458840	0.1805536	0.2755891	0.1751967	0.2980539	0.2150753	0.2233593	0.2301588	0.3141612	0.2697332	0.2659650	0.2156104	0.3252546	0.2845495	0.2556407
3232987490.5038671	0.2098038	0.2458840	0.1805693	0.2755721	0.1752076	0.2980663	0.2150798	0.2233657	0.2301648	0.3141663	0.2697398	0.2659635	0.2155902	0.3252542	0.2845403	0.2556485
3232987490.5137553	0.2098354	0.2458888	0.1805487	0.2755726	0.1752115	0.2980591	0.2150895	0.2233717	0.2301549	0.3141855	0.2697476	0.2659759	0.2155958	0.3252606	0.2845703	0.2556407
3232987490.5236435	0.2098280	0.2458906	0.1805652	0.2755740	0.1751988	0.2980681	0.2150833	0.2233671	0.2301495	0.3141787	0.2697244	0.2659725	0.2155992	0.3252582	0.2845402	0.2556706
3232987490.5335302	0.2098188	0.2458898	0.1805501	0.2755664	0.1752089	0.2980683	0.2150871	0.2233611	0.2301693	0.3141758	0.2697402	0.2659781	0.2155882	0.3252569	0.2845531	0.2556575
3232987490.5434184	0.2098206	0.2458784	0.1805598	0.2755790	0.1752040	0.2980706	0.2151043	0.2233832	0.2301594	0.3141846	0.2697493	0.2659821	0.2156054	0.3252661	0.2845544	0.2556418
3232987490.5533066	0.2098384	0.2458749	0.1805811	0.2755717	0.1752152	0.2980692	0.2150987	0.2233710	0.2301631	0.3141706	0.2697372	0.2659930	0.2155991	0.3252677	0.2845352	0.2556501
3232987490.5631947	0.2098199	0.2458824	0.1805707	0.2755828	0.1752055	0.2980629	0.2150952	0.2233607	0.2301561	0.3141703	0.2697431	0.2659736	0.2156155	0.3252715	0.2845639	0.2556731
3232987490.5730829	0.2098004	0.2458905	0.1805578	0.2755552	0.1752074	0.2980772	0.2150794	0.2233553	0.2301823	0.3141922	0.2697230	0.2659797	0.2156057	0.3252844	0.2845398	0.2556688
3232987490.5829711	0.2098028	0.2458822	0.1805574	0.2755834	0.1751905	0.2980523	0.2150765	0.2233613	0.2301533	0.3141921	0.2697411	0.2659765	0.2155919	0.3252630	0.2845605	0.2556549
3232987490.5928593	0.2098094	0.2458959	0.1805518	0.2755681	0.1752088	0.2980656	0.2150636	0.2233610	0.2301671	0.3141840	0.2697476	0.2659949	0.2156041	0.3252838	0.2845570	0.2556665
3232987490.6027474	0.2098116	0.2459159	0.1805725	0.2755661	0.1752107	0.2980762	0.2150963	0.2233745	0.2301801	0.3141879	0.2697504	0.2659915	0.2155945	0.3252833	0.2845587	0.2556549
3232987490.6126356	0.2098164	0.2458937	0.1805575	0.2755666	0.1752090	0.2980644	0.2150795	0.2233654	0.2301701	0.3141933	0.2697548	0.2659990	0.2156082	0.3252823	0.2845424	0.2556438
3232987490.6225238	0.2098139	0.2458905	0.1805752	0.2755735	0.1752174	0.2980758	0.2150676	0.2233601	0.2301598	0.3142029	0.2697276	0.2659841	0.2156002	0.3252747	0.2845622	0.2556580
3232987490.6324100	0.2098055	0.2458875	0.1805811	0.2755927	0.1751967	0.2980663	0.2150877	0.2233665	0.2301846	0.3141998	0.2697382	0.2659962	0.2156146	0.3252781	0.2845681	0.2556744
3232987490.6422982	0.2098086	0.2458674	0.1805608	0.2755757	0.1751993	0.2980600	0.2150662	0.2233668	0.2301920	0.3141971	0.2697280	0.2659872	0.2155922	0.3252711	0.2845609	0.2556597
3232987490.6521864	0.2098124	0.2459111	0.1805575	0.2755674	0.1752013	0.2980580	0.2150727	0.2233853	0.2301806	0.3141884	0.2697550	0.2659928	0.2155997	0.3252825	0.2845804	0.2556632
3232987490.6620746	0.2098188	0.2459058	0.1805707	0.2755859	0.1752111	0.2980671	0.2150779	0.2233692	0.2301872	0.3142067	0.2697493	0.2659813	0.2156077	0.3252775	0.2845787	0.2556562
3232987490.6719627	0.2098119	0.2459016	0.1805709	0.2755747	0.1752009	0.2980712	0.2150780	0.2233728	0.2301765	0.3141759	0.2697566	0.2659835	0.2156108	0.3252556	0.2845599	0.2556687
3232987490.6818509	0.2098150	0.2458939	0.1805524	0.2755907	0.1752012	0.2980763	0.2150700	0.2233786	0.2301736	0.3141991	0.2697537	0.2659862	0.2156049	0.3252838	0.2845700	0.2556651
3232987490.6917391	0.2098126	0.2459069	0.1805458	0.2755779	0.1752038	0.2980758	0.2150957	0.2233618	0.2301720	0.3141976	0.2697423	0.2659841	0.2156073	0.3252900	0.2845440	0.2556637
3232987490.7016273	0.2098048	0.2459129	0.1805717	0.2755774	0.1752270	0.2980747	0.2150886	0.2233791	0.2301741	0.3141919	0.2697380	0.2659834	0.2156130	0.3252678	0.2845587	0.2556644
3232987490.7115154	0.2098238	0.2459307	0.1805652	0.2755894	0.1752130	0.2980917	0.2150784	0.2233871	0.2301783	0.3141778	0.2697634	0.2659850	0.2156071	0.3252921	0.2845937	0.2556736
3232987490.7214036	0.2098290	0.2459186	0.1805522	0.2755823	0.1751953	0.2980799	0.2150910	0.2233684	0.2301474	0.3142055	0.2697545	0.2659828	0.2156229	0.3252619	0.2845755	0.2556787
3232987490.7312899	0.2098296	0.2458931	0.1805707	0.2755763	0.1752240	0.2980477	0.2150961	0.2233857	0.2301812	0.3141972	0.2697539	0.2659876	0.2155956	0.3252696	0.2845764	0.2556623
3232987490.7411780	0.2098216	0.2458934	0.1805635	0.2755629	0.1752001	0.2980628	0.2150847	0.2233768	0.2301785	0.3142038	0.2697360	0.2659774	0.2155952	0.3252777	0.2845652	0.2556810
3232987490.7510662	0.2098367	0.2458859	0.1805579	0.2755760	0.1751983	0.2980691	0.2150708	0.2233884	0.2301739	0.3142078	0.2697509	0.2659952	0.2156117	0.3252929	0.2845540	0.2556497
3232987490.7609544	0.2098174	0.2459066	0.1805830	0.2755817	0.1752067	0.2980788	0.2150958	0.2233712	0.2301731	0.3142062	0.2697538	0.2660018	0.2155951	0.3252715	0.2845826	0.2556743
3232987490.7708426	0.2098356	0.2459071	0.1805962	0.2755742	0.1751953	0.2980589	0.2150979	0.2233758	0.2301888	0.3141938	0.2697487	0.2659774	0.2155963	0.3252967	0.2845713	0.2556695
3232987490.7807307	0.2098170	0.2459148	0.1805620	0.2755946	0.1752176	0.2980738	0.2150771	0.2233965	0.2301868	0.3142092	0.2697386	0.2659805	0.2155947	0.3252752	0.2845676	0.2556710
3232987490.7906189	0.2098407	0.2459093	0.1805688	0.2755786	0.1752069	0.2980624	0.2150989	0.2233720	0.2301875	0.3141949	0.2697565	0.2659855	0.2155984	0.3252867	0.2845613	0.2556583
3232987490.8005071	0.2098092	0.2458955	0.1805800	0.2755841	0.1752122	0.2980770	0.2150799	0.2233701	0.2301887	0.3142095	0.2697504	0.2660030	0.2156188	0.3252831	0.2845711	0.2556772
3232987490.8103952	0.2098282	0.2458939	0.1805774	0.2755749	0.1752163	0.2980551	0.2150878	0.2233840	0.2301926	0.3141863	0.2697568	0.2659725	0.2156110	0.3253037	0.2845690	0.2556522
3232987490.8202834	0.2098106	0.2458951	0.1805782	0.2755890	0.1752142	0.2980666	0.2150888	0.2233772	0.2301903	0.3141841	0.2697629	0.2659882	0.2156130	0.3252906	0.2845760	0.2556809
3232987490.8301702	0.2098112	0.2459012	0.1805688	0.2755999	0.1752051	0.2980650	0.2150723	0.2233877	0.2301976	0.3142006	0.2697486	0.2659742	0.2156018	0.3252881	0.2845637	0.2556614
3232987490.8400583	0.2098243	0.2459062	0.1805544	0.2755918	0.1752192	0.2980467	0.2150714	0.2233687	0.2301941	0.3142001	0.2697661	0.2659865	0.2156209	0.3252787	0.2845703	0.2556832
3232987490.8499465	0.2098173	0.2458977	0.1805602	0.2755795	0.1752023	0.2980619	0.2150776	0.2233866	0.2301952	0.3142138	0.2697562	0.2659679	0.2156043	0.3252770	0.2845619	0.2556777
3232987490.8598347	0.2098281	0.2458955	0.1805689	0.2755984	0.1752173	0.2980768	0.2150829	0.2233574	0.2301792	0.3142052	0.2697273	0.2659808	0.2156103	0.3252726	0.2845739	0.2556836
3232987490.8697228	0.2098278	0.2459053	0.1805658	0.2755829	0.1752146	0.2980618	0.2150866	0.2233838	0.2302023	0.3142206	0.2697430	0.2659830	0.2156064	0.3252819	0.2845753	0.2556825
3232987490.8796110	0.2098183	0.2458925	0.1805665	0.2755792	0.1752196	0.2980781	0.2150883	0.2233721	0.2301870	0.3142069	0.2697521	0.2659818	0.2156169	0.3252740	0.2845712	0.2556680
3232987490.8894992	0.2098233	0.2458951	0.1805549	0.2755963	0.1752222	0.2980896	0.2150922	0.2233668	0.2302037	0.3142101	0.2697580	0.2659768	0.2156311	0.3252962	0.2845791	0.2556874
3232987490.8993874	0.2098092	0.2458997	0.1805635	0.2755919	0.1752051	0.2980696	0.2150701	0.2233613	0.2301762	0.3142061	0.2697403	0.2659783	0.2156100	0.3252904	0.2845593	0.2556813
3232987490.9092755	0.2098259	0.2459012	0.1805632	0.2755926	0.1751954	0.2980641	0.2150759	0.2233794	0.2301998	0.3142174	0.2697235	0.2659709	0.2155975	0.3252801	0.2845697	0.2556855
3232987490.9191637	0.2098194	0.2458928	0.1805679	0.2755805	0.1752039	0.2980784	0.2151028	0.2233927	0.2301885	0.3141945	0.2697404	0.2659943	0.2156077	0.3252738	0.2845706	0.2556720
3232987490.9290500	0.2098312	0.2459173	0.1805659	0.2755789	0.1752147	0.2980836	0.2150720	0.2233858	0.2301933	0.3142113	0.2697508	0.2659841	0.2156125	0.3252656	0.2845851	0.2556498
3232987490.9389381	0.2098173	0.2459024	0.1805684	0.2755811	0.1752189	0.2980907	0.2150974	0.2233575	0.2301976	0.3141993	0.2697414	0.2659680	0.2156203	0.3252575	0.2845606	0.2556650
3232987490.9488263	0.2098135	0.2458943	0.1805584	0.2755793	0.1752095	0.2980653	0.2150917	0.2233893	0.2302058	0.3141942	0.2697373	0.2659901	0.2156076	0.3252809	0.2845735	0.2556723
3232987490.9587145	0.2098273	0.2459108	0.1805676	0.2755972	0.1752205	0.2980664	0.2150855	0.2233857	0.2301751	0.3142023	0.2697493	0.2659779	0.2156165	0.3252778	0.2845621	0.2556589
3232987490.9686027	0.2098325	0.2459346	0.1805529	0.2755854	0.1752046	0.2980789	0.2150903	0.2233869	0.2301719	0.3141885	0.2697500	0.2659732	0.2156007	0.3252793	0.2845636	0.2556690
3232987490.9784908	0.2098177	0.2459186	0.1805445	0.2755905	0.1752252	0.2980802	0.2150872	0.2233807	0.2301902	0.3141919	0.2697463	0.2659859	0.2156020	0.3252781	0.2845577	0.2556428
3232987490.9883790	0.2098068	0.2459061	0.1805617	0.2755833	0.1752265	0.2980790	0.2150860	0.2233843	0.2301732	0.3142010	0.2697529	0.2659891	0.2156132	0.3252797	0.2845609	0.2556845
3232987490.9982672	0.2098344	0.2458923	0.1805641	0.2755947	0.1752186	0.2980857	0.2150837	0.2233812	0.2301774	0.3141942	0.2697378	0.2659818	0.2156001	0.3252870	0.2845772	0.2556742
3232987491.0081553	0.2098226	0.2459033	0.1805489	0.2756039	0.1752035	0.2980913	0.2150751	0.2233771	0.2301770	0.3142006	0.2697317	0.2659786	0.2156224	0.3252659	0.2845611	0.2556717
3232987491.0180435	0.2098193	0.2459071	0.1805552	0.2755840	0.1752075	0.2980886	0.2150899	0.2233694	0.2301805	0.3142007	0.2697319	0.2660006	0.2156216	0.3252732	0.2845588	0.2556642
3232987491.0279303	0.2098232	0.2459117	0.1805699	0.2756022	0.1752072	0.2980911	0.2150952	0.2233916	0.2301777	0.3141947	0.2697529	0.2660004	0.2156056	0.3252823	0.2845670	0.2556872
3232987491.0378184	0.2098345	0.2459197	0.1805621	0.2755729	0.1751964	0.2980939	0.2150894	0.2233895	0.2301881	0.3142048	0.2697368	0.2659815	0.2156074	0.3252809	0.2845890	0.2556725
3232987491.0477066	0.2098190	0.2459094	0.1805729	0.2756039	0.1752216	0.2980907	0.2150950	0.2233804	0.2301804	0.3142231	0.2697466	0.2659722	0.2156121	0.3252835	0.2845565	0.2556750
3232987491.0575948	0.2098163	0.2458945	0.1805775	0.2755951	0.1752145	0.2980810	0.2150634	0.2233920	0.2301908	0.3142093	0.2697524	0.2659762	0.2156083	0.3252872	0.2845724	0.2556817
3232987491.0674829	0.2098214	0.2459145	0.1805599	0.2755832	0.1752043	0.2980749	0.2150806	0.2233874	0.2301928	0.3142244	0.2697419	0.2659762	0.2156042	0.3253016	0.2845465	0.2556705
3232987491.0773711	0.2098348	0.2459137	0.1805842	0.2755871	0.1752039	0.2980911	0.2150989	0.2233842	0.2302013	0.3142122	0.2697556	0.2659947	0.2155991	0.3252922	0.2845576	0.2556834
3232987491.0872593	0.2098311	0.2459163	0.1805844	0.2756021	0.1752157	0.2980894	0.2150766	0.2233898	0.2301776	0.3142147	0.2697315	0.2659992	0.2156077	0.3253018	0.2845762	0.2556752
3232987491.0971475	0.2098135	0.2459256	0.1805761	0.2756063	0.1752096	0.2980894	0.2151029	0.2233950	0.2301835	0.3142009	0.2697635	0.2659930	0.2155922	0.3252875	0.2845751	0.2556811
3232987491.1070356	0.2098227	0.2459155	0.1805608	0.2755944	0.1752004	0.2980717	0.2150739	0.2234012	0.2301701	0.3142083	0.2697277	0.2659810	0.2156124	0.3252898	0.2845519	0.2556895
3232987491.1169238	0.2098077	0.2459318	0.1805529	0.2755873	0.1752202	0.2980861	0.2150761	0.2233838	0.2301733	0.3142078	0.2697425	0.2660014	0.2156048	0.3252898	0.2845708	0.2556843
3232987491.1268101	0.2098307	0.2459361	0.1805710	0.2755855	0.1752083	0.2980930	0.2151128	0.2233997	0.2301772	0.3141996	0.2697497	0.2659993	0.2156122	0.3252850	0.2845678	0.2556860
3232987491.1366982	0.2098237	0.2459202	0.1805779	0.2755851	0.1752005	0.2981012	0.2150977	0.2233691	0.2301823	0.3142108	0.2697493	0.2660156	0.2156010	0.3253013	0.2845679	0.2556850
3232987491.1465864	0.2098342	0.2459326	0.1805650	0.2755953	0.1752012	0.2980931	0.2150805	0.2233876	0.2301793	0.3142066	0.2697531	0.2659931	0.2156261	0.3253035	0.2845820	0.2556908
3232987491.1564746	0.2098393	0.2458913	0.1805470	0.2756003	0.1752148	0.2980961	0.2150874	0.2233786	0.2301709	0.3142273	0.2697448	0.2660049	0.2156116	0.3252945	0.2845747	0.2556716
3232987491.1663628	0.2098099	0.2459241	0.1805503	0.2755992	0.1752019	0.2980740	0.2151023	0.2233786	0.2301678	0.3142103	0.2697556	0.2659958	0.2155965	0.3252845	0.2845673	0.2556729
3232987491.1762509	0.2098161	0.2459137	0.1805734	0.2755928	0.1752065	0.2981041	0.2150907	0.2233890	0.2301749	0.3142177	0.2697435	0.2660053	0.2156145	0.3253061	0.2845729	0.2556985
3232987491.1861391	0.2098163	0.2459256	0.1805695	0.2755957	0.1752121	0.2980928	0.2150971	0.2234083	0.2301808	0.3142170	0.2697527	0.2659996	0.2156019	0.3252990	0.2845655	0.2556858
3232987491.1960273	0.2098187	0.2459263	0.1805908	0.2756035	0.1752045	0.2981014	0.2150971	0.2233982	0.2301869	0.3142114	0.2697551	0.2660085	0.2156028	0.3253040	0.2845734	0.2556907
3232987491.2059154	0.2098254	0.2459329	0.1805818	0.2756015	0.1752018	0.2980968	0.2151004	0.2233932	0.2301737	0.3142317	0.2697561	0.2659972	0.2156078	0.3253045	0.2845880	0.2557063
3232987491.2158036	0.2098127	0.2459211	0.1805735	0.2756020	0.1751858	0.2980959	0.2150869	0.2234034	0.2301861	0.3142178	0.2697521	0.2660114	0.2156017	0.3252943	0.2845711	0.2556995
