3232988349.7018499	0.2011921	0.2440425	0.1730306	0.2729538	0.1222322	0.2320526	0.2518965	0.2849334	0.2261637	0.3145438	0.2633919	0.2647256	0.1489716	0.2504198	0.3408203	0.3296112
3232988349.7117381	0.2011889	0.2440330	0.1730278	0.2729616	0.1222354	0.2320557	0.2519093	0.2849061	0.2261699	0.3145548	0.2633929	0.2647470	0.1489710	0.2504093	0.3408445	0.3296307
3232988349.7216263	0.2011774	0.2440444	0.1730311	0.2729645	0.1222211	0.2320714	0.2518807	0.2849346	0.2261411	0.3145327	0.2633832	0.2647299	0.1489671	0.2504121	0.3408296	0.3296318
3232988349.7315145	0.2011658	0.2440211	0.1730288	0.2729591	0.1222309	0.2320497	0.2518944	0.2849101	0.2261364	0.3145389	0.2633978	0.2647219	0.1489720	0.2504068	0.3408446	0.3296272
3232988349.7414026	0.2011908	0.2440299	0.1730416	0.2729606	0.1222187	0.2320634	0.2519021	0.2849021	0.2261604	0.3145499	0.2634050	0.2647360	0.1489738	0.2504248	0.3408448	0.3296114
3232988349.7512908	0.2011906	0.2440253	0.1730389	0.2729548	0.1222448	0.2320497	0.2518980	0.2849119	0.2261583	0.3145325	0.2634010	0.2647198	0.1489467	0.2503925	0.3408345	0.3296341
3232988349.7611790	0.2011647	0.2440278	0.1730413	0.2729440	0.1222175	0.2320634	0.2519068	0.2848889	0.2261643	0.3145405	0.2633865	0.2647383	0.1489664	0.2504251	0.3408309	0.3296215
3232988349.7710671	0.2012055	0.2440291	0.1730194	0.2729640	0.1222414	0.2320313	0.2518917	0.2849194	0.2261494	0.3145327	0.2633874	0.2647167	0.1489619	0.2503790	0.3408420	0.3296315
3232988349.7809553	0.2011706	0.2440284	0.1730427	0.2729535	0.1222307	0.2320437	0.2518947	0.2849230	0.2261605	0.3145202	0.2633877	0.2647274	0.1489580	0.2504163	0.3408233	0.3296383
3232988349.7908435	0.2011836	0.2440147	0.1730251	0.2729484	0.1222284	0.2320469	0.2518945	0.2849336	0.2261479	0.3145352	0.2633877	0.2647139	0.1489469	0.2504206	0.3408265	0.3296257
3232988349.8007302	0.2011856	0.2440203	0.1730550	0.2729540	0.1222361	0.2320432	0.2519061	0.2849032	0.2261713	0.3145180	0.2633894	0.2647246	0.1489733	0.2503990	0.3408220	0.3296371
3232988349.8106184	0.2011854	0.2440227	0.1730021	0.2729533	0.1222496	0.2320525	0.2518949	0.2849090	0.2261739	0.3145389	0.2633958	0.2647219	0.1489639	0.2504124	0.3408355	0.3296312
3232988349.8205066	0.2011736	0.2440089	0.1730265	0.2729527	0.1222220	0.2320407	0.2518989	0.2849042	0.2261564	0.3145329	0.2633798	0.2647203	0.1489665	0.2504172	0.3408233	0.3296142
3232988349.8303947	0.2011840	0.2440356	0.1730202	0.2729644	0.1222462	0.2320467	0.2518904	0.2848999	0.2261435	0.3145365	0.2634067	0.2647098	0.1489823	0.2503885	0.3408172	0.3296353
3232988349.8402829	0.2011751	0.2440184	0.1730388	0.2729418	0.1222216	0.2320568	0.2518978	0.2848937	0.2261485	0.3145430	0.2634065	0.2647379	0.1489656	0.2504245	0.3408011	0.3296204
3232988349.8501711	0.2011879	0.2440309	0.1730170	0.2729498	0.1222185	0.2320487	0.2518864	0.2849224	0.2261608	0.3145349	0.2633778	0.2647109	0.1489610	0.2504033	0.3408273	0.3296198
3232988349.8600593	0.2011988	0.2440260	0.1730422	0.2729508	0.1222343	0.2320522	0.2519034	0.2849140	0.2261758	0.3145360	0.2633856	0.2647078	0.1489547	0.2504032	0.3408380	0.3296287
3232988349.8699474	0.2011717	0.2440225	0.1730485	0.2729542	0.1222253	0.2320484	0.2518942	0.2848908	0.2261691	0.3145312	0.2634003	0.2647238	0.1489571	0.2504024	0.3408610	0.3296232
3232988349.8798356	0.2011794	0.2440223	0.1730332	0.2729360	0.1222393	0.2320537	0.2519005	0.2849120	0.2261536	0.3145315	0.2633927	0.2647211	0.1489670	0.2503979	0.3408367	0.3296215
3232988349.8897238	0.2011952	0.2440125	0.1730364	0.2729281	0.1222216	0.2320369	0.2518867	0.2848802	0.2261489	0.3145524	0.2633822	0.2647242	0.1489777	0.2503880	0.3408142	0.3296308
3232988349.8996100	0.2011809	0.2440134	0.1730394	0.2729315	0.1222244	0.2320580	0.2519008	0.2849195	0.2261503	0.3145246	0.2633946	0.2647340	0.1489597	0.2504077	0.3408206	0.3296281
3232988349.9094982	0.2011758	0.2440259	0.1730285	0.2729642	0.1222348	0.2320346	0.2519033	0.2848942	0.2261590	0.3145276	0.2633836	0.2647180	0.1489620	0.2504215	0.3408294	0.3296128
3232988349.9193864	0.2011910	0.2440170	0.1730255	0.2729560	0.1222314	0.2320675	0.2518841	0.2849069	0.2261555	0.3145198	0.2633770	0.2647190	0.1489722	0.2504081	0.3408326	0.3296255
3232988349.9292746	0.2011744	0.2440086	0.1730505	0.2729420	0.1222339	0.2320432	0.2519063	0.2848938	0.2261589	0.3145170	0.2633943	0.2647223	0.1489550	0.2504030	0.3408161	0.3296002
3232988349.9391627	0.2011815	0.2440375	0.1730312	0.2729386	0.1222382	0.2320512	0.2518791	0.2848821	0.2261434	0.3145236	0.2633807	0.2647116	0.1489559	0.2503978	0.3408098	0.3296255
3232988349.9490509	0.2011709	0.2440126	0.1730322	0.2729547	0.1222329	0.2320420	0.2519013	0.2848944	0.2261556	0.3145341	0.2633855	0.2647114	0.1489466	0.2503739	0.3408181	0.3296268
3232988349.9589391	0.2012020	0.2440248	0.1730393	0.2729387	0.1222323	0.2320324	0.2519072	0.2849061	0.2261449	0.3145200	0.2634010	0.2647095	0.1489609	0.2504001	0.3408214	0.3296285
3232988349.9688272	0.2011671	0.2440129	0.1730303	0.2729355	0.1222288	0.2320348	0.2518926	0.2848950	0.2261463	0.3145394	0.2633879	0.2647250	0.1489715	0.2504092	0.3408223	0.3296349
3232988349.9787154	0.2011568	0.2440157	0.1730351	0.2729390	0.1222268	0.2320453	0.2519090	0.2848921	0.2261556	0.3145381	0.2633907	0.2647203	0.1489550	0.2504146	0.3408264	0.3296266
3232988349.9886036	0.2011777	0.2440113	0.1730139	0.2729270	0.1222334	0.2320379	0.2518936	0.2848893	0.2261643	0.3145462	0.2633994	0.2647184	0.1489430	0.2503978	0.3408365	0.3296381
3232988349.9984903	0.2011622	0.2440323	0.1730215	0.2729523	0.1222334	0.2320265	0.2519053	0.2849001	0.2261584	0.3145432	0.2633953	0.2647173	0.1489690	0.2504025	0.3408271	0.3296365
3232988350.0083785	0.2011900	0.2440019	0.1730443	0.2729244	0.1222488	0.2320296	0.2518978	0.2848919	0.2261748	0.3145304	0.2634075	0.2647233	0.1489685	0.2504030	0.3408370	0.3296166
3232988350.0182667	0.2011777	0.2440177	0.1730327	0.2729472	0.1222460	0.2320494	0.2518878	0.2849012	0.2261685	0.3145216	0.2634016	0.2647080	0.1489725	0.2504106	0.3408404	0.3296421
3232988350.0281548	0.2011727	0.2440189	0.1730236	0.2729340	0.1222472	0.2320153	0.2518920	0.2848848	0.2261749	0.3145328	0.2633834	0.2647136	0.1489580	0.2504056	0.3408337	0.3296215
3232988350.0380430	0.2011870	0.2440344	0.1730187	0.2729270	0.1222151	0.2320426	0.2519084	0.2848763	0.2261488	0.3145217	0.2634001	0.2646920	0.1489834	0.2503846	0.3408226	0.3296406
3232988350.0479312	0.2011821	0.2440077	0.1730387	0.2729459	0.1222249	0.2320490	0.2518941	0.2848955	0.2261520	0.3145252	0.2633841	0.2647161	0.1489546	0.2503913	0.3408342	0.3296012
3232988350.0578194	0.2011766	0.2440201	0.1730354	0.2729390	0.1222376	0.2320265	0.2518992	0.2848844	0.2261399	0.3145179	0.2633803	0.2647125	0.1489755	0.2503951	0.3408158	0.3296163
3232988350.0677075	0.2011816	0.2439891	0.1730483	0.2729315	0.1222291	0.2320265	0.2519015	0.2849237	0.2261587	0.3145224	0.2634088	0.2646962	0.1489711	0.2503880	0.3408170	0.3296086
3232988350.0775957	0.2011786	0.2440251	0.1730187	0.2729330	0.1222462	0.2320364	0.2518965	0.2848996	0.2261533	0.3145125	0.2633916	0.2647069	0.1489677	0.2503850	0.3407975	0.3295933
3232988350.0874839	0.2011778	0.2440285	0.1730175	0.2729193	0.1222391	0.2320385	0.2518978	0.2848921	0.2261561	0.3145124	0.2633850	0.2646886	0.1489645	0.2503830	0.3407993	0.3296019
3232988350.0973701	0.2011759	0.2439875	0.1730209	0.2729274	0.1222373	0.2320216	0.2519009	0.2848906	0.2261494	0.3144980	0.2633617	0.2646889	0.1489635	0.2504076	0.3408243	0.3296169
3232988350.1072583	0.2011738	0.2440272	0.1730412	0.2729378	0.1222329	0.2320248	0.2518939	0.2849044	0.2261511	0.3145251	0.2633704	0.2647079	0.1489434	0.2503986	0.3408089	0.3295973
3232988350.1171465	0.2011710	0.2439988	0.1730318	0.2729402	0.1222479	0.2320362	0.2519082	0.2848940	0.2261415	0.3145116	0.2633725	0.2647207	0.1489623	0.2503822	0.3408081	0.3296152
3232988350.1270347	0.2011878	0.2440190	0.1730400	0.2729572	0.1222135	0.2320373	0.2518993	0.2848835	0.2261571	0.3145095	0.2633685	0.2646891	0.1489559	0.2503900	0.3408311	0.3296059
3232988350.1369228	0.2011859	0.2440124	0.1730392	0.2729391	0.1222305	0.2320377	0.2518731	0.2848955	0.2261672	0.3145299	0.2633746	0.2647253	0.1489493	0.2503774	0.3408058	0.3296005
3232988350.1468110	0.2011613	0.2440168	0.1730253	0.2729355	0.1222306	0.2320240	0.2518800	0.2848862	0.2261412	0.3145086	0.2633858	0.2647115	0.1489561	0.2503996	0.3408015	0.3295879
3232988350.1566992	0.2011781	0.2440135	0.1730248	0.2729233	0.1222281	0.2320317	0.2518972	0.2848797	0.2261469	0.3145150	0.2633684	0.2647070	0.1489562	0.2503737	0.3408202	0.3295983
3232988350.1665874	0.2012003	0.2440076	0.1730321	0.2729302	0.1222408	0.2320218	0.2519101	0.2848956	0.2261688	0.3145151	0.2633802	0.2647135	0.1489605	0.2503861	0.3408212	0.3296094
3232988350.1764755	0.2011777	0.2440227	0.1730301	0.2729386	0.1222311	0.2320475	0.2519099	0.2848869	0.2261503	0.3145130	0.2633974	0.2647054	0.1489733	0.2503740	0.3408445	0.3295976
3232988350.1863637	0.2011848	0.2440089	0.1730336	0.2729468	0.1222318	0.2320271	0.2518834	0.2848941	0.2261549	0.3145186	0.2633650	0.2647031	0.1489529	0.2503997	0.3408145	0.3296067
3232988350.1962500	0.2011890	0.2439988	0.1730237	0.2729287	0.1222218	0.2320387	0.2519011	0.2848810	0.2261453	0.3145062	0.2633787	0.2646953	0.1489702	0.2503957	0.3408256	0.3295801
3232988350.2061381	0.2011793	0.2440125	0.1730175	0.2729299	0.1222456	0.2320445	0.2519046	0.2849011	0.2261528	0.3145204	0.2633790	0.2647040	0.1489704	0.2503778	0.3408244	0.3296039
3232988350.2160263	0.2011892	0.2440044	0.1730512	0.2729363	0.1222392	0.2320275	0.2519135	0.2848824	0.2261541	0.3145092	0.2633881	0.2647025	0.1489630	0.2503773	0.3408209	0.3295899
3232988350.2259145	0.2011742	0.2440054	0.1730411	0.2729087	0.1222370	0.2320378	0.2519108	0.2848885	0.2261634	0.3145022	0.2633966	0.2647002	0.1489497	0.2503872	0.3408311	0.3296393
3232988350.2358026	0.2011731	0.2440131	0.1730229	0.2729204	0.1222412	0.2320326	0.2519042	0.2848802	0.2261629	0.3145178	0.2633934	0.2647050	0.1489619	0.2503985	0.3408242	0.3296036
3232988350.2456908	0.2011562	0.2440065	0.1730309	0.2729466	0.1222295	0.2320191	0.2518844	0.2848772	0.2261516	0.3145337	0.2633927	0.2647147	0.1489635	0.2503968	0.3408231	0.3296065
3232988350.2555790	0.2011773	0.2440073	0.1730256	0.2729128	0.1222163	0.2320251	0.2518967	0.2848798	0.2261546	0.3145340	0.2634012	0.2646957	0.1489481	0.2503935	0.3408311	0.3296230
3232988350.2654672	0.2011845	0.2440171	0.1730445	0.2729200	0.1222468	0.2320335	0.2519096	0.2848831	0.2261446	0.3145329	0.2634076	0.2647064	0.1489739	0.2504198	0.3408374	0.3296325
3232988350.2753553	0.2011788	0.2440120	0.1730530	0.2729303	0.1222347	0.2320415	0.2519012	0.2848999	0.2261690	0.3145082	0.2634124	0.2647065	0.1489531	0.2503847	0.3408518	0.3296092
3232988350.2852435	0.2011731	0.2440042	0.1730245	0.2729538	0.1222214	0.2320235	0.2518994	0.2848746	0.2261668	0.3145204	0.2633906	0.2647167	0.1489651	0.2503820	0.3408433	0.3296043
3232988350.2951303	0.2011632	0.2440114	0.1730271	0.2729177	0.1222341	0.2320317	0.2519033	0.2848927	0.2261618	0.3145105	0.2633853	0.2647057	0.1489703	0.2503799	0.3408238	0.3296085
3232988350.3050184	0.2011878	0.2440022	0.1730332	0.2729106	0.1222220	0.2320206	0.2518786	0.2848679	0.2261543	0.3145080	0.2633860	0.2646877	0.1489787	0.2504012	0.3408243	0.3295919
3232988350.3149066	0.2011803	0.2440112	0.1730413	0.2729210	0.1222320	0.2320280	0.2518984	0.2848792	0.2261526	0.3145090	0.2633811	0.2646783	0.1489590	0.2503859	0.3408367	0.3295832
3232988350.3247948	0.2011865	0.2439894	0.1730239	0.2729338	0.1222213	0.2320298	0.2518936	0.2849061	0.2261497	0.3145069	0.2633845	0.2646934	0.1489710	0.2503843	0.3408332	0.3295840
3232988350.3346829	0.2011828	0.2439983	0.1730420	0.2729312	0.1222394	0.2320202	0.2519160	0.2849030	0.2261625	0.3145080	0.2633553	0.2646764	0.1489536	0.2503634	0.3408187	0.3295929
3232988350.3445711	0.2011738	0.2439948	0.1730310	0.2729219	0.1222275	0.2320319	0.2519022	0.2849003	0.2261511	0.3145076	0.2633742	0.2646758	0.1489644	0.2503813	0.3408045	0.3295853
3232988350.3544593	0.2011785	0.2440172	0.1730152	0.2729243	0.1222374	0.2320160	0.2519093	0.2848908	0.2261662	0.3145255	0.2633612	0.2646880	0.1489634	0.2503747	0.3408154	0.3295649
3232988350.3643475	0.2011737	0.2440036	0.1730077	0.2729261	0.1222361	0.2320192	0.2518924	0.2848883	0.2261510	0.3145236	0.2633765	0.2646928	0.1489641	0.2503950	0.3408189	0.3295800
3232988350.3742356	0.2011859	0.2440025	0.1730300	0.2729303	0.1222340	0.2320447	0.2519072	0.2848962	0.2261459	0.3145249	0.2633615	0.2646921	0.1489679	0.2503752	0.3408102	0.3295795
3232988350.3841238	0.2011642	0.2440184	0.1730374	0.2729257	0.1222295	0.2320424	0.2518872	0.2848975	0.2261442	0.3145027	0.2633896	0.2647120	0.1489750	0.2503647	0.3408162	0.3295868
3232988350.3940101	0.2011650	0.2439911	0.1730437	0.2729127	0.1222350	0.2320165	0.2518998	0.2848819	0.2261451	0.3145064	0.2633768	0.2647091	0.1489515	0.2503792	0.3408029	0.3295736
3232988350.4038982	0.2011751	0.2440091	0.1730442	0.2729274	0.1222384	0.2320355	0.2518990	0.2848867	0.2261522	0.3145076	0.2633839	0.2646866	0.1489610	0.2503881	0.3408116	0.3295926
3232988350.4137864	0.2011769	0.2439904	0.1730174	0.2729201	0.1222379	0.2320426	0.2519013	0.2848832	0.2261335	0.3145143	0.2633753	0.2646917	0.1489584	0.2503738	0.3407968	0.3295781
3232988350.4236746	0.2011805	0.2440202	0.1730445	0.2729315	0.1222300	0.2320335	0.2518828	0.2849075	0.2261559	0.3145123	0.2633584	0.2646923	0.1489588	0.2503814	0.3407995	0.3295911
3232988350.4335628	0.2011721	0.2440105	0.1730459	0.2729215	0.1222397	0.2320356	0.2518938	0.2848924	0.2261490	0.3145081	0.2633946	0.2646748	0.1489676	0.2503823	0.3408009	0.3295858
3232988350.4434509	0.2011872	0.2439916	0.1730321	0.2729317	0.1222277	0.2320158	0.2519040	0.2848985	0.2261517	0.3144860	0.2633768	0.2646911	0.1489502	0.2503705	0.3408120	0.3295852
3232988350.4533391	0.2011667	0.2440001	0.1730391	0.2729324	0.1222263	0.2320359	0.2519085	0.2848834	0.2261429	0.3145137	0.2633805	0.2647090	0.1489499	0.2504051	0.3408135	0.3295944
3232988350.4632273	0.2011783	0.2440069	0.1730395	0.2729388	0.1222286	0.2320235	0.2518944	0.2848858	0.2261345	0.3144988	0.2633766	0.2646806	0.1489526	0.2503900	0.3408053	0.3296036
3232988350.4731154	0.2011793	0.2440051	0.1730410	0.2729080	0.1222293	0.2320345	0.2519024	0.2848953	0.2261236	0.3144837	0.2633884	0.2646997	0.1489594	0.2503814	0.3408106	0.3295831
3232988350.4830036	0.2011800	0.2440076	0.1730263	0.2729438	0.1222509	0.2320171	0.2518884	0.2848854	0.2261460	0.3144976	0.2633991	0.2646974	0.1489620	0.2503837	0.3407871	0.3295979
3232988350.4928899	0.2011852	0.2440126	0.1730386	0.2729149	0.1222516	0.2320409	0.2519124	0.2848881	0.2261424	0.3144984	0.2633677	0.2646993	0.1489643	0.2503844	0.3408102	0.3295813
3232988350.5027781	0.2011904	0.2440098	0.1730355	0.2729280	0.1222242	0.2320238	0.2518968	0.2848981	0.2261409	0.3144965	0.2633774	0.2646901	0.1489590	0.2503742	0.3408123	0.3295788
3232988350.5126662	0.2011731	0.2440102	0.1730489	0.2729347	0.1222211	0.2320384	0.2518857	0.2848887	0.2261242	0.3144981	0.2633891	0.2646931	0.1489457	0.2503802	0.3408178	0.3295923
3232988350.5225544	0.2011924	0.2440028	0.1730299	0.2729123	0.1222375	0.2320373	0.2518944	0.2848768	0.2261461	0.3145052	0.2633756	0.2647142	0.1489591	0.2504052	0.3408211	0.3295895
3232988350.5324426	0.2011708	0.2440056	0.1730179	0.2729253	0.1222286	0.2320350	0.2518817	0.2848895	0.2261605	0.3144900	0.2633798	0.2646942	0.1489464	0.2503768	0.3408033	0.3295932
3232988350.5423307	0.2011710	0.2439973	0.1730457	0.2729307	0.1222496	0.2320243	0.2518946	0.2848881	0.2261361	0.3145197	0.2633983	0.2647144	0.1489527	0.2503875	0.3408290	0.3296197
3232988350.5522189	0.2011752	0.2440334	0.1730133	0.2729266	0.1222108	0.2320391	0.2519105	0.2848938	0.2261472	0.3145080	0.2633867	0.2647070	0.1489599	0.2503919	0.3408081	0.3295974
3232988350.5621071	0.2011788	0.2440036	0.1730271	0.2729167	0.1222365	0.2320396	0.2518770	0.2848749	0.2261476	0.3145073	0.2633775	0.2647091	0.1489661	0.2503827	0.3408294	0.3296004
3232988350.5719953	0.2011730	0.2439904	0.1730245	0.2729426	0.1222434	0.2320168	0.2518920	0.2848874	0.2261342	0.3145193	0.2633844	0.2647253	0.1489584	0.2503882	0.3408092	0.3296166
3232988350.5818834	0.2011753	0.2440204	0.1730426	0.2729336	0.1222408	0.2320277	0.2519015	0.2848950	0.2261696	0.3145311	0.2633746	0.2647185	0.1489464	0.2503956	0.3408152	0.3296061
3232988350.5917702	0.2011912	0.2440242	0.1730213	0.2729459	0.1222274	0.2320403	0.2519061	0.2848959	0.2261698	0.3145217	0.2633840	0.2647177	0.1489479	0.2504027	0.3408286	0.3296032
3232988350.6016583	0.2011875	0.2440297	0.1730311	0.2729108	0.1222514	0.2320428	0.2519057	0.2848866	0.2261516	0.3145238	0.2633969	0.2647255	0.1489588	0.2503917	0.3408300	0.3296062
3232988350.6115465	0.2011432	0.2440117	0.1730092	0.2729236	0.1222248	0.2320258	0.2518978	0.2848763	0.2261612	0.3145065	0.2633915	0.2647172	0.1489602	0.2503985	0.3408241	0.3296093
3232988350.6214347	0.2011789	0.2440006	0.1730324	0.2729327	0.1222307	0.2320303	0.2518955	0.2848803	0.2261476	0.3144957	0.2633787	0.2647152	0.1489642	0.2504017	0.3408070	0.3295952
3232988350.6313229	0.2011720	0.2440178	0.1730202	0.2729390	0.1222340	0.2320294	0.2518884	0.2848822	0.2261374	0.3145232	0.2634027	0.2647068	0.1489546	0.2503863	0.3408178	0.3296010
3232988350.6412110	0.2011652	0.2440134	0.1730243	0.2729378	0.1222436	0.2320715	0.2519130	0.2849022	0.2261450	0.3144935	0.2633922	0.2647174	0.1489816	0.2503964	0.3408179	0.3296022
3232988350.6510992	0.2011687	0.2440169	0.1730414	0.2729352	0.1222422	0.2320404	0.2519008	0.2848985	0.2261552	0.3145222	0.2634012	0.2647085	0.1489538	0.2503764	0.3408191	0.3296258
3232988350.6609874	0.2011792	0.2440033	0.1730241	0.2729255	0.1222426	0.2320346	0.2519073	0.2848972	0.2261484	0.3145174	0.2633986	0.2646972	0.1489480	0.2504093	0.3408121	0.3295945
3232988350.6708755	0.2011607	0.2440140	0.1730153	0.2729536	0.1222250	0.2320419	0.2518997	0.2848953	0.2261630	0.3145136	0.2633641	0.2647109	0.1489565	0.2503814	0.3407985	0.3296107
3232988350.6807637	0.2011613	0.2440021	0.1730081	0.2729346	0.1222202	0.2320385	0.2518940	0.2848950	0.2261509	0.3145110	0.2634080	0.2647119	0.1489802	0.2503933	0.3408245	0.3296200
3232988350.6906500	0.2011749	0.2440126	0.1730144	0.2729329	0.1222336	0.2320409	0.2518970	0.2849009	0.2261447	0.3144985	0.2633751	0.2647040	0.1489687	0.2503720	0.3408249	0.3296180
3232988350.7005382	0.2011662	0.2440183	0.1730420	0.2729371	0.1222307	0.2320226	0.2518875	0.2849195	0.2261577	0.3145229	0.2633876	0.2647065	0.1489578	0.2503741	0.3408326	0.3296162
3232988350.7104263	0.2011831	0.2439937	0.1730297	0.2729260	0.1222407	0.2320447	0.2518996	0.2848714	0.2261438	0.3145161	0.2633657	0.2647122	0.1489539	0.2503766	0.3408074	0.3296137
3232988350.7203145	0.2011826	0.2440019	0.1730276	0.2729266	0.1222399	0.2320264	0.2518911	0.2848842	0.2261628	0.3145303	0.2633893	0.2647089	0.1489569	0.2503926	0.3408067	0.3296087
3232988350.7302027	0.2011720	0.2440170	0.1730202	0.2729427	0.1222328	0.2320412	0.2519009	0.2848999	0.2261529	0.3145079	0.2633766	0.2647186	0.1489592	0.2503755	0.3408229	0.3296088
3232988350.7400908	0.2011662	0.2440134	0.1730206	0.2729431	0.1222379	0.2320530	0.2518920	0.2848998	0.2261442	0.3145162	0.2633729	0.2646955	0.1489396	0.2504046	0.3408089	0.3296075
3232988350.7499790	0.2011767	0.2440271	0.1730296	0.2729407	0.1222346	0.2320453	0.2519139	0.2848862	0.2261660	0.3145236	0.2633915	0.2647119	0.1489816	0.2503998	0.3408144	0.3296082
3232988350.7598672	0.2011702	0.2440179	0.1730476	0.2729328	0.1222409	0.2320310	0.2518897	0.2848966	0.2261424	0.3145293	0.2633877	0.2647063	0.1489466	0.2503907	0.3408102	0.3296306
3232988350.7697554	0.2011805	0.2440184	0.1730229	0.2729352	0.1222486	0.2320421	0.2518879	0.2848942	0.2261652	0.3145074	0.2633897	0.2647130	0.1489554	0.2504193	0.3408058	0.3295990
3232988350.7796435	0.2011712	0.2440180	0.1730292	0.2729385	0.1222234	0.2320376	0.2518802	0.2848914	0.2261515	0.3145134	0.2633878	0.2646831	0.1489546	0.2503928	0.3408172	0.3296142
3232988350.7895303	0.2011714	0.2440101	0.1730285	0.2729246	0.1222323	0.2320286	0.2519009	0.2848951	0.2261362	0.3145267	0.2633772	0.2646997	0.1489628	0.2503777	0.3408132	0.3295889
3232988350.7994184	0.2011741	0.2440030	0.1730417	0.2729326	0.1222448	0.2320321	0.2519036	0.2848828	0.2261598	0.3145195	0.2633939	0.2647018	0.1489620	0.2503842	0.3408121	0.3296124
3232988350.8093066	0.2011864	0.2440206	0.1730328	0.2729314	0.1222265	0.2320527	0.2518933	0.2849046	0.2261453	0.3145276	0.2633776	0.2647147	0.1489663	0.2503948	0.3408371	0.3295975
3232988350.8191948	0.2011633	0.2440111	0.1730346	0.2729348	0.1222444	0.2320416	0.2518941	0.2848743	0.2261553	0.3145042	0.2633827	0.2647082	0.1489525	0.2503968	0.3408249	0.3296067
3232988350.8290830	0.2011646	0.2440147	0.1730273	0.2729239	0.1222224	0.2320206	0.2519055	0.2849118	0.2261603	0.3145109	0.2633816	0.2647109	0.1489655	0.2504040	0.3408069	0.3295918
3232988350.8389711	0.2011717	0.2440029	0.1730218	0.2729259	0.1222300	0.2320390	0.2518994	0.2848834	0.2261566	0.3145304	0.2633889	0.2647010	0.1489503	0.2503781	0.3407996	0.3296028
3232988350.8488593	0.2011776	0.2439992	0.1730297	0.2729410	0.1222309	0.2320474	0.2518829	0.2848999	0.2261559	0.3145326	0.2633716	0.2647197	0.1489645	0.2503892	0.3407982	0.3295999
3232988350.8587475	0.2011774	0.2440023	0.1730449	0.2729572	0.1222302	0.2320334	0.2519187	0.2848837	0.2261341	0.3145144	0.2633871	0.2647041	0.1489580	0.2503902	0.3408201	0.3295953
3232988350.8686357	0.2011938	0.2440174	0.1730361	0.2729360	0.1222374	0.2320575	0.2518845	0.2849102	0.2261358	0.3145383	0.2633771	0.2647047	0.1489520	0.2504067	0.3408245	0.3296001
3232988350.8785238	0.2011611	0.2440033	0.1730260	0.2729171	0.1222402	0.2320446	0.2519077	0.2848866	0.2261653	0.3145292	0.2633902	0.2647099	0.1489573	0.2503881	0.3408258	0.3296197
3232988350.8884101	0.2011745	0.2440248	0.1730213	0.2729481	0.1222232	0.2320339	0.2518792	0.2849037	0.2261540	0.3145325	0.2633690	0.2647002	0.1489540	0.2504005	0.3408275	0.3296192
3232988350.8982983	0.2011860	0.2440071	0.1730271	0.2729278	0.1222381	0.2320265	0.2518815	0.2848919	0.2261591	0.3145267	0.2634021	0.2647135	0.1489593	0.2504012	0.3408120	0.3296083
3232988350.9081864	0.2011799	0.2440149	0.1730422	0.2729366	0.1222321	0.2320397	0.2519062	0.2849015	0.2261524	0.3145188	0.2633886	0.2647051	0.1489656	0.2504021	0.3408166	0.3296119
3232988350.9180746	0.2011755	0.2439957	0.1730394	0.2729187	0.1222507	0.2320567	0.2519146	0.2849027	0.2261503	0.3145461	0.2633934	0.2646903	0.1489657	0.2503957	0.3408221	0.3296083
3232988350.9279628	0.2011843	0.2440165	0.1730281	0.2729455	0.1222472	0.2320302	0.2519102	0.2849035	0.2261498	0.3145115	0.2633921	0.2647092	0.1489628	0.2503910	0.3408163	0.3296163
3232988350.9378510	0.2011755	0.2440135	0.1730282	0.2729287	0.1222318	0.2320413	0.2518932	0.2848951	0.2261440	0.3145244	0.2633763	0.2647009	0.1489883	0.2503944	0.3408100	0.3296229
3232988350.9477391	0.2011843	0.2440220	0.1730175	0.2729527	0.1222339	0.2320212	0.2518832	0.2848837	0.2261423	0.3145310	0.2633958	0.2647152	0.1489554	0.2503927	0.3408231	0.3296046
3232988350.9576273	0.2011749	0.2440119	0.1730252	0.2729280	0.1222485	0.2320391	0.2518802	0.2849012	0.2261540	0.3145317	0.2633715	0.2647034	0.1489523	0.2503894	0.3408268	0.3296114
3232988350.9675155	0.2011638	0.2440225	0.1730428	0.2729538	0.1222355	0.2320518	0.2519001	0.2848923	0.2261590	0.3145413	0.2633727	0.2646964	0.1489521	0.2504023	0.3408311	0.3296240
3232988350.9774036	0.2011820	0.2440206	0.1730335	0.2729521	0.1222303	0.2320310	0.2519072	0.2849014	0.2261511	0.3145337	0.2633994	0.2647139	0.1489479	0.2504040	0.3408062	0.3296239
3232988350.9872899	0.2011573	0.2440077	0.1730285	0.2729454	0.1222304	0.2320326	0.2519036	0.2849045	0.2261259	0.3145156	0.2633893	0.2647151	0.1489687	0.2503888	0.3408147	0.3296189
3232988350.9971781	0.2011648	0.2440048	0.1730178	0.2729390	0.1222208	0.2320345	0.2518943	0.2848932	0.2261451	0.3145318	0.2633906	0.2647176	0.1489513	0.2503933	0.3408217	0.3296268
3232988351.0070662	0.2011808	0.2440122	0.1730406	0.2729618	0.1222324	0.2320377	0.2518911	0.2848955	0.2261634	0.3145325	0.2633685	0.2647241	0.1489584	0.2503945	0.3408201	0.3296075
3232988351.0169544	0.2011811	0.2440087	0.1730300	0.2729527	0.1222340	0.2320428	0.2519005	0.2848980	0.2261616	0.3145294	0.2633774	0.2647194	0.1489572	0.2504063	0.3408181	0.3296094
3232988351.0268426	0.2011757	0.2440072	0.1730390	0.2729377	0.1222413	0.2320435	0.2518939	0.2848855	0.2261532	0.3145505	0.2633807	0.2647164	0.1489501	0.2504026	0.3408359	0.3295971
3232988351.0367308	0.2011673	0.2440134	0.1730272	0.2729448	0.1222283	0.2320531	0.2518941	0.2848864	0.2261488	0.3145233	0.2633915	0.2647246	0.1489644	0.2504106	0.3408362	0.3296277
3232988351.0466189	0.2011802	0.2440254	0.1730164	0.2729410	0.1222226	0.2320446	0.2518776	0.2849148	0.2261472	0.3145408	0.2633858	0.2647072	0.1489538	0.2504000	0.3408330	0.3296045
3232988351.0565071	0.2011855	0.2440174	0.1730270	0.2729644	0.1222349	0.2320547	0.2519099	0.2849018	0.2261431	0.3145494	0.2633768	0.2646998	0.1489513	0.2504081	0.3408214	0.3296286
3232988351.0663953	0.2011629	0.2440123	0.1730353	0.2729470	0.1222296	0.2320353	0.2518923	0.2849164	0.2261472	0.3145274	0.2633833	0.2647198	0.1489591	0.2503983	0.3408331	0.3296201
3232988351.0762835	0.2011731	0.2440191	0.1730343	0.2729508	0.1222282	0.2320360	0.2519011	0.2848688	0.2261354	0.3145197	0.2633832	0.2647287	0.1489619	0.2504070	0.3408121	0.3296260
3232988351.0861702	0.2011757	0.2440294	0.1730183	0.2729415	0.1222244	0.2320338	0.2519118	0.2848988	0.2261652	0.3145366	0.2633922	0.2647084	0.1489567	0.2504085	0.3408197	0.3296081
3232988351.0960584	0.2011498	0.2440314	0.1730259	0.2729528	0.1222302	0.2320310	0.2518946	0.2848978	0.2261360	0.3145395	0.2633957	0.2646954	0.1489665	0.2503959	0.3408182	0.3296242
3232988351.1059465	0.2011758	0.2440018	0.1730300	0.2729299	0.1222281	0.2320367	0.2518888	0.2849057	0.2261544	0.3145336	0.2633765	0.2647203	0.1489590	0.2504018	0.3408193	0.3295886
3232988351.1158347	0.2011574	0.2440079	0.1730159	0.2729673	0.1222228	0.2320367	0.2519001	0.2849004	0.2261437	0.3145241	0.2633910	0.2647329	0.1489642	0.2504179	0.3408248	0.3296196
3232988351.1257229	0.2011861	0.2440071	0.1729994	0.2729409	0.1222246	0.2320345	0.2518774	0.2849128	0.2261578	0.3145462	0.2633774	0.2647259	0.1489533	0.2503864	0.3408114	0.3296254
3232988351.1356111	0.2011867	0.2440235	0.1730282	0.2729275	0.1222424	0.2320311	0.2519028	0.2849163	0.2261558	0.3145347	0.2633912	0.2647185	0.1489632	0.2504055	0.3408101	0.3296359
3232988351.1454992	0.2011537	0.2440268	0.1730119	0.2729324	0.1222382	0.2320450	0.2519023	0.2849267	0.2261611	0.3145325	0.2633840	0.2647025	0.1489610	0.2504041	0.3408280	0.3296209
3232988351.1553874	0.2011664	0.2440160	0.1730372	0.2729458	0.1222123	0.2320578	0.2518881	0.2848896	0.2261631	0.3145140	0.2633981	0.2647168	0.1489721	0.2503990	0.3408086	0.3296185
3232988351.1652756	0.2011902	0.2440286	0.1730270	0.2729555	0.1222276	0.2320513	0.2518850	0.2848789	0.2261576	0.3145312	0.2633859	0.2647056	0.1489594	0.2503973	0.3408351	0.3296203
3232988351.1751637	0.2011673	0.2440211	0.1730178	0.2729424	0.1222343	0.2320408	0.2518978	0.2849096	0.2261519	0.3145448	0.2633954	0.2647236	0.1489587	0.2503984	0.3408204	0.3296224
3232988351.1850500	0.2011810	0.2440355	0.1730283	0.2729509	0.1222369	0.2320437	0.2518985	0.2849013	0.2261606	0.3145523	0.2633956	0.2647222	0.1489599	0.2504130	0.3408310	0.3296230
3232988351.1949382	0.2011605	0.2440083	0.1730147	0.2729509	0.1222284	0.2320556	0.2519003	0.2849135	0.2261416	0.3145436	0.2633800	0.2647208	0.1489629	0.2503988	0.3408438	0.3296243
3232988351.2048264	0.2011715	0.2440171	0.1730270	0.2729463	0.1222362	0.2320466	0.2518940	0.2849152	0.2261624	0.3145576	0.2633856	0.2647276	0.1489566	0.2504055	0.3408364	0.3296412
3232988351.2147145	0.2011595	0.2440181	0.1730400	0.2729552	0.1222325	0.2320618	0.2518911	0.2848996	0.2261615	0.3145485	0.2633902	0.2647114	0.1489523	0.2504298	0.3408413	0.3296253
3232988351.2246027	0.2011635	0.2440213	0.1730148	0.2729653	0.1222509	0.2320541	0.2518831	0.2849039	0.2261629	0.3145499	0.2633936	0.2647205	0.1489805	0.2503974	0.3408407	0.3296226
3232988351.2344909	0.2011729	0.2440322	0.1730332	0.2729402	0.1222474	0.2320654	0.2518896	0.2849237	0.2261551	0.3145468	0.2633792	0.2647391	0.1489706	0.2504160	0.3408162	0.3296256
3232988351.2443790	0.2011646	0.2440318	0.1730402	0.2729500	0.1222218	0.2320345	0.2519052	0.2849008	0.2261666	0.3145445	0.2633802	0.2647213	0.1489709	0.2504013	0.3408301	0.3296248
3232988351.2542672	0.2011820	0.2440190	0.1730287	0.2729568	0.1222193	0.2320503	0.2518922	0.2848962	0.2261355	0.3145450	0.2633982	0.2647231	0.1489500	0.2503867	0.3408394	0.3296165
3232988351.2641554	0.2011752	0.2440262	0.1730312	0.2729372	0.1222410	0.2320419	0.2518761	0.2849081	0.2261581	0.3145489	0.2633882	0.2647300	0.1489606	0.2503986	0.3408481	0.3296251
3232988351.2740436	0.2011618	0.2440265	0.1730366	0.2729508	0.1222419	0.2320521	0.2518895	0.2849056	0.2261520	0.3145486	0.2634019	0.2647346	0.1489563	0.2504221	0.3408171	0.3296123
3232988351.2839303	0.2011724	0.2440285	0.1730304	0.2729588	0.1222408	0.2320514	0.2518995	0.2849085	0.2261485	0.3145458	0.2634015	0.2647201	0.1489524	0.2503979	0.3408155	0.3296092
3232988351.2938185	0.2011710	0.2440189	0.1730175	0.2729572	0.1222469	0.2320530	0.2518878	0.2849089	0.2261620	0.3145481	0.2633773	0.2647078	0.1489370	0.2504021	0.3408159	0.3296060
3232988351.3037066	0.2011787	0.2440267	0.1730281	0.2729801	0.1222231	0.2320300	0.2518807	0.2849205	0.2261545	0.3145414	0.2633881	0.2647183	0.1489663	0.2504009	0.3408035	0.3296307
3232988351.3135948	0.2011723	0.2440182	0.1730175	0.2729674	0.1222243	0.2320600	0.2518982	0.2849034	0.2261427	0.3145411	0.2633815	0.2647205	0.1489708	0.2504033	0.3408080	0.3296166
3232988351.3234830	0.2011656	0.2440230	0.1730086	0.2729555	0.1222384	0.2320380	0.2518732	0.2849026	0.2261545	0.3145188	0.2633921	0.2647128	0.1489568	0.2504190	0.3407974	0.3296230
3232988351.3333712	0.2011742	0.2440241	0.1730360	0.2729706	0.1222227	0.2320703	0.2518871	0.2849176	0.2261498	0.3145371	0.2633813	0.2647274	0.1489771	0.2504122	0.3408138	0.3296366
3232988351.3432593	0.2011739	0.2440352	0.1730153	0.2729627	0.1222371	0.2320550	0.2518995	0.2849105	0.2261399	0.3145463	0.2633933	0.2647226	0.1489674	0.2504013	0.3408019	0.3296321
3232988351.3531475	0.2011622	0.2440375	0.1730297	0.2729546	0.1222168	0.2320695	0.2518953	0.2849164	0.2261314	0.3145384	0.2633757	0.2647249	0.1489545	0.2504005	0.3408220	0.3296298
3232988351.3630357	0.2011714	0.2440418	0.1730241	0.2729566	0.1222360	0.2320800	0.2518913	0.2849268	0.2261547	0.3145307	0.2633962	0.2647228	0.1489472	0.2504046	0.3408069	0.3296381
3232988351.3729238	0.2011710	0.2440225	0.1730151	0.2729423	0.1222180	0.2320443	0.2518760	0.2849141	0.2261485	0.3145475	0.2633852	0.2647310	0.1489414	0.2504234	0.3408165	0.3296513
3232988351.3828101	0.2011861	0.2440272	0.1730351	0.2729449	0.1222366	0.2320607	0.2519069	0.2849212	0.2261496	0.3145377	0.2633849	0.2647160	0.1489524	0.2503919	0.3408272	0.3296367
3232988351.3926983	0.2011898	0.2440261	0.1730360	0.2729604	0.1222396	0.2320497	0.2518960	0.2849327	0.2261414	0.3145541	0.2633888	0.2647333	0.1489491	0.2504153	0.3408040	0.3296423
3232988351.4025865	0.2011686	0.2440225	0.1730181	0.2729512	0.1222148	0.2320633	0.2518948	0.2849205	0.2261628	0.3145592	0.2633751	0.2647447	0.1489606	0.2504048	0.3407975	0.3296530
3232988351.4124746	0.2011715	0.2440267	0.1730308	0.2729453	0.1222288	0.2320387	0.2518844	0.2849115	0.2261574	0.3145452	0.2633865	0.2647421	0.1489681	0.2504400	0.3408153	0.3296410
3232988351.4223628	0.2011808	0.2440449	0.1730266	0.2729675	0.1222277	0.2320470	0.2518915	0.2849241	0.2261450	0.3145300	0.2633800	0.2647254	0.1489702	0.2504192	0.3408417	0.3296412
3232988351.4322510	0.2011609	0.2440224	0.1730226	0.2729607	0.1222201	0.2320479	0.2518785	0.2849275	0.2261540	0.3145506	0.2633882	0.2647381	0.1489620	0.2504246	0.3408150	0.3296390
3232988351.4421391	0.2011757	0.2440411	0.1730297	0.2729576	0.1222157	0.2320543	0.2519005	0.2849236	0.2261348	0.3145419	0.2633771	0.2647365	0.1489672	0.2504206	0.3408158	0.3296396
3232988351.4520273	0.2011587	0.2440421	0.1730472	0.2729601	0.1222530	0.2320523	0.2518910	0.2849036	0.2261699	0.3145510	0.2633793	0.2647438	0.1489730	0.2504233	0.3408092	0.3296440
3232988351.4619155	0.2011666	0.2440308	0.1730410	0.2729499	0.1222331	0.2320623	0.2518966	0.2849222	0.2261619	0.3145386	0.2633757	0.2647386	0.1489686	0.2504168	0.3408288	0.3296241
3232988351.4718037	0.2011648	0.2440361	0.1730336	0.2729513	0.1222343	0.2320433	0.2518804	0.2849127	0.2261410	0.3145528	0.2633713	0.2647257	0.1489627	0.2504141	0.3408207	0.3296286
3232988351.4816899	0.2011796	0.2440241	0.1730186	0.2729575	0.1222355	0.2320358	0.2518938	0.2849209	0.2261583	0.3145368	0.2633824	0.2647281	0.1489483	0.2503986	0.3408179	0.3296474
3232988351.4915781	0.2011792	0.2440308	0.1730286	0.2729582	0.1222346	0.2320477	0.2518990	0.2849009	0.2261398	0.3145422	0.2633750	0.2647449	0.1489557	0.2504086	0.3408102	0.3296312
3232988351.5014663	0.2011797	0.2440303	0.1730412	0.2729660	0.1222428	0.2320683	0.2519168	0.2849132	0.2261510	0.3145365	0.2633743	0.2647278	0.1489675	0.2504066	0.3408110	0.3296336
3232988351.5113544	0.2011691	0.2440473	0.1730292	0.2729694	0.1222364	0.2320512	0.2518891	0.2849176	0.2261743	0.3145612	0.2633728	0.2647329	0.1489672	0.2504174	0.3408139	0.3296408
3232988351.5212426	0.2011875	0.2440372	0.1730156	0.2729748	0.1222284	0.2320559	0.2518928	0.2849165	0.2261322	0.3145412	0.2633759	0.2647308	0.1489550	0.2504059	0.3408129	0.3296270
3232988351.5311308	0.2011782	0.2440329	0.1730515	0.2729632	0.1222401	0.2320643	0.2518865	0.2849017	0.2261422	0.3145525	0.2633869	0.2647366	0.1489748	0.2504128	0.3408149	0.3296344
3232988351.5410190	0.2011695	0.2440354	0.1730352	0.2729515	0.1222233	0.2320694	0.2519057	0.2849246	0.2261473	0.3145370	0.2633913	0.2647424	0.1489674	0.2504228	0.3408230	0.3296321
3232988351.5509071	0.2011741	0.2440448	0.1730356	0.2729751	0.1222392	0.2320559	0.2519148	0.2849310	0.2261662	0.3145498	0.2633846	0.2647450	0.1489662	0.2504133	0.3408276	0.3296335
3232988351.5607953	0.2011813	0.2440288	0.1730230	0.2729711	0.1222240	0.2320542	0.2519128	0.2849205	0.2261374	0.3145677	0.2633872	0.2647243	0.1489669	0.2504049	0.3408084	0.3296452
3232988351.5706835	0.2011762	0.2440471	0.1730267	0.2729660	0.1222385	0.2320582	0.2518951	0.2849212	0.2261480	0.3145463	0.2633806	0.2647391	0.1489530	0.2504028	0.3408103	0.3296350
3232988351.5805702	0.2011770	0.2440467	0.1730285	0.2729654	0.1222279	0.2320587	0.2518745	0.2849254	0.2261558	0.3145594	0.2633924	0.2647270	0.1489635	0.2504225	0.3408107	0.3296517
3232988351.5904584	0.2011788	0.2440525	0.1730392	0.2729452	0.1222330	0.2320569	0.2518871	0.2849155	0.2261450	0.3145615	0.2633728	0.2647387	0.1489729	0.2504299	0.3408099	0.3296411
3232988351.6003466	0.2011671	0.2440375	0.1730435	0.2729913	0.1222422	0.2320563	0.2519023	0.2849242	0.2261626	0.3145567	0.2633758	0.2647404	0.1489446	0.2504175	0.3408210	0.3296462
3232988351.6102347	0.2011683	0.2440481	0.1730216	0.2729650	0.1222342	0.2320864	0.2518756	0.2849137	0.2261542	0.3145550	0.2633824	0.2647553	0.1489517	0.2504351	0.3408251	0.3296359
3232988351.6201229	0.2011799	0.2440280	0.1730167	0.2729629	0.1222354	0.2320689	0.2518922	0.2849329	0.2261493	0.3145527	0.2633852	0.2647402	0.1489659	0.2504077	0.3408125	0.3296618
3232988351.6300111	0.2011632	0.2440451	0.1730212	0.2729664	0.1222282	0.2320602	0.2518797	0.2849136	0.2261495	0.3145497	0.2633804	0.2647316	0.1489592	0.2504267	0.3408000	0.3296336
3232988351.6398993	0.2011662	0.2440469	0.1730363	0.2729545	0.1222177	0.2320566	0.2518731	0.2849313	0.2261552	0.3145524	0.2633969	0.2647475	0.1489632	0.2504238	0.3408197	0.3296452
3232988351.6497874	0.2011844	0.2440365	0.1730370	0.2729634	0.1222347	0.2320606	0.2518818	0.2849231	0.2261543	0.3145386	0.2633986	0.2647285	0.1489532	0.2504182	0.3408326	0.3296540
3232988351.6596756	0.2011731	0.2440227	0.1730272	0.2729640	0.1222298	0.2320685	0.2519056	0.2849175	0.2261426	0.3145737	0.2633957	0.2647362	0.1489647	0.2504239	0.3408034	0.3296386
3232988351.6695638	0.2011576	0.2440406	0.1730238	0.2729586	0.1222317	0.2320656	0.2518925	0.2849345	0.2261774	0.3145651	0.2633861	0.2647435	0.1489513	0.2504363	0.3408174	0.3296407
3232988351.6794500	0.2011796	0.2440487	0.1730171	0.2729681	0.1222160	0.2320646	0.2518893	0.2849404	0.2261530	0.3145598	0.2633788	0.2647533	0.1489584	0.2504070	0.3408150	0.3296376
3232988351.6893382	0.2011614	0.2440475	0.1730179	0.2729555	0.1222382	0.2320547	0.2518931	0.2849321	0.2261529	0.3145503	0.2633904	0.2647224	0.1489566	0.2504171	0.3408325	0.3296549
3232988351.6992264	0.2011631	0.2440354	0.1730197	0.2729533	0.1222118	0.2320538	0.2518793	0.2849182	0.2261519	0.3145324	0.2633881	0.2647385	0.1489655	0.2504294	0.3408189	0.3296322
3232988351.7091145	0.2011755	0.2440463	0.1730099	0.2729790	0.1222301	0.2320650	0.2518819	0.2849164	0.2261559	0.3145535	0.2633810	0.2647264	0.1489564	0.2504126	0.3408268	0.3296297
3232988351.7190027	0.2011665	0.2440361	0.1730143	0.2729554	0.1222214	0.2320579	0.2518780	0.2849253	0.2261556	0.3145501	0.2633853	0.2647560	0.1489611	0.2504185	0.3408152	0.3296251
3232988351.7288909	0.2011666	0.2440445	0.1730350	0.2729803	0.1222205	0.2320736	0.2518896	0.2849325	0.2261405	0.3145688	0.2633812	0.2647212	0.1489722	0.2504130	0.3408150	0.3296587
3232988351.7387791	0.2011633	0.2440223	0.1730220	0.2729714	0.1222337	0.2320610	0.2518701	0.2849111	0.2261664	0.3145433	0.2633793	0.2647481	0.1489558	0.2504176	0.3408352	0.3296351
3232988351.7486672	0.2011662	0.2440392	0.1730152	0.2729630	0.1222290	0.2320691	0.2518913	0.2849055	0.2261499	0.3145676	0.2633733	0.2647507	0.1489409	0.2504094	0.3408225	0.3296401
3232988351.7585554	0.2011703	0.2440358	0.1730404	0.2729573	0.1222209	0.2320627	0.2518811	0.2849022	0.2261466	0.3145508	0.2633931	0.2647530	0.1489827	0.2504113	0.3408287	0.3296361
3232988351.7684436	0.2011637	0.2440420	0.1730291	0.2729676	0.1222456	0.2320849	0.2518828	0.2849216	0.2261607	0.3145581	0.2633855	0.2647385	0.1489653	0.2504190	0.3408144	0.3296332
3232988351.7783303	0.2011717	0.2440318	0.1730134	0.2729611	0.1222491	0.2320694	0.2518967	0.2849269	0.2261683	0.3145481	0.2633709	0.2647477	0.1489573	0.2504240	0.3408338	0.3296356
3232988351.7882185	0.2011656	0.2440376	0.1730379	0.2729565	0.1222480	0.2320527	0.2518928	0.2849143	0.2261680	0.3145608	0.2633803	0.2647309	0.1489604	0.2504312	0.3408136	0.3296287
3232988351.7981067	0.2011737	0.2440267	0.1730175	0.2729542	0.1222221	0.2320576	0.2518696	0.2849251	0.2261492	0.3145443	0.2633991	0.2647329	0.1489493	0.2504171	0.3408172	0.3296408
3232988351.8079948	0.2011684	0.2440397	0.1730295	0.2729762	0.1222315	0.2320633	0.2518929	0.2849152	0.2261538	0.3145622	0.2633764	0.2647518	0.1489500	0.2504237	0.3408340	0.3296338
3232988351.8178830	0.2011670	0.2440292	0.1730409	0.2729788	0.1222239	0.2320571	0.2518936	0.2849193	0.2261596	0.3145682	0.2633936	0.2647281	0.1489696	0.2504455	0.3408231	0.3296519
3232988351.8277712	0.2011802	0.2440309	0.1730184	0.2729683	0.1222324	0.2320462	0.2518851	0.2849013	0.2261664	0.3145598	0.2633910	0.2647366	0.1489613	0.2504309	0.3408299	0.3296495
3232988351.8376594	0.2011634	0.2440463	0.1730455	0.2729655	0.1222215	0.2320497	0.2518775	0.2849288	0.2261371	0.3145606	0.2633829	0.2647395	0.1489715	0.2504271	0.3408216	0.3296439
3232988351.8475475	0.2011751	0.2440347	0.1730176	0.2729684	0.1222261	0.2320530	0.2518777	0.2849203	0.2261485	0.3145592	0.2633845	0.2647366	0.1489517	0.2504227	0.3408148	0.3296417
3232988351.8574357	0.2011685	0.2440362	0.1730338	0.2729795	0.1222381	0.2320435	0.2518884	0.2849196	0.2261608	0.3145495	0.2633839	0.2647428	0.1489557	0.2504350	0.3408180	0.3296283
3232988351.8673239	0.2011866	0.2440440	0.1730467	0.2729817	0.1222493	0.2320676	0.2518853	0.2849000	0.2261651	0.3145513	0.2633874	0.2647333	0.1489680	0.2504295	0.3408196	0.3296343
3232988351.8772101	0.2011615	0.2440369	0.1730447	0.2729544	0.1222386	0.2320613	0.2519031	0.2849113	0.2261324	0.3145482	0.2633869	0.2647513	0.1489600	0.2504310	0.3408108	0.3296366
3232988351.8870983	0.2011678	0.2440187	0.1730236	0.2729665	0.1222337	0.2320661	0.2518868	0.2849229	0.2261431	0.3145538	0.2633740	0.2647331	0.1489502	0.2504184	0.3408199	0.3296534
3232988351.8969865	0.2011829	0.2440147	0.1730307	0.2729465	0.1222330	0.2320402	0.2518792	0.2849333	0.2261458	0.3145555	0.2633760	0.2647442	0.1489644	0.2504133	0.3408267	0.3296611
3232988351.9068747	0.2011680	0.2440575	0.1730329	0.2729718	0.1222220	0.2320464	0.2518980	0.2849258	0.2261532	0.3145568	0.2633804	0.2647279	0.1489582	0.2504242	0.3408189	0.3296462
3232988351.9167628	0.2011885	0.2440325	0.1730300	0.2729535	0.1222371	0.2320671	0.2518988	0.2849073	0.2261540	0.3145453	0.2633770	0.2647545	0.1489677	0.2504116	0.3408111	0.3296425
3232988351.9266510	0.2011662	0.2440432	0.1730214	0.2729830	0.1222365	0.2320556	0.2519013	0.2849263	0.2261543	0.3145544	0.2633848	0.2647264	0.1489405	0.2504166	0.3408234	0.3296414
3232988351.9365392	0.2011726	0.2440329	0.1730299	0.2729619	0.1222270	0.2320522	0.2519020	0.2849251	0.2261415	0.3145329	0.2633832	0.2647195	0.1489662	0.2504164	0.3408165	0.3296458
3232988351.9464273	0.2011607	0.2440450	0.1730084	0.2729612	0.1222502	0.2320579	0.2518679	0.2849137	0.2261505	0.3145479	0.2633990	0.2647468	0.1489575	0.2504097	0.3408278	0.3296415
3232988351.9563155	0.2011627	0.2440349	0.1730317	0.2729462	0.1222227	0.2320594	0.2518910	0.2849062	0.2261630	0.3145610	0.2633970	0.2647499	0.1489626	0.2503932	0.3408192	0.3296614
3232988351.9662037	0.2011870	0.2440158	0.1730291	0.2729884	0.1222500	0.2320660	0.2518862	0.2849303	0.2261547	0.3145518	0.2633873	0.2647299	0.1489493	0.2504169	0.3408095	0.3296328
3232988351.9760900	0.2011729	0.2440320	0.1730347	0.2729528	0.1222221	0.2320571	0.2518687	0.2849166	0.2261376	0.3145365	0.2633858	0.2647425	0.1489660	0.2504229	0.3408089	0.3296262
3232988351.9859781	0.2011764	0.2440265	0.1730354	0.2729561	0.1222359	0.2320614	0.2518967	0.2849192	0.2261539	0.3145533	0.2633888	0.2647241	0.1489542	0.2504188	0.3408134	0.3296494
3232988351.9958663	0.2011739	0.2440244	0.1730327	0.2729493	0.1222371	0.2320724	0.2519139	0.2849023	0.2261666	0.3145578	0.2634006	0.2647231	0.1489688	0.2504269	0.3408324	0.3296342
3232988352.0057545	0.2011801	0.2440283	0.1730208	0.2729551	0.1222350	0.2320552	0.2518892	0.2849063	0.2261486	0.3145404	0.2633958	0.2647170	0.1489661	0.2504067	0.3408142	0.3296452
3232988352.0156426	0.2011716	0.2440197	0.1730186	0.2729549	0.1222047	0.2320635	0.2518877	0.2849049	0.2261607	0.3145592	0.2633789	0.2647355	0.1489522	0.2504151	0.3408325	0.3296529
3232988352.0255308	0.2011700	0.2440323	0.1730285	0.2729727	0.1222199	0.2320510	0.2518895	0.2849364	0.2261584	0.3145452	0.2633789	0.2647249	0.1489709	0.2504111	0.3408349	0.3296461
3232988352.0354190	0.2011922	0.2440217	0.1730308	0.2729466	0.1222425	0.2320697	0.2518933	0.2849092	0.2261653	0.3145445	0.2633758	0.2647229	0.1489473	0.2504179	0.3408170	0.3296358
3232988352.0453072	0.2011690	0.2440380	0.1730331	0.2729530	0.1222260	0.2320663	0.2518790	0.2848979	0.2261456	0.3145432	0.2633893	0.2647283	0.1489480	0.2504031	0.3408077	0.3296391
3232988352.0551953	0.2011617	0.2440325	0.1730330	0.2729512	0.1222406	0.2320550	0.2519018	0.2849195	0.2261548	0.3145507	0.2633861	0.2647210	0.1489515	0.2504148	0.3408040	0.3296339
3232988352.0650835	0.2011930	0.2440180	0.1730206	0.2729602	0.1222364	0.2320420	0.2518783	0.2849022	0.2261685	0.3145702	0.2633945	0.2647502	0.1489547	0.2504096	0.3408167	0.3296386
3232988352.0749702	0.2011590	0.2440342	0.1730191	0.2729550	0.1222523	0.2320642	0.2519056	0.2849217	0.2261578	0.3145471	0.2633856	0.2647008	0.1489725	0.2504219	0.3408242	0.3296313
3232988352.0848584	0.2011766	0.2440237	0.1730358	0.2729586	0.1222324	0.2320487	0.2518933	0.2849153	0.2261594	0.3145345	0.2634096	0.2647268	0.1489509	0.2504171	0.3408237	0.3296499
3232988352.0947466	0.2011893	0.2440391	0.1730227	0.2729523	0.1222403	0.2320493	0.2518943	0.2849046	0.2261474	0.3145363	0.2633912	0.2647216	0.1489605	0.2504178	0.3408394	0.3296399
3232988352.1046348	0.2011676	0.2440260	0.1730382	0.2729439	0.1222242	0.2320595	0.2518941	0.2849138	0.2261500	0.3145540	0.2633830	0.2647205	0.1489765	0.2503878	0.3408153	0.3296376
3232988352.1145229	0.2011759	0.2440381	0.1730136	0.2729726	0.1222213	0.2320478	0.2518750	0.2849101	0.2261375	0.3145386	0.2633858	0.2647316	0.1489512	0.2504347	0.3408203	0.3296286
3232988352.1244111	0.2011737	0.2440387	0.1730239	0.2729478	0.1222292	0.2320427	0.2519010	0.2849090	0.2261592	0.3145587	0.2633952	0.2647238	0.1489583	0.2504142	0.3408201	0.3296437
3232988352.1342993	0.2011621	0.2440327	0.1730374	0.2729702	0.1222319	0.2320549	0.2518978	0.2849071	0.2261567	0.3145407	0.2633935	0.2647207	0.1489531	0.2504228	0.3408292	0.3296287
3232988352.1441874	0.2011762	0.2440225	0.1730325	0.2729541	0.1222563	0.2320448	0.2519015	0.2849221	0.2261508	0.3145390	0.2633855	0.2647312	0.1489680	0.2504184	0.3408236	0.3296216
3232988352.1540756	0.2011738	0.2440113	0.1730189	0.2729475	0.1222508	0.2320598	0.2519009	0.2849326	0.2261678	0.3145264	0.2633808	0.2647207	0.1489675	0.2504158	0.3408392	0.3296102
3232988352.1639638	0.2011708	0.2440274	0.1730345	0.2729321	0.1222400	0.2320593	0.2518811	0.2848935	0.2261588	0.3145477	0.2633873	0.2647291	0.1489433	0.2504071	0.3408248	0.3296356
3232988352.1738501	0.2011845	0.2440449	0.1730409	0.2729587	0.1222295	0.2320566	0.2518860	0.2848879	0.2261510	0.3145443	0.2633721	0.2647025	0.1489681	0.2504066	0.3408395	0.3296320
3232988352.1837382	0.2011754	0.2440281	0.1730406	0.2729420	0.1222558	0.2320530	0.2519112	0.2848973	0.2261459	0.3145425	0.2633773	0.2647341	0.1489744	0.2504149	0.3408371	0.3296237
3232988352.1936264	0.2011624	0.2440245	0.1730198	0.2729491	0.1222347	0.2320656	0.2519262	0.2849039	0.2261640	0.3145280	0.2633882	0.2647246	0.1489686	0.2504078	0.3408324	0.3296428
3232988352.2035146	0.2011721	0.2440215	0.1730558	0.2729430	0.1222345	0.2320451	0.2518948	0.2849029	0.2261671	0.3145541	0.2634099	0.2647193	0.1489499	0.2504223	0.3408360	0.3296139
3232988352.2134027	0.2011767	0.2440235	0.1730227	0.2729334	0.1222485	0.2320582	0.2519009	0.2848842	0.2261675	0.3145374	0.2633856	0.2647022	0.1489618	0.2504130	0.3408330	0.3296233
3232988352.2232909	0.2011883	0.2440446	0.1730293	0.2729477	0.1222472	0.2320512	0.2518989	0.2848930	0.2261635	0.3145390	0.2633838	0.2647252	0.1489419	0.2504072	0.3408186	0.3296467
3232988352.2331791	0.2011773	0.2440286	0.1730487	0.2729555	0.1222350	0.2320369	0.2518967	0.2849176	0.2261726	0.3145353	0.2633869	0.2647218	0.1489610	0.2504096	0.3408287	0.3296340
3232988352.2430673	0.2011693	0.2440398	0.1730410	0.2729375	0.1222400	0.2320597	0.2518906	0.2849277	0.2261482	0.3145493	0.2634061	0.2647172	0.1489565	0.2504098	0.3408122	0.3296374
3232988352.2529554	0.2011683	0.2440153	0.1730410	0.2729581	0.1222382	0.2320471	0.2518983	0.2849037	0.2261546	0.3145503	0.2634042	0.2647314	0.1489554	0.2504111	0.3408405	0.3296251
3232988352.2628436	0.2011572	0.2440207	0.1730239	0.2729465	0.1222505	0.2320383	0.2518989	0.2849163	0.2261584	0.3145411	0.2633695	0.2647259	0.1489625	0.2504108	0.3408314	0.3296145
3232988352.2727299	0.2011773	0.2440195	0.1730245	0.2729403	0.1222510	0.2320397	0.2518845	0.2848890	0.2261539	0.3145184	0.2633920	0.2647232	0.1489639	0.2504167	0.3408362	0.3296166
3232988352.2826180	0.2011731	0.2440085	0.1730308	0.2729309	0.1222330	0.2320572	0.2519067	0.2849165	0.2261551	0.3145466	0.2633999	0.2647225	0.1489534	0.2504154	0.3408234	0.3296229
3232988352.2925062	0.2011987	0.2440221	0.1730480	0.2729491	0.1222357	0.2320421	0.2519063	0.2849185	0.2261520	0.3145339	0.2633918	0.2647218	0.1489385	0.2504032	0.3408335	0.3296361
3232988352.3023944	0.2011620	0.2440342	0.1730410	0.2729532	0.1222225	0.2320427	0.2518958	0.2849194	0.2261511	0.3145422	0.2633874	0.2647056	0.1489752	0.2504046	0.3408270	0.3296290
3232988352.3122826	0.2011693	0.2440206	0.1730452	0.2729403	0.1222210	0.2320627	0.2518848	0.2848946	0.2261581	0.3145352	0.2633970	0.2647217	0.1489525	0.2504017	0.3408341	0.3296170
3232988352.3221707	0.2011761	0.2440086	0.1730214	0.2729452	0.1222244	0.2320460	0.2519035	0.2848934	0.2261685	0.3145166	0.2633982	0.2647164	0.1489672	0.2504173	0.3408258	0.3296108
3232988352.3320589	0.2011824	0.2440105	0.1730280	0.2729453	0.1222323	0.2320351	0.2518865	0.2849260	0.2261578	0.3145234	0.2634053	0.2647111	0.1489510	0.2504013	0.3408461	0.3296296
3232988352.3419471	0.2011898	0.2440263	0.1730431	0.2729295	0.1222468	0.2320459	0.2519063	0.2849207	0.2261664	0.3145284	0.2633962	0.2647128	0.1489651	0.2504124	0.3408344	0.3296282
3232988352.3518352	0.2011846	0.2440217	0.1730207	0.2729386	0.1222297	0.2320417	0.2519017	0.2849206	0.2261624	0.3145449	0.2633891	0.2647123	0.1489732	0.2504045	0.3408497	0.3296084
3232988352.3617234	0.2011599	0.2440148	0.1730226	0.2729445	0.1222565	0.2320456	0.2518804	0.2849031	0.2261594	0.3145221	0.2633981	0.2647253	0.1489693	0.2503951	0.3408204	0.3296208
3232988352.3716102	0.2011663	0.2440189	0.1730334	0.2729316	0.1222455	0.2320400	0.2518992	0.2849065	0.2261663	0.3145354	0.2633944	0.2647303	0.1489731	0.2503860	0.3408278	0.3296258
3232988352.3814983	0.2011822	0.2440126	0.1730326	0.2729631	0.1222295	0.2320283	0.2518981	0.2849207	0.2261586	0.3145234	0.2634054	0.2647168	0.1489752	0.2504034	0.3408285	0.3296234
3232988352.3913865	0.2011928	0.2440262	0.1730247	0.2729370	0.1222441	0.2320528	0.2518950	0.2848905	0.2261671	0.3145316	0.2634061	0.2647250	0.1489545	0.2503976	0.3408410	0.3296083
3232988352.4012747	0.2011825	0.2440311	0.1730374	0.2729654	0.1222415	0.2320482	0.2518947	0.2849136	0.2261635	0.3145306	0.2634034	0.2647003	0.1489716	0.2503952	0.3408405	0.3296116
3232988352.4111629	0.2011862	0.2440217	0.1730534	0.2729433	0.1222430	0.2320708	0.2519053	0.2849072	0.2261470	0.3145264	0.2633859	0.2647239	0.1489774	0.2504047	0.3408294	0.3296113
3232988352.4210510	0.2011601	0.2440319	0.1730385	0.2729361	0.1222273	0.2320738	0.2518874	0.2849011	0.2261557	0.3145595	0.2633860	0.2647179	0.1489570	0.2503960	0.3408379	0.3296172
3232988352.4309392	0.2011950	0.2440105	0.1730315	0.2729399	0.1222432	0.2320389	0.2518884	0.2848892	0.2261616	0.3145278	0.2634062	0.2647116	0.1489682	0.2503978	0.3408453	0.3296166
3232988352.4408274	0.2011718	0.2440039	0.1730447	0.2729365	0.1222513	0.2320130	0.2519074	0.2848997	0.2261585	0.3145173	0.2633889	0.2647134	0.1489608	0.2503918	0.3408402	0.3296351
3232988352.4507155	0.2011943	0.2440266	0.1730411	0.2729428	0.1222381	0.2320472	0.2518996	0.2848944	0.2261786	0.3145317	0.2633948	0.2646865	0.1489742	0.2504063	0.3408274	0.3296147
3232988352.4606037	0.2011882	0.2439971	0.1730388	0.2729540	0.1222382	0.2320476	0.2518984	0.2849037	0.2261587	0.3145325	0.2633938	0.2647265	0.1489740	0.2503984	0.3408386	0.3296239
3232988352.4704900	0.2011819	0.2440241	0.1730354	0.2729331	0.1222261	0.2320462	0.2518983	0.2848933	0.2261675	0.3145268	0.2633789	0.2647120	0.1489673	0.2504062	0.3408262	0.3295928
3232988352.4803781	0.2011809	0.2440107	0.1730347	0.2729585	0.1222380	0.2320287	0.2518906	0.2848866	0.2261528	0.3145258	0.2634016	0.2647118	0.1489549	0.2503769	0.3408573	0.3296194
3232988352.4902663	0.2011718	0.2440253	0.1730175	0.2729295	0.1222472	0.2320467	0.2519044	0.2849075	0.2261594	0.3145218	0.2633985	0.2646997	0.1489618	0.2503953	0.3408389	0.3296005
3232988352.5001545	0.2011714	0.2440177	0.1730392	0.2729422	0.1222360	0.2320456	0.2519067	0.2849108	0.2261560	0.3145264	0.2634066	0.2646917	0.1489833	0.2503928	0.3408234	0.3296206
3232988352.5100427	0.2011934	0.2440274	0.1730434	0.2729567	0.1222467	0.2320592	0.2519120	0.2849053	0.2261698	0.3145310	0.2633920	0.2647025	0.1489673	0.2504043	0.3408354	0.3296137
3232988352.5199308	0.2011860	0.2440152	0.1730230	0.2729265	0.1222244	0.2320384	0.2519029	0.2848923	0.2261480	0.3145323	0.2634059	0.2647062	0.1489738	0.2503923	0.3408600	0.3296010
3232988352.5298190	0.2011956	0.2440214	0.1730362	0.2729502	0.1222277	0.2320452	0.2518819	0.2848888	0.2261658	0.3145375	0.2633972	0.2647019	0.1489739	0.2503925	0.3408311	0.3296274
3232988352.5397072	0.2011839	0.2439994	0.1730420	0.2729377	0.1222365	0.2320454	0.2519069	0.2848761	0.2261590	0.3145293	0.2634211	0.2647162	0.1489843	0.2504031	0.3408300	0.3296060
3232988352.5495954	0.2011878	0.2440294	0.1730238	0.2729283	0.1222430	0.2320248	0.2519079	0.2848991	0.2261606	0.3145287	0.2634146	0.2647207	0.1489634	0.2503896	0.3408329	0.3296118
3232988352.5594835	0.2011861	0.2440242	0.1730450	0.2729375	0.1222256	0.2320348	0.2519137	0.2848963	0.2261569	0.3145366	0.2633856	0.2647081	0.1489684	0.2504019	0.3408310	0.3295901
3232988352.5693703	0.2011926	0.2440149	0.1730385	0.2729455	0.1222556	0.2320467	0.2519210	0.2848894	0.2261620	0.3145167	0.2633992	0.2647099	0.1489761	0.2503928	0.3408450	0.3296090
3232988352.5792584	0.2011796	0.2440183	0.1730495	0.2729553	0.1222490	0.2320400	0.2519084	0.2849149	0.2261520	0.3145386	0.2633769	0.2647174	0.1489640	0.2503835	0.3408369	0.3295992
3232988352.5891466	0.2011837	0.2440231	0.1730459	0.2729493	0.1222460	0.2320383	0.2519128	0.2848767	0.2261612	0.3145112	0.2633954	0.2646903	0.1489675	0.2504086	0.3408234	0.3296184
3232988352.5990348	0.2011870	0.2440193	0.1730506	0.2729253	0.1222254	0.2320498	0.2519242	0.2849144	0.2261546	0.3145359	0.2634002	0.2647323	0.1489568	0.2503994	0.3408205	0.3295937
3232988352.6089230	0.2011743	0.2440168	0.1730274	0.2729508	0.1222375	0.2320335	0.2518996	0.2849046	0.2261752	0.3145251	0.2633979	0.2647056	0.1489660	0.2503806	0.3408306	0.3296148
3232988352.6188111	0.2011852	0.2440084	0.1730467	0.2729406	0.1222499	0.2320566	0.2519074	0.2848925	0.2261726	0.3145274	0.2634164	0.2647123	0.1489555	0.2503955	0.3408312	0.3296117
3232988352.6286993	0.2011830	0.2440170	0.1730191	0.2729340	0.1222378	0.2320218	0.2519125	0.2848911	0.2261610	0.3145200	0.2634090	0.2647077	0.1489780	0.2503844	0.3408347	0.3296195
3232988352.6385875	0.2011851	0.2440210	0.1730382	0.2729390	0.1222342	0.2320421	0.2518997	0.2849064	0.2261445	0.3145213	0.2633966	0.2646998	0.1489678	0.2504002	0.3408275	0.3295892
3232988352.6484756	0.2011782	0.2440042	0.1730545	0.2729207	0.1222324	0.2320355	0.2519099	0.2848800	0.2261583	0.3145036	0.2633911	0.2647131	0.1489830	0.2503951	0.3408398	0.3295972
3232988352.6583638	0.2011909	0.2440174	0.1730419	0.2729400	0.1222554	0.2320532	0.2518928	0.2848961	0.2261557	0.3145172	0.2634067	0.2647048	0.1489698	0.2503805	0.3408375	0.3296243
3232988352.6682501	0.2012071	0.2440248	0.1730444	0.2729294	0.1222410	0.2320389	0.2519114	0.2848872	0.2261637	0.3145195	0.2634135	0.2646966	0.1489635	0.2503899	0.3408378	0.3295961
3232988352.6781383	0.2011720	0.2440229	0.1730298	0.2729361	0.1222540	0.2320257	0.2519136	0.2848753	0.2261627	0.3145337	0.2634153	0.2647099	0.1489713	0.2503997	0.3408352	0.3296027
3232988352.6880264	0.2011877	0.2440189	0.1730394	0.2729277	0.1222319	0.2320386	0.2518827	0.2849019	0.2261504	0.3145315	0.2634055	0.2646961	0.1489636	0.2503970	0.3408195	0.3295969
3232988352.6979146	0.2011882	0.2440149	0.1730412	0.2729389	0.1222565	0.2320247	0.2518990	0.2848970	0.2261557	0.3145082	0.2633986	0.2646999	0.1489677	0.2504058	0.3408282	0.3296044
3232988352.7078028	0.2011962	0.2440065	0.1730394	0.2729255	0.1222500	0.2320388	0.2519154	0.2848795	0.2261533	0.3145026	0.2633998	0.2647008	0.1489724	0.2504036	0.3408442	0.3295893
3232988352.7176909	0.2011920	0.2440189	0.1730451	0.2729390	0.1222567	0.2320316	0.2519213	0.2848980	0.2261585	0.3145277	0.2633916	0.2647045	0.1489651	0.2503966	0.3408458	0.3296048
3232988352.7275791	0.2011854	0.2440165	0.1730463	0.2729528	0.1222589	0.2320445	0.2518912	0.2848817	0.2261548	0.3145282	0.2634033	0.2646958	0.1489696	0.2503920	0.3408372	0.3295843
3232988352.7374673	0.2011877	0.2440052	0.1730300	0.2729341	0.1222371	0.2320503	0.2519234	0.2848991	0.2261577	0.3145315	0.2633956	0.2647039	0.1489519	0.2503776	0.3408319	0.3296130
3232988352.7473555	0.2011696	0.2440033	0.1730254	0.2729273	0.1222303	0.2320443	0.2519001	0.2848813	0.2261546	0.3145363	0.2633905	0.2647080	0.1489777	0.2503617	0.3408526	0.3295843
3232988352.7572436	0.2011981	0.2440005	0.1730355	0.2729367	0.1222512	0.2320449	0.2518968	0.2848852	0.2261607	0.3145222	0.2634057	0.2647008	0.1489895	0.2503768	0.3408412	0.3296075
3232988352.7671299	0.2011896	0.2440038	0.1730329	0.2729313	0.1222421	0.2320497	0.2519201	0.2848946	0.2261579	0.3145212	0.2634071	0.2647127	0.1489712	0.2503775	0.3408269	0.3296045
3232988352.7770181	0.2012091	0.2440048	0.1730514	0.2729536	0.1222404	0.2320194	0.2519168	0.2848923	0.2261571	0.3145250	0.2633959	0.2647145	0.1489740	0.2503781	0.3408246	0.3296020
3232988352.7869062	0.2011743	0.2440061	0.1730497	0.2729334	0.1222401	0.2320268	0.2519091	0.2848742	0.2261651	0.3145126	0.2634045	0.2647077	0.1489659	0.2503812	0.3408407	0.3296016
3232988352.7967944	0.2011760	0.2440235	0.1730417	0.2729307	0.1222514	0.2320149	0.2518911	0.2848866	0.2261656	0.3145252	0.2633989	0.2647070	0.1489782	0.2504093	0.3408338	0.3296001
3232988352.8066826	0.2011849	0.2440241	0.1730390	0.2729045	0.1222331	0.2320332	0.2519045	0.2848970	0.2261618	0.3145071	0.2633931	0.2647186	0.1489690	0.2503883	0.3408402	0.3295988
3232988352.8165708	0.2011770	0.2439913	0.1730364	0.2729473	0.1222454	0.2320284	0.2519007	0.2848884	0.2261761	0.3145223	0.2633933	0.2646970	0.1489741	0.2503657	0.3408497	0.3296120
3232988352.8264589	0.2011786	0.2439983	0.1730397	0.2729340	0.1222492	0.2320340	0.2519200	0.2849093	0.2261825	0.3145145	0.2634106	0.2647044	0.1489659	0.2503902	0.3408426	0.3295908
3232988352.8363471	0.2011871	0.2440211	0.1730456	0.2729188	0.1222460	0.2320325	0.2519088	0.2849024	0.2261658	0.3145014	0.2634020	0.2646950	0.1489781	0.2503980	0.3408154	0.3295852
3232988352.8462353	0.2011881	0.2439961	0.1730321	0.2729168	0.1222399	0.2320427	0.2519030	0.2848919	0.2261655	0.3145117	0.2633904	0.2646965	0.1489691	0.2503760	0.3408276	0.3295809
3232988352.8561234	0.2011917	0.2440382	0.1730525	0.2729378	0.1222418	0.2320293	0.2519003	0.2848761	0.2261796	0.3145005	0.2634053	0.2646887	0.1489470	0.2503886	0.3408347	0.3295956
3232988352.8660102	0.2011744	0.2440031	0.1730405	0.2729272	0.1222344	0.2320296	0.2519123	0.2848688	0.2261621	0.3145174	0.2634094	0.2646880	0.1489723	0.2503800	0.3408378	0.3296123
3232988352.8758984	0.2011868	0.2439986	0.1730496	0.2729460	0.1222423	0.2320350	0.2518999	0.2848796	0.2261738	0.3145153	0.2634165	0.2646890	0.1489698	0.2503814	0.3408306	0.3296033
3232988352.8857865	0.2011771	0.2439975	0.1730429	0.2729482	0.1222444	0.2320485	0.2519012	0.2848963	0.2261655	0.3144993	0.2633924	0.2646919	0.1489820	0.2503908	0.3408514	0.3296168
3232988352.8956747	0.2011710	0.2440073	0.1730259	0.2729221	0.1222362	0.2320199	0.2519118	0.2848841	0.2261640	0.3145183	0.2634028	0.2647002	0.1489590	0.2503786	0.3408236	0.3296088
3232988352.9055629	0.2011784	0.2439936	0.1730255	0.2729344	0.1222438	0.2320377	0.2518969	0.2848833	0.2261617	0.3145072	0.2634120	0.2646891	0.1489771	0.2503728	0.3408418	0.3295908
3232988352.9154510	0.2011804	0.2440205	0.1730452	0.2729195	0.1222304	0.2320428	0.2519059	0.2849070	0.2261616	0.3145041	0.2634146	0.2646936	0.1489665	0.2503876	0.3408424	0.3296061
3232988352.9253392	0.2011929	0.2440095	0.1730458	0.2729107	0.1222605	0.2320384	0.2519225	0.2848821	0.2261766	0.3145129	0.2633958	0.2646951	0.1489662	0.2503960	0.3408394	0.3295912
3232988352.9352274	0.2011921	0.2440048	0.1730280	0.2729354	0.1222470	0.2320177	0.2519245	0.2848971	0.2261685	0.3145149	0.2633994	0.2646902	0.1489932	0.2503905	0.3408429	0.3295896
3232988352.9451156	0.2011926	0.2440001	0.1730287	0.2729318	0.1222417	0.2320182	0.2519054	0.2848899	0.2261507	0.3144974	0.2633948	0.2646873	0.1489521	0.2504047	0.3408485	0.3295868
3232988352.9550037	0.2011901	0.2440024	0.1730410	0.2729298	0.1222478	0.2320270	0.2519037	0.2848658	0.2261584	0.3145020	0.2633903	0.2646940	0.1489708	0.2503896	0.3408459	0.3296096
3232988352.9648900	0.2011862	0.2440106	0.1730327	0.2729239	0.1222353	0.2320236	0.2519148	0.2848765	0.2261774	0.3144994	0.2634159	0.2646859	0.1489774	0.2503859	0.3408441	0.3296016
3232988352.9747782	0.2011850	0.2440084	0.1730424	0.2729240	0.1222258	0.2320284	0.2519166	0.2848886	0.2261690	0.3145020	0.2633872	0.2646885	0.1489727	0.2503727	0.3408411	0.3295993
3232988352.9846663	0.2011863	0.2440153	0.1730552	0.2729291	0.1222389	0.2320224	0.2519048	0.2848935	0.2261528	0.3144987	0.2633906	0.2647000	0.1489695	0.2503899	0.3408386	0.3295938
3232988352.9945545	0.2011845	0.2440115	0.1730348	0.2729240	0.1222462	0.2320405	0.2519074	0.2848829	0.2261511	0.3145109	0.2633903	0.2646863	0.1489633	0.2503805	0.3408310	0.3295918
3232988353.0044427	0.2011868	0.2439883	0.1730305	0.2729089	0.1222520	0.2320348	0.2518909	0.2848871	0.2261629	0.3145351	0.2634028	0.2646935	0.1489799	0.2503639	0.3408366	0.3295824
3232988353.0143309	0.2011668	0.2440055	0.1730405	0.2729597	0.1222291	0.2320331	0.2519131	0.2848964	0.2261646	0.3145056	0.2633908	0.2646978	0.1489753	0.2503756	0.3408379	0.3295937
3232988353.0242190	0.2012019	0.2439957	0.1730500	0.2729220	0.1222234	0.2320396	0.2519119	0.2848746	0.2261663	0.3145008	0.2633840	0.2646980	0.1489711	0.2503757	0.3408473	0.3296001
3232988353.0341072	0.2011860	0.2440070	0.1730494	0.2729475	0.1222463	0.2320170	0.2519280	0.2848908	0.2261666	0.3145182	0.2634160	0.2646952	0.1489810	0.2503855	0.3408271	0.3295960
3232988353.0439954	0.2011877	0.2440029	0.1730288	0.2729325	0.1222394	0.2320305	0.2519172	0.2848767	0.2261656	0.3145112	0.2633892	0.2647037	0.1489852	0.2503817	0.3408607	0.3295809
3232988353.0538836	0.2011818	0.2440074	0.1730414	0.2729117	0.1222334	0.2320162	0.2519049	0.2848807	0.2261702	0.3144991	0.2634093	0.2646873	0.1489550	0.2503553	0.3408469	0.3296090
3232988353.0637703	0.2011833	0.2439753	0.1730381	0.2729133	0.1222227	0.2320072	0.2518946	0.2848813	0.2261638	0.3145168	0.2634056	0.2646996	0.1489625	0.2503715	0.3408455	0.3296067
3232988353.0736585	0.2011889	0.2439987	0.1730513	0.2729175	0.1222269	0.2320219	0.2518968	0.2848779	0.2261608	0.3145129	0.2634113	0.2646968	0.1489685	0.2503775	0.3408329	0.3295970
3232988353.0835466	0.2011873	0.2439924	0.1730627	0.2729164	0.1222380	0.2320383	0.2519244	0.2848830	0.2261697	0.3145047	0.2634089	0.2646731	0.1489738	0.2503734	0.3408530	0.3296020
3232988353.0934348	0.2012033	0.2440112	0.1730368	0.2729388	0.1222521	0.2320561	0.2519052	0.2848845	0.2261647	0.3145012	0.2634094	0.2646970	0.1489691	0.2503809	0.3408432	0.3295979
3232988353.1033230	0.2011806	0.2440055	0.1730338	0.2729113	0.1222388	0.2320180	0.2518997	0.2848995	0.2261548	0.3144976	0.2633942	0.2646935	0.1489641	0.2503636	0.3408422	0.3295878
3232988353.1132112	0.2011961	0.2440213	0.1730352	0.2729318	0.1222336	0.2320346	0.2519028	0.2848901	0.2261654	0.3145142	0.2634036	0.2647039	0.1489592	0.2503659	0.3408280	0.3295864
3232988353.1230993	0.2011840	0.2439905	0.1730222	0.2729144	0.1222495	0.2320112	0.2519149	0.2848819	0.2261408	0.3145129	0.2633919	0.2647077	0.1490003	0.2503833	0.3408229	0.3295885
3232988353.1329875	0.2011685	0.2440141	0.1730576	0.2729312	0.1222409	0.2320282	0.2519055	0.2848899	0.2261510	0.3144988	0.2634132	0.2646941	0.1489564	0.2503742	0.3408367	0.3296119
3232988353.1428757	0.2011958	0.2439947	0.1730596	0.2729136	0.1222280	0.2320344	0.2519102	0.2848782	0.2261873	0.3145089	0.2633971	0.2647037	0.1489774	0.2503981	0.3408387	0.3296037
3232988353.1527638	0.2011981	0.2440062	0.1730330	0.2728969	0.1222305	0.2320329	0.2519025	0.2848780	0.2261596	0.3144842	0.2634122	0.2646817	0.1489753	0.2503724	0.3408359	0.3295850
3232988353.1626501	0.2012021	0.2439848	0.1730333	0.2729149	0.1222276	0.2320333	0.2519028	0.2848855	0.2261595	0.3144902	0.2634116	0.2646942	0.1489599	0.2503764	0.3408371	0.3295862
3232988353.1725383	0.2011795	0.2439878	0.1730350	0.2729242	0.1222273	0.2320366	0.2519134	0.2848655	0.2261847	0.3144970	0.2634073	0.2646828	0.1489535	0.2503944	0.3408427	0.3295838
3232988353.1824265	0.2011885	0.2439962	0.1730355	0.2729228	0.1222516	0.2320326	0.2518970	0.2848826	0.2261871	0.3145137	0.2633881	0.2647058	0.1489751	0.2503835	0.3408481	0.3295832
3232988353.1923146	0.2011877	0.2440136	0.1730499	0.2729361	0.1222430	0.2320164	0.2518936	0.2848646	0.2261668	0.3144984	0.2633968	0.2646874	0.1489821	0.2503691	0.3408305	0.3295961
3232988353.2022028	0.2011788	0.2440036	0.1730443	0.2729135	0.1222526	0.2320227	0.2519158	0.2848849	0.2261801	0.3144942	0.2634000	0.2647080	0.1489745	0.2503880	0.3408470	0.3296070
3232988353.2120910	0.2011823	0.2439928	0.1730460	0.2729323	0.1222497	0.2320302	0.2519010	0.2848836	0.2261687	0.3145024	0.2634031	0.2646970	0.1489802	0.2503839	0.3408319	0.3295956
3232988353.2219791	0.2011612	0.2439842	0.1730418	0.2729270	0.1222341	0.2320196	0.2518964	0.2848811	0.2261833	0.3144966	0.2634011	0.2646833	0.1489728	0.2503788	0.3408437	0.3296003
3232988353.2318673	0.2011709	0.2439906	0.1730302	0.2729210	0.1222326	0.2320110	0.2518930	0.2848747	0.2261603	0.3144973	0.2634103	0.2646796	0.1489625	0.2503704	0.3408358	0.3295903
3232988353.2417555	0.2011835	0.2439922	0.1730424	0.2729072	0.1222542	0.2320291	0.2519229	0.2848684	0.2261853	0.3144928	0.2634115	0.2647046	0.1489756	0.2503766	0.3408240	0.3295742
3232988353.2516437	0.2011969	0.2440048	0.1730385	0.2729221	0.1222469	0.2320072	0.2519080	0.2848832	0.2261636	0.3145133	0.2634094	0.2646861	0.1489610	0.2503775	0.3408486	0.3295943
3232988353.2615299	0.2011734	0.2439888	0.1730519	0.2729127	0.1222346	0.2320200	0.2518964	0.2848895	0.2261455	0.3145150	0.2634067	0.2646790	0.1489569	0.2503778	0.3408437	0.3295812
3232988353.2714181	0.2011788	0.2440187	0.1730379	0.2729138	0.1222350	0.2320257	0.2519042	0.2848700	0.2261828	0.3144991	0.2634043	0.2646751	0.1489832	0.2503796	0.3408383	0.3295839
3232988353.2813063	0.2011992	0.2439794	0.1730426	0.2729084	0.1222360	0.2320146	0.2518963	0.2848815	0.2261479	0.3144839	0.2634045	0.2646917	0.1489827	0.2503831	0.3408427	0.3295851
3232988353.2911944	0.2011856	0.2440112	0.1730445	0.2729268	0.1222496	0.2320264	0.2519282	0.2848700	0.2261515	0.3145166	0.2633990	0.2646911	0.1489611	0.2503767	0.3408273	0.3295740
3232988353.3010826	0.2011935	0.2440033	0.1730540	0.2729116	0.1222438	0.2320228	0.2519111	0.2848781	0.2261577	0.3145123	0.2634155	0.2647099	0.1489635	0.2503774	0.3408375	0.3295630
3232988353.3109708	0.2012131	0.2440122	0.1730409	0.2729375	0.1222460	0.2320127	0.2518976	0.2848773	0.2261719	0.3145046	0.2634035	0.2646981	0.1489677	0.2503783	0.3408307	0.3295833
3232988353.3208590	0.2011776	0.2440168	0.1730360	0.2729213	0.1222320	0.2320277	0.2519216	0.2848790	0.2261658	0.3144978	0.2633867	0.2646905	0.1489787	0.2503707	0.3408549	0.3295779
3232988353.3307471	0.2011570	0.2439954	0.1730315	0.2729228	0.1222388	0.2320243	0.2519130	0.2848748	0.2261728	0.3144816	0.2633977	0.2646889	0.1489742	0.2503702	0.3408446	0.3295836
3232988353.3406353	0.2011709	0.2439928	0.1730452	0.2729226	0.1222407	0.2320160	0.2518930	0.2848757	0.2261626	0.3145135	0.2633996	0.2646812	0.1489622	0.2503636	0.3408445	0.3295683
3232988353.3505235	0.2011804	0.2439978	0.1730496	0.2729334	0.1222405	0.2320133	0.2519037	0.2848578	0.2261846	0.3144838	0.2634050	0.2646872	0.1489760	0.2503698	0.3408359	0.3295914
3232988353.3604102	0.2011996	0.2439932	0.1730161	0.2729268	0.1222276	0.2320332	0.2518923	0.2848799	0.2261564	0.3145140	0.2634095	0.2646913	0.1489503	0.2503859	0.3408374	0.3295953
3232988353.3702984	0.2011735	0.2439876	0.1730275	0.2729104	0.1222407	0.2320217	0.2519256	0.2848802	0.2261464	0.3145036	0.2634014	0.2646902	0.1489591	0.2503782	0.3408301	0.3295917
3232988353.3801866	0.2011901	0.2439857	0.1730302	0.2729144	0.1222403	0.2320164	0.2519085	0.2848760	0.2261631	0.3145053	0.2633788	0.2646988	0.1489738	0.2503827	0.3408287	0.3295970
3232988353.3900747	0.2011869	0.2439943	0.1730092	0.2729040	0.1222180	0.2320308	0.2519154	0.2848632	0.2261837	0.3144980	0.2634004	0.2647041	0.1489470	0.2503819	0.3408422	0.3295993
3232988353.3999629	0.2011905	0.2440114	0.1730375	0.2729127	0.1222430	0.2320340	0.2519067	0.2848673	0.2261572	0.3144770	0.2633981	0.2646832	0.1489555	0.2503763	0.3408466	0.3295715
3232988353.4098511	0.2011827	0.2439931	0.1730290	0.2729216	0.1222631	0.2320118	0.2519124	0.2848716	0.2261913	0.3144923	0.2633938	0.2646845	0.1489704	0.2503622	0.3408273	0.3295722
3232988353.4197392	0.2011923	0.2439928	0.1730546	0.2729251	0.1222449	0.2320192	0.2519100	0.2848858	0.2261736	0.3144974	0.2634031	0.2646919	0.1489395	0.2503743	0.3408458	0.3295908
3232988353.4296274	0.2011863	0.2440037	0.1730319	0.2729172	0.1222353	0.2320193	0.2519147	0.2848718	0.2261453	0.3145033	0.2633960	0.2646777	0.1489621	0.2503674	0.3408594	0.3295903
3232988353.4395156	0.2011892	0.2440038	0.1730401	0.2729116	0.1222390	0.2320185	0.2519064	0.2848940	0.2261744	0.3145016	0.2633952	0.2646833	0.1489764	0.2503725	0.3408344	0.3295797
3232988353.4494038	0.2011930	0.2440084	0.1730206	0.2729230	0.1222418	0.2320068	0.2519229	0.2848670	0.2261646	0.3145007	0.2633971	0.2646830	0.1489716	0.2503716	0.3408346	0.3295878
3232988353.4592900	0.2011898	0.2440093	0.1730336	0.2729059	0.1222429	0.2320104	0.2519189	0.2848841	0.2261649	0.3144857	0.2634130	0.2646943	0.1489665	0.2503698	0.3408507	0.3295934
3232988353.4691782	0.2011902	0.2439957	0.1730471	0.2729320	0.1222250	0.2320172	0.2519150	0.2848837	0.2261816	0.3145139	0.2633953	0.2646966	0.1489573	0.2503819	0.3408445	0.3295657
3232988353.4790664	0.2011851	0.2439970	0.1730479	0.2729128	0.1222373	0.2320008	0.2519094	0.2848625	0.2261773	0.3144926	0.2634049	0.2646742	0.1489499	0.2503727	0.3408560	0.3295724
3232988353.4889545	0.2011917	0.2439852	0.1730347	0.2729005	0.1222308	0.2320338	0.2519108	0.2848574	0.2261583	0.3144895	0.2634024	0.2647001	0.1489473	0.2503649	0.3408252	0.3295726
3232988353.4988427	0.2011892	0.2440054	0.1730176	0.2729054	0.1222353	0.2320257	0.2518936	0.2848791	0.2261556	0.3145026	0.2634202	0.2646928	0.1489620	0.2503775	0.3408425	0.3295647
3232988353.5087309	0.2011806	0.2439904	0.1730430	0.2729206	0.1222452	0.2320198	0.2519060	0.2848714	0.2261439	0.3145034	0.2634112	0.2647044	0.1489680	0.2503679	0.3408343	0.3295810
3232988353.5186191	0.2011863	0.2440040	0.1730384	0.2729177	0.1222331	0.2320309	0.2519210	0.2848802	0.2261494	0.3144861	0.2634053	0.2646840	0.1489626	0.2503692	0.3408502	0.3295792
3232988353.5285072	0.2011839	0.2439999	0.1730447	0.2729216	0.1222340	0.2320007	0.2519178	0.2848689	0.2261512	0.3145043	0.2634055	0.2646825	0.1489583	0.2503680	0.3408366	0.3295775
3232988353.5383954	0.2011808	0.2439815	0.1730415	0.2729085	0.1222527	0.2320286	0.2518963	0.2848810	0.2261735	0.3144893	0.2633929	0.2646832	0.1489673	0.2503730	0.3408197	0.3295835
3232988353.5482836	0.2011907	0.2439894	0.1730312	0.2729147	0.1222437	0.2320303	0.2519150	0.2848651	0.2261554	0.3145082	0.2634228	0.2646888	0.1489627	0.2503808	0.3408441	0.3295832
3232988353.5581703	0.2011665	0.2439857	0.1730557	0.2728920	0.1222326	0.2320321	0.2519080	0.2848960	0.2261787	0.3144815	0.2633865	0.2646869	0.1489705	0.2503649	0.3408430	0.3295788
3232988353.5680585	0.2011915	0.2439967	0.1730407	0.2729184	0.1222454	0.2320137	0.2519231	0.2848719	0.2261723	0.3145000	0.2633971	0.2646741	0.1489742	0.2503730	0.3408259	0.3295806
3232988353.5779467	0.2011876	0.2439988	0.1730514	0.2729281	0.1222486	0.2320340	0.2519088	0.2848710	0.2261556	0.3144935	0.2634045	0.2646784	0.1489704	0.2503726	0.3408433	0.3295718
3232988353.5878348	0.2011950	0.2439970	0.1730518	0.2729070	0.1222445	0.2320018	0.2519219	0.2848701	0.2261464	0.3145043	0.2633965	0.2646788	0.1489677	0.2503655	0.3408429	0.3295643
3232988353.5977230	0.2011805	0.2439861	0.1730544	0.2729021	0.1222471	0.2320192	0.2519040	0.2848613	0.2261582	0.3144764	0.2633967	0.2646865	0.1489575	0.2503703	0.3408428	0.3295710
3232988353.6076112	0.2011870	0.2439985	0.1730549	0.2729141	0.1222290	0.2320134	0.2518959	0.2848530	0.2261641	0.3145019	0.2634159	0.2646800	0.1489648	0.2503776	0.3408483	0.3295666
3232988353.6174993	0.2011932	0.2439854	0.1730572	0.2729023	0.1222549	0.2320119	0.2519044	0.2848861	0.2261653	0.3144985	0.2634028	0.2646762	0.1489636	0.2503795	0.3408448	0.3295820
3232988353.6273875	0.2011932	0.2439910	0.1730484	0.2729137	0.1222462	0.2320160	0.2519183	0.2848797	0.2261648	0.3144881	0.2633856	0.2646979	0.1489615	0.2503575	0.3408500	0.3295728
3232988353.6372757	0.2011878	0.2439965	0.1730508	0.2729009	0.1222511	0.2319919	0.2519066	0.2848690	0.2261644	0.3145129	0.2633976	0.2646726	0.1489627	0.2503782	0.3408339	0.3295557
3232988353.6471639	0.2011781	0.2439876	0.1730345	0.2729080	0.1222326	0.2320187	0.2518943	0.2848522	0.2261567	0.3144938	0.2634051	0.2646765	0.1489659	0.2503683	0.3408324	0.3295831
3232988353.6570501	0.2011811	0.2439940	0.1730290	0.2729154	0.1222415	0.2320189	0.2519126	0.2848762	0.2261751	0.3144980	0.2634021	0.2646639	0.1489803	0.2503634	0.3408396	0.3295605
3232988353.6669383	0.2011863	0.2439904	0.1730321	0.2728993	0.1222376	0.2320272	0.2519165	0.2848513	0.2261675	0.3144850	0.2633946	0.2646835	0.1489688	0.2503718	0.3408511	0.3295545
3232988353.6768265	0.2011959	0.2439865	0.1730438	0.2729189	0.1222396	0.2320219	0.2519064	0.2848672	0.2261728	0.3144787	0.2634021	0.2646763	0.1489626	0.2503647	0.3408475	0.3295673
3232988353.6867146	0.2011905	0.2439697	0.1730395	0.2729235	0.1222517	0.2320101	0.2519439	0.2848464	0.2261548	0.3144920	0.2633939	0.2646752	0.1489646	0.2503592	0.3408335	0.3295725
3232988353.6966028	0.2011872	0.2439900	0.1730256	0.2729055	0.1222276	0.2320053	0.2519125	0.2848581	0.2261569	0.3144873	0.2634134	0.2646625	0.1489566	0.2503666	0.3408535	0.3295757
3232988353.7064910	0.2011749	0.2440004	0.1730461	0.2728983	0.1222442	0.2320335	0.2519184	0.2848479	0.2261636	0.3144835	0.2634025	0.2646698	0.1489771	0.2503509	0.3408542	0.3295592
3232988353.7163792	0.2011837	0.2439962	0.1730267	0.2729007	0.1222666	0.2320032	0.2519102	0.2848515	0.2261530	0.3144639	0.2633867	0.2646771	0.1489813	0.2503608	0.3408402	0.3295700
3232988353.7262673	0.2011963	0.2439906	0.1730388	0.2729158	0.1222458	0.2320052	0.2519088	0.2848546	0.2261768	0.3144652	0.2634057	0.2646823	0.1489648	0.2503539	0.3408404	0.3295759
3232988353.7361555	0.2011737	0.2439809	0.1730251	0.2729172	0.1222317	0.2320148	0.2519101	0.2848573	0.2261625	0.3144733	0.2633929	0.2646561	0.1489731	0.2503675	0.3408334	0.3295657
3232988353.7460437	0.2011825	0.2439839	0.1730392	0.2729049	0.1222278	0.2320031	0.2519132	0.2848543	0.2261727	0.3144931	0.2634132	0.2646842	0.1489702	0.2503652	0.3408338	0.3295398
3232988353.7559299	0.2011797	0.2439922	0.1730266	0.2728994	0.1222423	0.2320127	0.2518985	0.2848468	0.2261449	0.3144872	0.2633968	0.2646768	0.1489721	0.2503544	0.3408461	0.3295467
3232988353.7658181	0.2011878	0.2439876	0.1730301	0.2729164	0.1222471	0.2320014	0.2519071	0.2848440	0.2261469	0.3144793	0.2634005	0.2646627	0.1489607	0.2503570	0.3408229	0.3295560
3232988353.7757063	0.2011807	0.2439938	0.1730247	0.2729033	0.1222478	0.2320163	0.2519037	0.2848605	0.2261654	0.3144748	0.2633861	0.2646680	0.1489608	0.2503540	0.3408466	0.3295614
3232988353.7855945	0.2012094	0.2439845	0.1730426	0.2729213	0.1222541	0.2320177	0.2519106	0.2848780	0.2261667	0.3144710	0.2633889	0.2646646	0.1489612	0.2503557	0.3408401	0.3295429
3232988353.7954826	0.2011901	0.2439688	0.1730494	0.2729094	0.1222563	0.2319985	0.2519103	0.2848671	0.2261628	0.3144607	0.2634152	0.2646639	0.1489806	0.2503524	0.3408332	0.3295685
3232988353.8053708	0.2011883	0.2439730	0.1730520	0.2729005	0.1222357	0.2320171	0.2519014	0.2848492	0.2261717	0.3144641	0.2634053	0.2646738	0.1489578	0.2503661	0.3408467	0.3295376
3232988353.8152590	0.2011859	0.2439792	0.1730468	0.2728992	0.1222296	0.2320107	0.2519087	0.2848558	0.2261588	0.3144721	0.2634013	0.2646638	0.1489690	0.2503490	0.3408398	0.3295409
3232988353.8251471	0.2012074	0.2439788	0.1730653	0.2728985	0.1222316	0.2319956	0.2519134	0.2848548	0.2261612	0.3144661	0.2633948	0.2646750	0.1489933	0.2503553	0.3408271	0.3295524
3232988353.8350353	0.2011956	0.2439994	0.1730412	0.2729177	0.1222516	0.2319901	0.2519244	0.2848617	0.2261580	0.3144744	0.2634087	0.2646704	0.1489668	0.2503560	0.3408233	0.3295618
3232988353.8449235	0.2012072	0.2439899	0.1730429	0.2728783	0.1222522	0.2320057	0.2519065	0.2848460	0.2261541	0.3144838	0.2633959	0.2646854	0.1489737	0.2503511	0.3408435	0.3295545
3232988353.8548102	0.2011933	0.2439781	0.1730405	0.2729029	0.1222340	0.2320003	0.2519025	0.2848483	0.2261568	0.3144615	0.2633935	0.2646640	0.1489682	0.2503497	0.3408316	0.3295577
3232988353.8646984	0.2011986	0.2439765	0.1730384	0.2728715	0.1222369	0.2320077	0.2519064	0.2848584	0.2261691	0.3144725	0.2634032	0.2646626	0.1489598	0.2503600	0.3408336	0.3295581
3232988353.8745866	0.2011847	0.2439892	0.1730339	0.2728982	0.1222547	0.2319910	0.2518916	0.2848482	0.2261450	0.3144747	0.2634061	0.2646685	0.1489806	0.2503444	0.3408255	0.3295499
3232988353.8844748	0.2012143	0.2439835	0.1730520	0.2728863	0.1222502	0.2320090	0.2519149	0.2848331	0.2261716	0.3144759	0.2633846	0.2646574	0.1489627	0.2503576	0.3408343	0.3295567
3232988353.8943629	0.2011794	0.2439642	0.1730520	0.2728855	0.1222499	0.2319917	0.2519226	0.2848501	0.2261755	0.3144752	0.2633949	0.2646583	0.1489656	0.2503275	0.3408169	0.3295664
3232988353.9042511	0.2011939	0.2439789	0.1730318	0.2728911	0.1222236	0.2319977	0.2519056	0.2848373	0.2261730	0.3144489	0.2633768	0.2646651	0.1489844	0.2503554	0.3408422	0.3295581
3232988353.9141393	0.2011882	0.2439769	0.1730261	0.2728875	0.1222582	0.2320011	0.2519053	0.2848336	0.2261603	0.3144695	0.2633993	0.2646592	0.1489509	0.2503367	0.3408281	0.3295441
3232988353.9240274	0.2011844	0.2439685	0.1730387	0.2728807	0.1222472	0.2319990	0.2519200	0.2848427	0.2261751	0.3144632	0.2634057	0.2646561	0.1489823	0.2503411	0.3408211	0.3295433
3232988353.9339156	0.2011936	0.2439524	0.1730347	0.2728942	0.1222492	0.2320091	0.2519216	0.2848519	0.2261614	0.3144737	0.2633829	0.2646947	0.1489656	0.2503284	0.3408315	0.3295683
3232988353.9438038	0.2011898	0.2439703	0.1730302	0.2728946	0.1222455	0.2319933	0.2519087	0.2848474	0.2261707	0.3144540	0.2633841	0.2646563	0.1489731	0.2503430	0.3408353	0.3295363
3232988353.9536900	0.2011886	0.2439703	0.1730378	0.2728915	0.1222305	0.2319947	0.2519106	0.2848418	0.2261713	0.3144647	0.2633885	0.2646613	0.1489698	0.2503595	0.3408197	0.3295393
3232988353.9635782	0.2011841	0.2439600	0.1730414	0.2728919	0.1222300	0.2319959	0.2518981	0.2848193	0.2261717	0.3144740	0.2633978	0.2646440	0.1489641	0.2503254	0.3408356	0.3295562
3232988353.9734664	0.2011825	0.2439539	0.1730312	0.2728709	0.1222399	0.2320009	0.2518965	0.2848303	0.2261706	0.3144520	0.2633989	0.2646591	0.1489822	0.2503429	0.3408348	0.3295469
3232988353.9833546	0.2011873	0.2439717	0.1730328	0.2728910	0.1222519	0.2319961	0.2519058	0.2848500	0.2261445	0.3144731	0.2633950	0.2646608	0.1489611	0.2503446	0.3408316	0.3295558
3232988353.9932427	0.2011876	0.2439551	0.1730466	0.2728808	0.1222484	0.2319864	0.2519257	0.2848396	0.2261877	0.3144601	0.2633903	0.2646701	0.1489818	0.2503284	0.3408429	0.3295322
3232988354.0031309	0.2011809	0.2439786	0.1730405	0.2728832	0.1222444	0.2319855	0.2519247	0.2848287	0.2261628	0.3144463	0.2634134	0.2646567	0.1489771	0.2503663	0.3408387	0.3295409
3232988354.0130191	0.2011940	0.2439559	0.1730342	0.2728787	0.1222271	0.2320039	0.2519058	0.2848289	0.2261527	0.3144644	0.2633824	0.2646658	0.1489670	0.2503443	0.3408435	0.3295384
3232988354.0229073	0.2011774	0.2439787	0.1730427	0.2728882	0.1222314	0.2319925	0.2519102	0.2848346	0.2261677	0.3144461	0.2633903	0.2646755	0.1489558	0.2503391	0.3408407	0.3295500
3232988354.0327954	0.2011942	0.2439609	0.1730266	0.2728915	0.1222420	0.2319805	0.2519050	0.2848315	0.2261555	0.3144464	0.2634117	0.2646547	0.1489623	0.2503427	0.3408253	0.3295296
3232988354.0426836	0.2011882	0.2439742	0.1730341	0.2729092	0.1222342	0.2319920	0.2519171	0.2848379	0.2261801	0.3144436	0.2633968	0.2646429	0.1489692	0.2503450	0.3408364	0.3295684
3232988354.0525699	0.2011910	0.2439746	0.1730416	0.2728703	0.1222430	0.2320062	0.2519157	0.2848513	0.2261549	0.3144655	0.2633971	0.2646542	0.1489735	0.2503519	0.3408316	0.3295293
3232988354.0624580	0.2012078	0.2439761	0.1730427	0.2728968	0.1222280	0.2319860	0.2519288	0.2848373	0.2261484	0.3144556	0.2634092	0.2646626	0.1489620	0.2503482	0.3408303	0.3295411
3232988354.0723462	0.2011775	0.2439711	0.1730421	0.2728727	0.1222388	0.2319871	0.2519042	0.2848515	0.2261649	0.3144545	0.2634070	0.2646599	0.1489663	0.2503406	0.3408406	0.3295112
3232988354.0822344	0.2011925	0.2439747	0.1730414	0.2728746	0.1222388	0.2319889	0.2519069	0.2848409	0.2261660	0.3144641	0.2634009	0.2646526	0.1489686	0.2503566	0.3408330	0.3295395
3232988354.0921226	0.2011774	0.2439693	0.1730574	0.2728806	0.1222408	0.2319994	0.2519083	0.2848382	0.2261742	0.3144559	0.2633990	0.2646614	0.1489688	0.2503155	0.3408421	0.3295352
3232988354.1020107	0.2011887	0.2439441	0.1730438	0.2728838	0.1222285	0.2319917	0.2519324	0.2848426	0.2261691	0.3144661	0.2633941	0.2646652	0.1489839	0.2503405	0.3408528	0.3295401
3232988354.1118989	0.2011869	0.2439813	0.1730387	0.2728873	0.1222274	0.2320008	0.2519086	0.2848338	0.2261619	0.3144629	0.2634094	0.2646731	0.1489743	0.2503519	0.3408373	0.3295444
3232988354.1217871	0.2011851	0.2439625	0.1730522	0.2728926	0.1222369	0.2319932	0.2519016	0.2848325	0.2261688	0.3144520	0.2634107	0.2646539	0.1489822	0.2503291	0.3408263	0.3295472
3232988354.1316752	0.2011893	0.2439628	0.1730304	0.2728612	0.1222418	0.2319896	0.2519155	0.2848406	0.2261572	0.3144439	0.2633848	0.2646608	0.1489580	0.2503584	0.3408429	0.3295354
3232988354.1415634	0.2011897	0.2439740	0.1730423	0.2728790	0.1222403	0.2319828	0.2519054	0.2848266	0.2261511	0.3144601	0.2634022	0.2646500	0.1489568	0.2503292	0.3408427	0.3295354
3232988354.1514502	0.2011936	0.2439771	0.1730401	0.2729047	0.1222579	0.2319921	0.2519133	0.2848455	0.2261671	0.3144623	0.2633865	0.2646523	0.1489662	0.2503438	0.3408478	0.3295449
3232988354.1613383	0.2011882	0.2439677	0.1730309	0.2728851	0.1222498	0.2319693	0.2519248	0.2848345	0.2261528	0.3144653	0.2634099	0.2646514	0.1489636	0.2503416	0.3408309	0.3295290
3232988354.1712265	0.2011760	0.2439557	0.1730415	0.2728834	0.1222405	0.2319908	0.2519214	0.2848487	0.2261873	0.3144498	0.2633670	0.2646453	0.1489517	0.2503501	0.3408207	0.3295263
3232988354.1811147	0.2011955	0.2439455	0.1730209	0.2728639	0.1222320	0.2319964	0.2518841	0.2848348	0.2261695	0.3144394	0.2633842	0.2646413	0.1489514	0.2503352	0.3408202	0.3295428
3232988354.1910028	0.2011806	0.2439738	0.1730357	0.2728849	0.1222449	0.2319912	0.2519071	0.2848397	0.2261526	0.3144295	0.2633897	0.2646508	0.1489620	0.2503288	0.3408392	0.3295175
3232988354.2008910	0.2011898	0.2439784	0.1730426	0.2728746	0.1222546	0.2319831	0.2519177	0.2848376	0.2261597	0.3144412	0.2633939	0.2646438	0.1489436	0.2503196	0.3408258	0.3295338
3232988354.2107792	0.2011871	0.2439709	0.1730395	0.2728758	0.1222411	0.2319926	0.2519170	0.2848358	0.2261656	0.3144370	0.2633963	0.2646454	0.1489610	0.2503261	0.3408242	0.3295305
3232988354.2206674	0.2012044	0.2439728	0.1730376	0.2728836	0.1222430	0.2319973	0.2519189	0.2848388	0.2261771	0.3144346	0.2633897	0.2646554	0.1489653	0.2503357	0.3408374	0.3295304
3232988354.2305555	0.2011850	0.2439692	0.1730158	0.2728764	0.1222513	0.2319842	0.2519129	0.2848102	0.2261578	0.3144433	0.2634001	0.2646505	0.1489703	0.2503538	0.3408391	0.3295256
3232988354.2404437	0.2012028	0.2439399	0.1730321	0.2728793	0.1222401	0.2319921	0.2519106	0.2848188	0.2261368	0.3144438	0.2633971	0.2646509	0.1489438	0.2503203	0.3408489	0.3295115
3232988354.2503300	0.2011777	0.2439581	0.1730420	0.2728803	0.1222487	0.2319884	0.2519200	0.2848425	0.2261431	0.3144474	0.2634040	0.2646409	0.1489737	0.2503430	0.3408281	0.3295321
3232988354.2602181	0.2011953	0.2439609	0.1730457	0.2728816	0.1222475	0.2320060	0.2519150	0.2848379	0.2261568	0.3144489	0.2634035	0.2646460	0.1489680	0.2503255	0.3408425	0.3295491
3232988354.2701063	0.2011897	0.2439621	0.1730386	0.2728894	0.1222372	0.2319841	0.2518965	0.2848214	0.2261756	0.3144399	0.2634046	0.2646473	0.1489608	0.2503294	0.3408286	0.3295197
3232988354.2799945	0.2012022	0.2439612	0.1730330	0.2728647	0.1222292	0.2319944	0.2519016	0.2848284	0.2261648	0.3144538	0.2633760	0.2646453	0.1489377	0.2503313	0.3408371	0.3295322
3232988354.2898827	0.2012027	0.2439600	0.1730375	0.2728851	0.1222429	0.2319846	0.2519149	0.2848493	0.2261512	0.3144445	0.2633689	0.2646335	0.1489469	0.2503262	0.3408147	0.3295415
3232988354.2997708	0.2012013	0.2439467	0.1730442	0.2728803	0.1222432	0.2319988	0.2519133	0.2848257	0.2261446	0.3144549	0.2633736	0.2646454	0.1489768	0.2503110	0.3408277	0.3295127
3232988354.3096590	0.2011736	0.2439708	0.1730342	0.2728793	0.1222444	0.2319947	0.2519003	0.2848327	0.2261641	0.3144561	0.2633939	0.2646599	0.1489504	0.2503220	0.3408323	0.3295397
3232988354.3195472	0.2011750	0.2439771	0.1730489	0.2728568	0.1222625	0.2319875	0.2519204	0.2848321	0.2261590	0.3144471	0.2633861	0.2646542	0.1489661	0.2503241	0.3408334	0.3295157
3232988354.3294353	0.2011773	0.2439522	0.1730433	0.2728794	0.1222376	0.2319916	0.2519131	0.2848291	0.2261670	0.3144526	0.2634074	0.2646352	0.1489632	0.2503334	0.3408299	0.3295335
3232988354.3393235	0.2011836	0.2439619	0.1730265	0.2728732	0.1222363	0.2319952	0.2519012	0.2848352	0.2261350	0.3144339	0.2633977	0.2646383	0.1489590	0.2503288	0.3408175	0.3295422
3232988354.3492103	0.2011976	0.2439619	0.1730426	0.2728804	0.1222480	0.2320003	0.2519113	0.2848190	0.2261584	0.3144421	0.2633905	0.2646409	0.1489582	0.2503331	0.3408275	0.3295343
3232988354.3590984	0.2011837	0.2439543	0.1730641	0.2728858	0.1222287	0.2319999	0.2519029	0.2848299	0.2261590	0.3144544	0.2633801	0.2646300	0.1489397	0.2503469	0.3408324	0.3295367
3232988354.3689866	0.2011818	0.2439564	0.1730391	0.2728795	0.1222551	0.2319944	0.2519179	0.2848266	0.2261605	0.3144469	0.2633969	0.2646415	0.1489675	0.2503333	0.3408416	0.3295277
3232988354.3788748	0.2011830	0.2439597	0.1730374	0.2728758	0.1222428	0.2319720	0.2519127	0.2848014	0.2261706	0.3144422	0.2633888	0.2646493	0.1489457	0.2503374	0.3408349	0.3295291
3232988354.3887629	0.2011792	0.2439587	0.1730456	0.2728768	0.1222553	0.2319908	0.2519099	0.2848028	0.2261688	0.3144519	0.2633823	0.2646681	0.1489728	0.2503126	0.3408084	0.3295302
3232988354.3986511	0.2012050	0.2439499	0.1730396	0.2728555	0.1222304	0.2319797	0.2519229	0.2848227	0.2261580	0.3144492	0.2633839	0.2646367	0.1489681	0.2503340	0.3408312	0.3295395
3232988354.4085393	0.2011921	0.2439447	0.1730594	0.2728663	0.1222460	0.2319874	0.2518878	0.2848409	0.2261536	0.3144393	0.2634084	0.2646421	0.1489782	0.2503188	0.3408258	0.3295194
3232988354.4184275	0.2011738	0.2439544	0.1730468	0.2728846	0.1222423	0.2319830	0.2519135	0.2848167	0.2261606	0.3144618	0.2634011	0.2646582	0.1489570	0.2503441	0.3408231	0.3295344
3232988354.4283156	0.2011630	0.2439344	0.1730292	0.2728851	0.1222368	0.2319893	0.2519159	0.2848446	0.2261678	0.3144603	0.2634005	0.2646499	0.1489621	0.2503186	0.3408232	0.3295377
3232988354.4382038	0.2011836	0.2439833	0.1730374	0.2728721	0.1222482	0.2319717	0.2519102	0.2848328	0.2261506	0.3144333	0.2633922	0.2646627	0.1489589	0.2503353	0.3408178	0.3295242
3232988354.4480901	0.2011948	0.2439453	0.1730210	0.2728530	0.1222295	0.2319992	0.2519027	0.2848217	0.2261464	0.3144346	0.2633920	0.2646414	0.1489540	0.2503039	0.3408289	0.3295227
3232988354.4579782	0.2011876	0.2439678	0.1730328	0.2728823	0.1222367	0.2319696	0.2519135	0.2848320	0.2261428	0.3144382	0.2633848	0.2646422	0.1489609	0.2503446	0.3408330	0.3295331
3232988354.4678664	0.2011814	0.2439480	0.1730424	0.2728610	0.1222388	0.2319913	0.2519180	0.2848211	0.2261619	0.3144473	0.2633925	0.2646520	0.1489695	0.2503184	0.3408333	0.3295422
3232988354.4777546	0.2011919	0.2439635	0.1730619	0.2728857	0.1222408	0.2319983	0.2518972	0.2848429	0.2261720	0.3144364	0.2633823	0.2646431	0.1489687	0.2503464	0.3408385	0.3295324
3232988354.4876428	0.2012004	0.2439691	0.1730498	0.2728712	0.1222604	0.2319589	0.2519135	0.2848234	0.2261628	0.3144561	0.2633676	0.2646398	0.1489598	0.2503307	0.3408317	0.3295270
3232988354.4975309	0.2011693	0.2439517	0.1730453	0.2728749	0.1222359	0.2319850	0.2519136	0.2848257	0.2261556	0.3144446	0.2633974	0.2646552	0.1489654	0.2503368	0.3408358	0.3295286
3232988354.5074191	0.2011997	0.2439521	0.1730396	0.2728872	0.1222321	0.2319920	0.2519107	0.2848263	0.2261493	0.3144383	0.2633854	0.2646483	0.1489527	0.2503079	0.3408101	0.3295232
3232988354.5173073	0.2011934	0.2439655	0.1730301	0.2728666	0.1222499	0.2319847	0.2519023	0.2848253	0.2261628	0.3144329	0.2633861	0.2646402	0.1489601	0.2503233	0.3408256	0.3295266
3232988354.5271955	0.2011757	0.2439619	0.1730345	0.2728625	0.1222460	0.2319824	0.2519151	0.2848251	0.2261570	0.3144661	0.2633884	0.2646486	0.1489733	0.2503253	0.3408311	0.3295261
3232988354.5370836	0.2011929	0.2439601	0.1730495	0.2728532	0.1222443	0.2319846	0.2518966	0.2848297	0.2261631	0.3144475	0.2633652	0.2646309	0.1489577	0.2503312	0.3408298	0.3295266
3232988354.5469699	0.2011818	0.2439470	0.1730438	0.2728593	0.1222188	0.2319742	0.2519115	0.2848104	0.2261635	0.3144420	0.2633895	0.2646512	0.1489722	0.2503304	0.3408460	0.3295302
3232988354.5568581	0.2011865	0.2439464	0.1730350	0.2728629	0.1222224	0.2319840	0.2518934	0.2848130	0.2261507	0.3144404	0.2633919	0.2646402	0.1489609	0.2503337	0.3408157	0.3295312
3232988354.5667462	0.2011889	0.2439598	0.1730430	0.2728630	0.1222428	0.2319870	0.2519058	0.2848287	0.2261417	0.3144327	0.2633878	0.2646559	0.1489530	0.2503137	0.3408332	0.3295166
3232988354.5766344	0.2011961	0.2439490	0.1730269	0.2728710	0.1222335	0.2319847	0.2519125	0.2848233	0.2261521	0.3144356	0.2634168	0.2646335	0.1489531	0.2503178	0.3408272	0.3295316
3232988354.5865226	0.2011617	0.2439573	0.1730249	0.2728720	0.1222395	0.2319775	0.2518942	0.2848202	0.2261648	0.3144428	0.2633731	0.2646315	0.1489653	0.2503352	0.3408199	0.3295191
3232988354.5964107	0.2011800	0.2439483	0.1730216	0.2728606	0.1222277	0.2319850	0.2519049	0.2848115	0.2261594	0.3144370	0.2633974	0.2646338	0.1489651	0.2503138	0.3408197	0.3295277
3232988354.6062989	0.2011570	0.2439422	0.1730325	0.2728526	0.1222305	0.2319817	0.2519021	0.2848303	0.2261692	0.3144571	0.2633884	0.2646343	0.1489560	0.2503477	0.3408273	0.3295305
3232988354.6161871	0.2011860	0.2439384	0.1730261	0.2728712	0.1222371	0.2319755	0.2519178	0.2848253	0.2261529	0.3144396	0.2633755	0.2646351	0.1489623	0.2503259	0.3408273	0.3295166
3232988354.6260753	0.2011821	0.2439437	0.1730418	0.2728612	0.1222429	0.2319739	0.2518984	0.2848173	0.2261604	0.3144328	0.2634086	0.2646646	0.1489614	0.2503310	0.3408393	0.3295134
3232988354.6359634	0.2011816	0.2439561	0.1730280	0.2728856	0.1222386	0.2319576	0.2518973	0.2848295	0.2261815	0.3144426	0.2633929	0.2646379	0.1489570	0.2503384	0.3408245	0.3295307
3232988354.6458502	0.2011843	0.2439478	0.1730304	0.2728819	0.1222369	0.2319840	0.2518952	0.2848375	0.2261576	0.3144483	0.2633794	0.2646340	0.1489635	0.2503240	0.3408348	0.3295235
3232988354.6557384	0.2011741	0.2439508	0.1730248	0.2728569	0.1222335	0.2319896	0.2519011	0.2848097	0.2261556	0.3144322	0.2633879	0.2646308	0.1489357	0.2503182	0.3408128	0.3295169
3232988354.6656265	0.2011808	0.2439424	0.1730427	0.2728676	0.1222306	0.2319741	0.2518855	0.2848117	0.2261578	0.3144340	0.2633953	0.2646471	0.1489508	0.2503192	0.3408171	0.3295131
3232988354.6755147	0.2011828	0.2439586	0.1730495	0.2728643	0.1222461	0.2319739	0.2519022	0.2848232	0.2261487	0.3144407	0.2633878	0.2646348	0.1489713	0.2503202	0.3408385	0.3295046
3232988354.6854029	0.2011832	0.2439593	0.1730193	0.2728628	0.1222602	0.2319916	0.2518989	0.2848135	0.2261574	0.3144272	0.2633764	0.2646487	0.1489692	0.2503207	0.3408213	0.3295214
3232988354.6952910	0.2011725	0.2439399	0.1730470	0.2728661	0.1222406	0.2319562	0.2519205	0.2848196	0.2261569	0.3144428	0.2633883	0.2646289	0.1489572	0.2503177	0.3408170	0.3295183
3232988354.7051792	0.2012028	0.2439470	0.1730296	0.2728786	0.1222287	0.2319647	0.2519020	0.2848234	0.2261533	0.3144443	0.2633831	0.2646179	0.1489534	0.2503258	0.3408180	0.3294945
3232988354.7150674	0.2011824	0.2439476	0.1730465	0.2728599	0.1222122	0.2319804	0.2518951	0.2847980	0.2261551	0.3144406	0.2633906	0.2646514	0.1489515	0.2503240	0.3408304	0.3295163
3232988354.7249556	0.2011711	0.2439561	0.1730388	0.2728905	0.1222438	0.2319830	0.2518974	0.2848148	0.2261549	0.3144323	0.2633927	0.2646377	0.1489684	0.2503187	0.3408034	0.3295230
3232988354.7348437	0.2011850	0.2439594	0.1730354	0.2728691	0.1222447	0.2319808	0.2519077	0.2848200	0.2261641	0.3144381	0.2633909	0.2646461	0.1489583	0.2503282	0.3408170	0.3295296
3232988354.7447300	0.2011720	0.2439587	0.1730259	0.2728634	0.1222329	0.2319904	0.2519092	0.2848000	0.2261679	0.3144406	0.2633938	0.2646424	0.1489575	0.2503241	0.3408283	0.3295233
3232988354.7546182	0.2011892	0.2439278	0.1730333	0.2728538	0.1222240	0.2319785	0.2518863	0.2848123	0.2261584	0.3144391	0.2633880	0.2646310	0.1489574	0.2503127	0.3408232	0.3295278
3232988354.7645063	0.2011866	0.2439525	0.1730225	0.2728682	0.1222278	0.2319638	0.2518788	0.2848245	0.2261473	0.3144252	0.2633747	0.2646222	0.1489709	0.2503120	0.3408366	0.3295161
3232988354.7743945	0.2011742	0.2439451	0.1730339	0.2728687	0.1222450	0.2319811	0.2518999	0.2848346	0.2261617	0.3144486	0.2633745	0.2646362	0.1489759	0.2503397	0.3408270	0.3295157
3232988354.7842827	0.2011844	0.2439658	0.1730342	0.2728799	0.1222479	0.2319870	0.2519081	0.2848140	0.2261516	0.3144257	0.2633923	0.2646285	0.1489796	0.2503294	0.3408050	0.3295144
3232988354.7941709	0.2011842	0.2439557	0.1730302	0.2728660	0.1222474	0.2319736	0.2519002	0.2848324	0.2261381	0.3144365	0.2633966	0.2646454	0.1489589	0.2503201	0.3408097	0.3295143
3232988354.8040590	0.2011846	0.2439496	0.1730288	0.2728609	0.1222481	0.2319811	0.2518927	0.2848570	0.2261479	0.3144374	0.2633774	0.2646333	0.1489823	0.2503289	0.3408179	0.3295220
3232988354.8139472	0.2011828	0.2439382	0.1730384	0.2728577	0.1222299	0.2319721	0.2519021	0.2848191	0.2261462	0.3144320	0.2633775	0.2646116	0.1489539	0.2503101	0.3408192	0.3295083
3232988354.8238354	0.2011970	0.2439529	0.1730278	0.2728658	0.1222388	0.2319705	0.2518971	0.2848203	0.2261668	0.3144371	0.2633834	0.2646363	0.1489391	0.2503206	0.3408332	0.3295032
3232988354.8337235	0.2011855	0.2439649	0.1730413	0.2728552	0.1222396	0.2319919	0.2518922	0.2848123	0.2261383	0.3144401	0.2633736	0.2646409	0.1489506	0.2503239	0.3408100	0.3295024
