3232988179.0349703	0.1797637	0.2123025	0.1558098	0.2346549	0.1528621	0.2542064	0.1825992	0.1926836	0.0978971	0.1633619	0.3836786	0.4193692	0.2053047	0.3262796	0.2765137	0.2572533
3232988179.0448585	0.1797465	0.2122872	0.1557986	0.2346425	0.1528797	0.2542116	0.1825641	0.1927023	0.0978843	0.1633602	0.3836952	0.4193501	0.2053191	0.3262853	0.2765108	0.2572482
3232988179.0547466	0.1797341	0.2122931	0.1558010	0.2346349	0.1528839	0.2541885	0.1825967	0.1926994	0.0978888	0.1633678	0.3836727	0.4193571	0.2053009	0.3262803	0.2765174	0.2572438
3232988179.0646348	0.1797563	0.2122998	0.1557914	0.2346446	0.1528991	0.2541955	0.1825892	0.1926855	0.0978852	0.1633608	0.3836828	0.4193547	0.2053017	0.3262865	0.2765087	0.2572488
3232988179.0745230	0.1797559	0.2122724	0.1558018	0.2346469	0.1528777	0.2542061	0.1826027	0.1926929	0.0978843	0.1633609	0.3836779	0.4193691	0.2052961	0.3262782	0.2765084	0.2572635
3232988179.0844111	0.1797403	0.2122979	0.1558186	0.2346552	0.1528509	0.2541942	0.1825883	0.1927028	0.0979008	0.1633624	0.3836740	0.4193572	0.2053256	0.3262869	0.2765229	0.2572392
3232988179.0942993	0.1797460	0.2122890	0.1558095	0.2346537	0.1528704	0.2541963	0.1825809	0.1926847	0.0978861	0.1633754	0.3836739	0.4193631	0.2053086	0.3262733	0.2765121	0.2572672
3232988179.1041875	0.1797463	0.2122991	0.1558100	0.2346543	0.1528831	0.2542004	0.1825882	0.1926809	0.0978952	0.1633507	0.3836770	0.4193504	0.2052867	0.3262786	0.2765245	0.2572461
3232988179.1140757	0.1797546	0.2122959	0.1558036	0.2346524	0.1528680	0.2542007	0.1825768	0.1926970	0.0978813	0.1633489	0.3836758	0.4193459	0.2053044	0.3262751	0.2765116	0.2572530
3232988179.1239638	0.1797479	0.2123131	0.1558054	0.2346490	0.1528639	0.2541966	0.1826024	0.1927234	0.0978923	0.1633418	0.3836908	0.4193650	0.2053037	0.3262833	0.2765217	0.2572349
3232988179.1338501	0.1797538	0.2122899	0.1557976	0.2346578	0.1528772	0.2542037	0.1825983	0.1927117	0.0978838	0.1633648	0.3836792	0.4193528	0.2052960	0.3262785	0.2765241	0.2572535
3232988179.1437383	0.1797621	0.2123061	0.1558083	0.2346440	0.1528613	0.2542052	0.1826146	0.1926863	0.0978755	0.1633457	0.3836870	0.4193843	0.2053034	0.3262804	0.2765107	0.2572643
3232988179.1536264	0.1797619	0.2122787	0.1557837	0.2346505	0.1528838	0.2542144	0.1825928	0.1926835	0.0978975	0.1633643	0.3836943	0.4193560	0.2053088	0.3262793	0.2765184	0.2572449
3232988179.1635146	0.1797540	0.2123028	0.1557947	0.2346423	0.1528728	0.2541911	0.1825750	0.1926953	0.0978948	0.1633618	0.3837045	0.4193606	0.2053067	0.3263012	0.2765359	0.2572828
3232988179.1734028	0.1797460	0.2122919	0.1558071	0.2346536	0.1528709	0.2542133	0.1825835	0.1926910	0.0978896	0.1633727	0.3836647	0.4193869	0.2053215	0.3262938	0.2765145	0.2572521
3232988179.1832910	0.1797594	0.2122917	0.1558146	0.2346508	0.1528855	0.2542135	0.1825879	0.1926965	0.0979172	0.1633679	0.3837009	0.4193789	0.2053043	0.3262957	0.2765224	0.2572502
3232988179.1931791	0.1797523	0.2123073	0.1558074	0.2346467	0.1528652	0.2542165	0.1825981	0.1927046	0.0978941	0.1633714	0.3836809	0.4193751	0.2053060	0.3262796	0.2765132	0.2572684
3232988179.2030673	0.1797565	0.2123136	0.1557963	0.2346594	0.1528667	0.2542159	0.1825871	0.1926992	0.0979015	0.1633612	0.3836894	0.4193708	0.2053101	0.3262882	0.2765331	0.2572468
3232988179.2129555	0.1797423	0.2122787	0.1558172	0.2346471	0.1528680	0.2541898	0.1825886	0.1927002	0.0978970	0.1633689	0.3836877	0.4193793	0.2053421	0.3262823	0.2765266	0.2572640
3232988179.2228436	0.1797680	0.2123008	0.1558164	0.2346504	0.1528755	0.2541920	0.1825885	0.1926967	0.0978997	0.1633505	0.3836960	0.4193763	0.2052983	0.3262874	0.2765212	0.2572771
3232988179.2327299	0.1797682	0.2123037	0.1558095	0.2346253	0.1528762	0.2541962	0.1825948	0.1926931	0.0978810	0.1633560	0.3836801	0.4193782	0.2052995	0.3262849	0.2765261	0.2572361
3232988179.2426181	0.1797593	0.2122869	0.1558146	0.2346444	0.1528854	0.2542023	0.1825931	0.1926945	0.0978961	0.1633586	0.3836865	0.4193600	0.2052946	0.3262804	0.2765148	0.2572501
3232988179.2525063	0.1797555	0.2122734	0.1558051	0.2346332	0.1528916	0.2542124	0.1825954	0.1927016	0.0978778	0.1633846	0.3837013	0.4193707	0.2052995	0.3262913	0.2765354	0.2572483
3232988179.2623944	0.1797443	0.2123114	0.1558135	0.2346476	0.1528858	0.2541996	0.1825835	0.1926990	0.0978812	0.1633451	0.3836791	0.4193725	0.2052981	0.3262832	0.2765265	0.2572512
3232988179.2722826	0.1797436	0.2122794	0.1557896	0.2346502	0.1528793	0.2542133	0.1825729	0.1926872	0.0978716	0.1633437	0.3836859	0.4193693	0.2053113	0.3262711	0.2765272	0.2572607
3232988179.2821708	0.1797625	0.2123142	0.1558112	0.2346494	0.1528909	0.2542001	0.1825829	0.1927030	0.0979120	0.1633727	0.3836825	0.4193584	0.2053125	0.3262807	0.2765129	0.2572677
3232988179.2920589	0.1797404	0.2122941	0.1558244	0.2346536	0.1528832	0.2542297	0.1825905	0.1926859	0.0978988	0.1633718	0.3836909	0.4193746	0.2053219	0.3262882	0.2765361	0.2572669
3232988179.3019471	0.1797526	0.2122895	0.1558065	0.2346396	0.1528823	0.2542151	0.1825934	0.1927250	0.0978910	0.1633566	0.3836778	0.4193788	0.2053100	0.3263059	0.2765331	0.2572586
3232988179.3118353	0.1797299	0.2122935	0.1557939	0.2346528	0.1528697	0.2541958	0.1825867	0.1926921	0.0978934	0.1633690	0.3836766	0.4193684	0.2053093	0.3262920	0.2765380	0.2572634
3232988179.3217235	0.1797558	0.2122844	0.1558070	0.2346414	0.1528585	0.2542074	0.1826033	0.1927005	0.0978986	0.1633660	0.3836820	0.4193761	0.2053072	0.3263132	0.2765451	0.2572643
3232988179.3316102	0.1797482	0.2122922	0.1557961	0.2346432	0.1528823	0.2542018	0.1825842	0.1926962	0.0978965	0.1633666	0.3836858	0.4193883	0.2053168	0.3262836	0.2765469	0.2572467
3232988179.3414984	0.1797529	0.2123172	0.1558191	0.2346671	0.1528773	0.2542163	0.1825789	0.1926982	0.0978796	0.1633856	0.3837115	0.4193768	0.2053093	0.3262969	0.2765517	0.2572678
3232988179.3513865	0.1797539	0.2122878	0.1557971	0.2346487	0.1528699	0.2542033	0.1825882	0.1927098	0.0978952	0.1633847	0.3836934	0.4193855	0.2053074	0.3263001	0.2765238	0.2572724
3232988179.3612747	0.1797615	0.2122994	0.1558129	0.2346345	0.1528740	0.2542192	0.1825973	0.1926931	0.0978938	0.1633533	0.3837037	0.4193767	0.2053112	0.3262903	0.2765130	0.2572621
3232988179.3711629	0.1797652	0.2123016	0.1558095	0.2346517	0.1528710	0.2542127	0.1825705	0.1927003	0.0978598	0.1633595	0.3836750	0.4193843	0.2053056	0.3262968	0.2765232	0.2572740
3232988179.3810511	0.1797614	0.2123149	0.1558051	0.2346650	0.1528867	0.2542100	0.1825934	0.1926961	0.0979023	0.1633556	0.3837203	0.4193929	0.2053141	0.3262942	0.2765301	0.2572558
3232988179.3909392	0.1797631	0.2123092	0.1558010	0.2346434	0.1528692	0.2542120	0.1825969	0.1927109	0.0978763	0.1633789	0.3836910	0.4193943	0.2053083	0.3262879	0.2765315	0.2572505
3232988179.4008274	0.1797564	0.2122959	0.1558300	0.2346553	0.1529011	0.2542040	0.1826066	0.1927103	0.0979038	0.1633653	0.3836709	0.4193831	0.2052934	0.3262979	0.2765104	0.2572747
3232988179.4107156	0.1797445	0.2123175	0.1558100	0.2346532	0.1528843	0.2542189	0.1825877	0.1927318	0.0978850	0.1633727	0.3836900	0.4193851	0.2053181	0.3262922	0.2765353	0.2572670
3232988179.4206038	0.1797456	0.2123136	0.1557996	0.2346589	0.1528624	0.2542190	0.1825781	0.1927023	0.0979151	0.1633624	0.3836990	0.4193915	0.2053165	0.3262908	0.2765433	0.2572776
3232988179.4304900	0.1797447	0.2123007	0.1558133	0.2346516	0.1528869	0.2542241	0.1825955	0.1927292	0.0978966	0.1633566	0.3836862	0.4193984	0.2053030	0.3262888	0.2765418	0.2572482
3232988179.4403782	0.1797634	0.2122906	0.1558119	0.2346656	0.1528876	0.2542098	0.1825889	0.1926928	0.0978891	0.1633819	0.3836863	0.4193912	0.2053023	0.3262857	0.2765199	0.2572559
3232988179.4502664	0.1797593	0.2122992	0.1558241	0.2346473	0.1528890	0.2542147	0.1825940	0.1927086	0.0979003	0.1633911	0.3836804	0.4193992	0.2053089	0.3262906	0.2765450	0.2572533
3232988179.4601545	0.1797575	0.2122929	0.1558050	0.2346608	0.1528885	0.2542244	0.1826038	0.1927156	0.0978812	0.1633810	0.3836882	0.4193808	0.2053252	0.3263030	0.2765344	0.2572684
3232988179.4700427	0.1797379	0.2123127	0.1558084	0.2346643	0.1528737	0.2542150	0.1825793	0.1927108	0.0978969	0.1633612	0.3836835	0.4193952	0.2053194	0.3262871	0.2765314	0.2572711
3232988179.4799309	0.1797466	0.2123105	0.1558191	0.2346447	0.1528569	0.2542119	0.1825860	0.1927186	0.0978960	0.1633730	0.3836951	0.4193833	0.2053064	0.3262945	0.2765289	0.2572648
3232988179.4898190	0.1797668	0.2123102	0.1557954	0.2346597	0.1528662	0.2542128	0.1826087	0.1927233	0.0978892	0.1633717	0.3837043	0.4194180	0.2053158	0.3262819	0.2765295	0.2572575
3232988179.4997072	0.1797586	0.2123088	0.1558132	0.2346648	0.1528877	0.2542206	0.1826141	0.1927197	0.0978756	0.1633608	0.3836900	0.4194013	0.2053271	0.3262922	0.2765431	0.2572560
3232988179.5095954	0.1797518	0.2123106	0.1558147	0.2346526	0.1528738	0.2542271	0.1826107	0.1927110	0.0978908	0.1633810	0.3836930	0.4193980	0.2053117	0.3262943	0.2765417	0.2572713
3232988179.5194836	0.1797557	0.2123178	0.1558381	0.2346356	0.1528740	0.2542194	0.1826055	0.1927092	0.0978777	0.1633585	0.3837057	0.4193817	0.2053234	0.3262982	0.2765403	0.2572560
3232988179.5293703	0.1797487	0.2122762	0.1558132	0.2346514	0.1528684	0.2542028	0.1825825	0.1926909	0.0978887	0.1633603	0.3836954	0.4193726	0.2053152	0.3263079	0.2765220	0.2572731
3232988179.5392585	0.1797545	0.2123054	0.1558020	0.2346803	0.1528772	0.2542173	0.1825903	0.1927097	0.0978922	0.1633617	0.3837026	0.4193865	0.2053099	0.3263029	0.2765336	0.2572831
3232988179.5491467	0.1797758	0.2123099	0.1558252	0.2346565	0.1528851	0.2542237	0.1825965	0.1926907	0.0978778	0.1633828	0.3836891	0.4193782	0.2053067	0.3262843	0.2765400	0.2572631
3232988179.5590348	0.1797652	0.2123037	0.1558123	0.2346609	0.1528935	0.2542037	0.1825957	0.1927103	0.0978762	0.1633796	0.3837072	0.4193968	0.2053036	0.3263028	0.2765422	0.2572748
3232988179.5689230	0.1797596	0.2123008	0.1557990	0.2346397	0.1528866	0.2542143	0.1826059	0.1927030	0.0978971	0.1633762	0.3836998	0.4193844	0.2053332	0.3263028	0.2765366	0.2572766
3232988179.5788112	0.1797551	0.2123057	0.1558063	0.2346672	0.1528735	0.2542176	0.1825813	0.1926921	0.0979029	0.1633733	0.3836893	0.4193763	0.2053019	0.3263039	0.2765171	0.2572555
3232988179.5886993	0.1797628	0.2123075	0.1558039	0.2346526	0.1528833	0.2542346	0.1825900	0.1926944	0.0978818	0.1633561	0.3836938	0.4193764	0.2053271	0.3263038	0.2765296	0.2572597
3232988179.5985875	0.1797617	0.2123174	0.1558260	0.2346590	0.1528859	0.2542193	0.1825955	0.1927001	0.0978877	0.1633321	0.3836979	0.4193728	0.2053092	0.3262872	0.2765334	0.2572350
3232988179.6084757	0.1797984	0.2123096	0.1558126	0.2346639	0.1528864	0.2542138	0.1826158	0.1926983	0.0978900	0.1633615	0.3837052	0.4193955	0.2053224	0.3262830	0.2765346	0.2572607
3232988179.6183639	0.1797562	0.2122962	0.1558194	0.2346457	0.1528930	0.2542338	0.1825972	0.1927175	0.0978816	0.1633594	0.3837179	0.4193932	0.2053182	0.3262917	0.2765363	0.2572625
3232988179.6282501	0.1797617	0.2123042	0.1558241	0.2346587	0.1528738	0.2542268	0.1825962	0.1926915	0.0978881	0.1633598	0.3836931	0.4193991	0.2053158	0.3262839	0.2765324	0.2572530
3232988179.6381383	0.1797536	0.2123271	0.1558054	0.2346509	0.1528774	0.2542388	0.1825844	0.1927045	0.0978806	0.1633750	0.3836998	0.4193686	0.2053176	0.3262783	0.2765298	0.2572576
3232988179.6480265	0.1797739	0.2122851	0.1558149	0.2346537	0.1528933	0.2542113	0.1825886	0.1927084	0.0978920	0.1633589	0.3836865	0.4193801	0.2053121	0.3262950	0.2765427	0.2572659
3232988179.6579146	0.1797638	0.2123156	0.1558074	0.2346674	0.1528749	0.2542178	0.1825909	0.1927074	0.0978964	0.1633575	0.3836903	0.4193824	0.2053215	0.3262973	0.2765329	0.2572567
3232988179.6678028	0.1797787	0.2122962	0.1558157	0.2346495	0.1528977	0.2542086	0.1826051	0.1927122	0.0979181	0.1633693	0.3837074	0.4193951	0.2053299	0.3263013	0.2765318	0.2572687
3232988179.6776910	0.1797704	0.2122981	0.1558192	0.2346610	0.1529017	0.2542248	0.1825960	0.1927106	0.0978814	0.1633650	0.3837076	0.4193678	0.2053020	0.3263004	0.2765238	0.2572483
3232988179.6875792	0.1797678	0.2122954	0.1558092	0.2346598	0.1528910	0.2542178	0.1826076	0.1926935	0.0978919	0.1633700	0.3836871	0.4193730	0.2053218	0.3262961	0.2765323	0.2572470
3232988179.6974673	0.1797547	0.2122985	0.1558095	0.2346671	0.1528837	0.2542164	0.1825844	0.1926984	0.0978988	0.1633601	0.3836981	0.4193849	0.2053018	0.3262864	0.2765251	0.2572505
3232988179.7073555	0.1797693	0.2123021	0.1558151	0.2346389	0.1528946	0.2542020	0.1826116	0.1926971	0.0978952	0.1633730	0.3837025	0.4193813	0.2053108	0.3262803	0.2765481	0.2572776
3232988179.7172437	0.1797786	0.2123055	0.1557991	0.2346667	0.1528909	0.2542288	0.1826086	0.1927151	0.0979012	0.1633850	0.3836934	0.4193734	0.2053124	0.3263040	0.2765120	0.2572643
3232988179.7271299	0.1797709	0.2122967	0.1558214	0.2346635	0.1528861	0.2542178	0.1826056	0.1927061	0.0979012	0.1633553	0.3836996	0.4193591	0.2053145	0.3262877	0.2765293	0.2572638
3232988179.7370181	0.1797521	0.2122942	0.1558092	0.2346670	0.1528831	0.2542227	0.1826105	0.1927033	0.0978771	0.1633674	0.3837150	0.4193826	0.2053119	0.3262878	0.2765363	0.2572652
3232988179.7469063	0.1797675	0.2122790	0.1558137	0.2346568	0.1528802	0.2542203	0.1825743	0.1926885	0.0978790	0.1633501	0.3837014	0.4193708	0.2053003	0.3262980	0.2765307	0.2572630
3232988179.7567945	0.1797707	0.2122930	0.1558245	0.2346582	0.1528904	0.2542102	0.1826037	0.1927199	0.0978839	0.1633648	0.3836938	0.4193848	0.2053063	0.3262901	0.2765172	0.2572655
3232988179.7666826	0.1797708	0.2122881	0.1558072	0.2346625	0.1528740	0.2542267	0.1826051	0.1926938	0.0978837	0.1633727	0.3836874	0.4193795	0.2053147	0.3262856	0.2765283	0.2572791
3232988179.7765708	0.1797680	0.2122942	0.1558159	0.2346451	0.1528873	0.2542101	0.1826149	0.1927009	0.0979020	0.1633584	0.3836832	0.4193484	0.2053101	0.3262838	0.2765185	0.2572484
3232988179.7864590	0.1797638	0.2122951	0.1558040	0.2346536	0.1528866	0.2542185	0.1825913	0.1927064	0.0978955	0.1633620	0.3837031	0.4193687	0.2053000	0.3262678	0.2765081	0.2572602
3232988179.7963471	0.1797683	0.2122923	0.1558047	0.2346652	0.1528727	0.2542313	0.1826180	0.1927164	0.0979102	0.1633678	0.3836922	0.4193911	0.2053062	0.3262670	0.2765170	0.2572675
3232988179.8062353	0.1797681	0.2123029	0.1558032	0.2346579	0.1528961	0.2542099	0.1825970	0.1927152	0.0978757	0.1633619	0.3836844	0.4193856	0.2053000	0.3262908	0.2765286	0.2572660
3232988179.8161235	0.1797866	0.2122974	0.1558224	0.2346508	0.1529011	0.2542285	0.1826075	0.1926866	0.0978925	0.1633662	0.3836948	0.4193776	0.2053080	0.3262826	0.2765015	0.2572582
3232988179.8260102	0.1797753	0.2123122	0.1558308	0.2346492	0.1528955	0.2542226	0.1826155	0.1926991	0.0978957	0.1633589	0.3836993	0.4193841	0.2052949	0.3262945	0.2765207	0.2572618
3232988179.8358984	0.1797798	0.2122989	0.1558246	0.2346609	0.1529126	0.2542222	0.1826050	0.1926919	0.0978923	0.1633682	0.3836845	0.4194049	0.2053199	0.3262953	0.2765313	0.2572331
3232988179.8457866	0.1797551	0.2123143	0.1558073	0.2346709	0.1528753	0.2542240	0.1826049	0.1927212	0.0978907	0.1633759	0.3836825	0.4194068	0.2053080	0.3263002	0.2765238	0.2572765
3232988179.8556747	0.1797437	0.2122996	0.1557976	0.2346635	0.1528841	0.2542192	0.1826034	0.1927069	0.0978941	0.1633624	0.3836969	0.4193935	0.2053161	0.3262828	0.2765222	0.2572640
3232988179.8655629	0.1797652	0.2123069	0.1558209	0.2346459	0.1528965	0.2542334	0.1825995	0.1927093	0.0978992	0.1633786	0.3837142	0.4194007	0.2053054	0.3263057	0.2765237	0.2572523
3232988179.8754511	0.1797660	0.2122806	0.1558253	0.2346420	0.1528949	0.2542177	0.1826322	0.1926969	0.0978851	0.1633673	0.3837090	0.4193752	0.2053218	0.3262896	0.2765243	0.2572701
3232988179.8853393	0.1797635	0.2123072	0.1557984	0.2346509	0.1528949	0.2541912	0.1825948	0.1927250	0.0979071	0.1633582	0.3837115	0.4193818	0.2053187	0.3263033	0.2765474	0.2572578
3232988179.8952274	0.1797607	0.2123016	0.1558094	0.2346617	0.1528928	0.2542170	0.1825973	0.1927228	0.0978824	0.1633655	0.3837098	0.4193963	0.2053030	0.3262880	0.2765397	0.2572679
3232988179.9051156	0.1797507	0.2123086	0.1557878	0.2346536	0.1528741	0.2542059	0.1826086	0.1927103	0.0978833	0.1633703	0.3836981	0.4193824	0.2053196	0.3263023	0.2765363	0.2572803
3232988179.9150038	0.1797737	0.2122898	0.1558110	0.2346432	0.1528967	0.2542006	0.1826068	0.1927070	0.0979017	0.1633835	0.3836962	0.4193932	0.2053127	0.3263039	0.2765179	0.2572816
3232988179.9248900	0.1797739	0.2122987	0.1558213	0.2346589	0.1528846	0.2542426	0.1826005	0.1927030	0.0978915	0.1633532	0.3837068	0.4193911	0.2052969	0.3263026	0.2765408	0.2572669
3232988179.9347782	0.1797646	0.2122917	0.1558169	0.2346653	0.1528899	0.2542140	0.1826100	0.1927213	0.0978974	0.1633523	0.3837056	0.4193967	0.2053000	0.3263081	0.2765112	0.2572858
3232988179.9446664	0.1797479	0.2123106	0.1558118	0.2346607	0.1528806	0.2542169	0.1826036	0.1927193	0.0978955	0.1633437	0.3837100	0.4193907	0.2053101	0.3263166	0.2765188	0.2572643
3232988179.9545546	0.1797630	0.2122969	0.1558186	0.2346609	0.1529029	0.2542071	0.1826053	0.1927051	0.0978729	0.1633808	0.3837091	0.4194001	0.2053315	0.3262946	0.2765345	0.2572600
3232988179.9644427	0.1797641	0.2123191	0.1558203	0.2346616	0.1528694	0.2542100	0.1825968	0.1927042	0.0978952	0.1633669	0.3836938	0.4193884	0.2053159	0.3263015	0.2765175	0.2572652
3232988179.9743309	0.1797685	0.2123050	0.1558106	0.2346613	0.1528862	0.2542310	0.1826059	0.1927155	0.0978902	0.1633758	0.3836792	0.4194246	0.2053009	0.3263009	0.2765207	0.2572709
3232988179.9842191	0.1797426	0.2123129	0.1558058	0.2346716	0.1529039	0.2542292	0.1826116	0.1927136	0.0978897	0.1633599	0.3836995	0.4193859	0.2053198	0.3263076	0.2765262	0.2572739
3232988179.9941072	0.1797746	0.2123000	0.1558106	0.2346602	0.1529028	0.2542162	0.1825976	0.1927084	0.0978978	0.1633600	0.3836697	0.4194160	0.2053072	0.3262994	0.2765290	0.2572707
3232988180.0039954	0.1797708	0.2123051	0.1558153	0.2346595	0.1528794	0.2542154	0.1825920	0.1927055	0.0978974	0.1633750	0.3836904	0.4193958	0.2053186	0.3263330	0.2765170	0.2572811
3232988180.0138836	0.1797816	0.2123231	0.1558091	0.2346668	0.1528841	0.2542275	0.1826040	0.1927091	0.0978862	0.1633685	0.3836928	0.4194041	0.2053177	0.3263048	0.2765591	0.2572704
3232988180.0237703	0.1797675	0.2123201	0.1558144	0.2346829	0.1528791	0.2542155	0.1826027	0.1927019	0.0979021	0.1633793	0.3837099	0.4193965	0.2052977	0.3263133	0.2765387	0.2572909
3232988180.0336585	0.1797861	0.2123241	0.1558029	0.2346496	0.1528767	0.2542328	0.1826077	0.1927248	0.0978886	0.1633674	0.3836656	0.4193935	0.2053154	0.3263045	0.2765217	0.2572684
3232988180.0435467	0.1797747	0.2123112	0.1558104	0.2346782	0.1528787	0.2542275	0.1825896	0.1927127	0.0978904	0.1633765	0.3836856	0.4193910	0.2053073	0.3263106	0.2765278	0.2572783
3232988180.0534348	0.1797822	0.2123099	0.1558046	0.2346592	0.1528942	0.2542379	0.1825873	0.1927094	0.0978704	0.1633691	0.3836966	0.4194143	0.2052912	0.3263106	0.2765339	0.2572765
3232988180.0633230	0.1797567	0.2123100	0.1558030	0.2346616	0.1528893	0.2542251	0.1825796	0.1927029	0.0979081	0.1633591	0.3836981	0.4194018	0.2053067	0.3263209	0.2765316	0.2572741
3232988180.0732112	0.1797588	0.2123034	0.1558223	0.2346639	0.1528652	0.2542362	0.1826016	0.1927047	0.0978893	0.1633708	0.3836980	0.4194199	0.2052955	0.3263172	0.2765300	0.2572707
3232988180.0830994	0.1797762	0.2123109	0.1558024	0.2346648	0.1529089	0.2542418	0.1826050	0.1927122	0.0978950	0.1633637	0.3837033	0.4194004	0.2053247	0.3263253	0.2765197	0.2572815
3232988180.0929875	0.1797687	0.2123161	0.1558138	0.2346662	0.1528771	0.2542241	0.1826123	0.1927300	0.0978962	0.1633687	0.3836955	0.4194231	0.2053162	0.3263258	0.2765489	0.2572929
3232988180.1028757	0.1797549	0.2123223	0.1558244	0.2346866	0.1528811	0.2542248	0.1825981	0.1927292	0.0978845	0.1633648	0.3837098	0.4194125	0.2053119	0.3263273	0.2765199	0.2572802
3232988180.1127639	0.1797426	0.2123221	0.1558066	0.2346681	0.1528907	0.2542473	0.1825998	0.1927252	0.0978970	0.1633706	0.3836960	0.4194093	0.2053101	0.3263192	0.2765394	0.2572717
3232988180.1226501	0.1797546	0.2123150	0.1557932	0.2346639	0.1528831	0.2542364	0.1825931	0.1927194	0.0978973	0.1633839	0.3837008	0.4194227	0.2052972	0.3263134	0.2765318	0.2572873
3232988180.1325383	0.1797636	0.2123112	0.1558065	0.2346695	0.1528653	0.2542457	0.1826042	0.1927168	0.0978846	0.1633691	0.3836876	0.4194114	0.2053020	0.3263061	0.2765359	0.2572794
3232988180.1424265	0.1797724	0.2123169	0.1558022	0.2346753	0.1528872	0.2542323	0.1826156	0.1927055	0.0978960	0.1633615	0.3837066	0.4194072	0.2053103	0.3263072	0.2765302	0.2572791
3232988180.1523147	0.1797628	0.2123124	0.1558081	0.2346669	0.1528911	0.2542263	0.1826155	0.1927188	0.0978844	0.1633613	0.3837129	0.4194247	0.2053358	0.3263182	0.2765330	0.2572795
3232988180.1622028	0.1797457	0.2123214	0.1558065	0.2346515	0.1528802	0.2542494	0.1825771	0.1927151	0.0978868	0.1633826	0.3836973	0.4193958	0.2053310	0.3263269	0.2765607	0.2572818
3232988180.1720910	0.1797687	0.2122994	0.1558096	0.2346602	0.1528959	0.2542508	0.1826001	0.1927044	0.0978781	0.1633620	0.3836972	0.4194056	0.2053189	0.3263226	0.2765206	0.2572785
3232988180.1819792	0.1797638	0.2123067	0.1558177	0.2346694	0.1528960	0.2542381	0.1826100	0.1927335	0.0978852	0.1633761	0.3837013	0.4194019	0.2053305	0.3263251	0.2765433	0.2572841
3232988180.1918673	0.1797725	0.2123054	0.1558144	0.2346653	0.1528932	0.2542300	0.1826052	0.1927077	0.0978948	0.1633853	0.3837077	0.4194206	0.2053157	0.3263064	0.2765262	0.2572733
3232988180.2017555	0.1797530	0.2123133	0.1558052	0.2346661	0.1528799	0.2542368	0.1825956	0.1927223	0.0978888	0.1633874	0.3837051	0.4194236	0.2053321	0.3263198	0.2765210	0.2572777
3232988180.2116437	0.1797522	0.2123072	0.1558340	0.2346734	0.1528945	0.2542462	0.1825765	0.1926981	0.0978973	0.1633767	0.3836903	0.4194284	0.2053129	0.3263201	0.2765304	0.2572715
3232988180.2215300	0.1797485	0.2123383	0.1558103	0.2346648	0.1528737	0.2542339	0.1825908	0.1927237	0.0978993	0.1633996	0.3836976	0.4194073	0.2053055	0.3263259	0.2765440	0.2572682
3232988180.2314181	0.1797701	0.2123085	0.1558055	0.2346640	0.1528867	0.2542408	0.1825952	0.1927182	0.0979001	0.1633782	0.3836906	0.4194186	0.2053140	0.3263002	0.2765332	0.2572885
3232988180.2413063	0.1797639	0.2123246	0.1558337	0.2346802	0.1528888	0.2542204	0.1825924	0.1927203	0.0978841	0.1633742	0.3837036	0.4194293	0.2053206	0.3263352	0.2765552	0.2572786
3232988180.2511945	0.1797823	0.2123288	0.1558088	0.2346868	0.1528873	0.2542380	0.1826048	0.1927271	0.0979018	0.1633837	0.3836949	0.4194333	0.2053158	0.3263191	0.2765366	0.2572895
3232988180.2610826	0.1797683	0.2123224	0.1558172	0.2346742	0.1528816	0.2542220	0.1825980	0.1927245	0.0978953	0.1633592	0.3837189	0.4193936	0.2053157	0.3263052	0.2765387	0.2572806
3232988180.2709708	0.1797681	0.2123168	0.1558077	0.2346635	0.1528859	0.2542271	0.1825999	0.1927211	0.0978912	0.1633832	0.3836774	0.4194042	0.2053142	0.3263150	0.2765336	0.2572822
3232988180.2808590	0.1797677	0.2123028	0.1558188	0.2346824	0.1528929	0.2542304	0.1826020	0.1927172	0.0978835	0.1633931	0.3837198	0.4194140	0.2053070	0.3263186	0.2765250	0.2572657
3232988180.2907472	0.1797543	0.2123042	0.1558129	0.2346881	0.1528922	0.2542314	0.1825843	0.1927243	0.0978937	0.1633703	0.3836898	0.4194334	0.2053066	0.3263078	0.2765337	0.2572759
3232988180.3006353	0.1797684	0.2123262	0.1558292	0.2346928	0.1528905	0.2542518	0.1826001	0.1927292	0.0978814	0.1633802	0.3837071	0.4194016	0.2053068	0.3263087	0.2765163	0.2572743
3232988180.3105235	0.1797799	0.2122978	0.1558225	0.2346759	0.1528899	0.2542359	0.1826086	0.1927224	0.0978961	0.1633717	0.3836999	0.4194050	0.2053278	0.3263209	0.2765263	0.2572713
3232988180.3204102	0.1797614	0.2123063	0.1558205	0.2346903	0.1528814	0.2542385	0.1826038	0.1927320	0.0978941	0.1633966	0.3836954	0.4193939	0.2053306	0.3263171	0.2765392	0.2572791
3232988180.3302984	0.1797866	0.2123012	0.1558324	0.2346690	0.1528727	0.2542482	0.1825934	0.1927083	0.0979037	0.1633839	0.3837004	0.4194154	0.2053010	0.3262998	0.2765586	0.2572832
3232988180.3401866	0.1797666	0.2123074	0.1558061	0.2346825	0.1528818	0.2542337	0.1826139	0.1927195	0.0979024	0.1633587	0.3836914	0.4194081	0.2053183	0.3263321	0.2765345	0.2572735
3232988180.3500748	0.1797809	0.2123095	0.1558369	0.2346705	0.1528976	0.2542345	0.1825982	0.1927167	0.0978889	0.1633730	0.3837110	0.4194064	0.2053146	0.3262964	0.2765519	0.2572983
3232988180.3599629	0.1797697	0.2123256	0.1558032	0.2346699	0.1528873	0.2542209	0.1826144	0.1927335	0.0978933	0.1633761	0.3836938	0.4193890	0.2053234	0.3263087	0.2765379	0.2572748
3232988180.3698511	0.1797750	0.2123103	0.1558147	0.2346836	0.1528800	0.2542260	0.1825956	0.1927362	0.0978873	0.1633623	0.3836935	0.4194104	0.2053098	0.3263133	0.2765470	0.2572883
3232988180.3797393	0.1797623	0.2123092	0.1557949	0.2346808	0.1528867	0.2542315	0.1825903	0.1927128	0.0978910	0.1633919	0.3836829	0.4194101	0.2052982	0.3263174	0.2765425	0.2572813
3232988180.3896275	0.1797657	0.2123052	0.1558208	0.2346654	0.1528740	0.2542218	0.1825876	0.1927153	0.0978924	0.1633698	0.3837144	0.4194066	0.2053146	0.3262956	0.2765337	0.2572736
3232988180.3995156	0.1797695	0.2123213	0.1558294	0.2346728	0.1528915	0.2542376	0.1825868	0.1927132	0.0978987	0.1633655	0.3836934	0.4194197	0.2052995	0.3263265	0.2765446	0.2572540
3232988180.4094038	0.1797757	0.2122877	0.1558241	0.2346685	0.1528758	0.2542212	0.1825969	0.1927053	0.0978959	0.1633703	0.3836925	0.4194287	0.2053337	0.3263125	0.2765131	0.2572725
3232988180.4192901	0.1797632	0.2123211	0.1558195	0.2346550	0.1528975	0.2542316	0.1826137	0.1927144	0.0979017	0.1633595	0.3837007	0.4194095	0.2053235	0.3263075	0.2765351	0.2572780
3232988180.4291782	0.1797581	0.2122946	0.1558118	0.2346570	0.1528702	0.2542282	0.1826044	0.1927039	0.0978761	0.1633642	0.3836992	0.4194021	0.2053015	0.3262940	0.2765333	0.2572750
3232988180.4390664	0.1797654	0.2123190	0.1558080	0.2346812	0.1528763	0.2542243	0.1826035	0.1927281	0.0978934	0.1633680	0.3836979	0.4193924	0.2053147	0.3263104	0.2765177	0.2572817
3232988180.4489546	0.1797783	0.2122930	0.1558128	0.2346419	0.1529149	0.2542254	0.1826001	0.1927111	0.0978957	0.1633743	0.3837059	0.4193968	0.2053192	0.3263182	0.2765422	0.2572891
3232988180.4588428	0.1797667	0.2123052	0.1558092	0.2346623	0.1528857	0.2542182	0.1826204	0.1927232	0.0978980	0.1633796	0.3837056	0.4193917	0.2053206	0.3263075	0.2765342	0.2572839
3232988180.4687309	0.1797607	0.2123224	0.1558117	0.2346542	0.1528933	0.2542308	0.1826119	0.1926967	0.0978959	0.1633725	0.3836986	0.4194031	0.2053115	0.3262987	0.2765348	0.2572726
3232988180.4786191	0.1797685	0.2123175	0.1558118	0.2346619	0.1528948	0.2542252	0.1826042	0.1927155	0.0978984	0.1633576	0.3837122	0.4194095	0.2053000	0.3263200	0.2765253	0.2572661
3232988180.4885073	0.1797741	0.2123190	0.1557984	0.2346615	0.1528710	0.2542186	0.1825947	0.1927248	0.0978829	0.1633736	0.3837059	0.4193949	0.2053300	0.3263163	0.2765490	0.2572739
3232988180.4983954	0.1797579	0.2123256	0.1558199	0.2346807	0.1528940	0.2542342	0.1825893	0.1927083	0.0978924	0.1633735	0.3836933	0.4194094	0.2053242	0.3263157	0.2765356	0.2572725
3232988180.5082836	0.1797675	0.2122975	0.1558244	0.2346468	0.1528758	0.2542092	0.1826053	0.1927151	0.0978897	0.1633879	0.3837000	0.4193976	0.2053124	0.3263044	0.2765433	0.2572685
3232988180.5181699	0.1797781	0.2123123	0.1558126	0.2346683	0.1528803	0.2542461	0.1825980	0.1927229	0.0979064	0.1633726	0.3837105	0.4193888	0.2053180	0.3263115	0.2765372	0.2572765
3232988180.5280580	0.1797926	0.2123072	0.1558173	0.2346635	0.1528846	0.2542211	0.1825912	0.1927138	0.0978980	0.1633744	0.3837190	0.4194049	0.2053114	0.3262982	0.2765282	0.2572733
3232988180.5379462	0.1797533	0.2122899	0.1558350	0.2346523	0.1528756	0.2542241	0.1825959	0.1927087	0.0978734	0.1633890	0.3837066	0.4193970	0.2053113	0.3263132	0.2765411	0.2572935
3232988180.5478344	0.1797693	0.2122913	0.1558032	0.2346684	0.1528936	0.2542297	0.1825954	0.1927025	0.0978972	0.1633812	0.3837035	0.4194096	0.2053240	0.3263099	0.2765627	0.2572700
3232988180.5577226	0.1797835	0.2123198	0.1558243	0.2346809	0.1528879	0.2542192	0.1826198	0.1927154	0.0979110	0.1633889	0.3837262	0.4194034	0.2053434	0.3263134	0.2765432	0.2572832
3232988180.5676107	0.1797711	0.2122937	0.1558040	0.2346536	0.1528817	0.2541990	0.1826009	0.1927003	0.0978935	0.1633701	0.3837182	0.4194055	0.2053353	0.3263034	0.2765400	0.2572697
3232988180.5774989	0.1797674	0.2123156	0.1557999	0.2346642	0.1528918	0.2542185	0.1825994	0.1927049	0.0978936	0.1633724	0.3837106	0.4194163	0.2052890	0.3262890	0.2765476	0.2572808
3232988180.5873871	0.1797675	0.2123159	0.1558100	0.2346532	0.1528697	0.2542246	0.1825930	0.1927080	0.0978876	0.1633638	0.3837288	0.4193838	0.2053373	0.3263086	0.2765427	0.2572878
3232988180.5972753	0.1797607	0.2123054	0.1558108	0.2346467	0.1528684	0.2542070	0.1825915	0.1926981	0.0978903	0.1633682	0.3837359	0.4194017	0.2053235	0.3263076	0.2765254	0.2572619
3232988180.6071634	0.1797773	0.2123036	0.1558291	0.2346512	0.1528822	0.2542238	0.1825875	0.1927046	0.0979037	0.1633688	0.3837131	0.4194096	0.2053303	0.3262920	0.2765345	0.2572738
3232988180.6170502	0.1797780	0.2123117	0.1558208	0.2346768	0.1528879	0.2542326	0.1825827	0.1927152	0.0979104	0.1633546	0.3837387	0.4194044	0.2053331	0.3263129	0.2765529	0.2572606
3232988180.6269383	0.1797723	0.2123090	0.1558203	0.2346591	0.1528750	0.2542252	0.1826126	0.1927248	0.0979026	0.1633859	0.3837153	0.4194050	0.2053259	0.3262922	0.2765422	0.2572763
3232988180.6368265	0.1797595	0.2123098	0.1558159	0.2346554	0.1528845	0.2542183	0.1825923	0.1927185	0.0978954	0.1633788	0.3837119	0.4193789	0.2053230	0.3263247	0.2765587	0.2572934
3232988180.6467147	0.1797484	0.2122903	0.1558075	0.2346634	0.1528832	0.2542125	0.1826087	0.1927099	0.0979007	0.1633792	0.3837091	0.4194006	0.2053027	0.3263073	0.2765289	0.2572597
3232988180.6566029	0.1797496	0.2122982	0.1558216	0.2346758	0.1528879	0.2542078	0.1825851	0.1927060	0.0978988	0.1633809	0.3837219	0.4194074	0.2053189	0.3262983	0.2765325	0.2572749
3232988180.6664910	0.1797765	0.2123180	0.1558015	0.2346592	0.1528881	0.2542221	0.1826068	0.1927028	0.0978942	0.1633593	0.3837113	0.4194201	0.2053264	0.3263066	0.2765282	0.2572753
3232988180.6763792	0.1797588	0.2123216	0.1558069	0.2346786	0.1528736	0.2542139	0.1825994	0.1927117	0.0978904	0.1633755	0.3836993	0.4193838	0.2053221	0.3263148	0.2765396	0.2572844
3232988180.6862674	0.1797625	0.2123033	0.1558283	0.2346330	0.1528943	0.2542143	0.1826028	0.1927206	0.0978985	0.1633718	0.3836919	0.4193823	0.2053218	0.3263068	0.2765348	0.2572732
3232988180.6961555	0.1797587	0.2123159	0.1558054	0.2346623	0.1528732	0.2542159	0.1825948	0.1927047	0.0978876	0.1633723	0.3836970	0.4193947	0.2053172	0.3263247	0.2765473	0.2572823
3232988180.7060437	0.1797561	0.2123253	0.1558142	0.2346644	0.1528648	0.2542479	0.1825963	0.1927003	0.0978937	0.1633722	0.3836982	0.4193982	0.2053135	0.3263140	0.2765357	0.2572780
3232988180.7159300	0.1797714	0.2123265	0.1558019	0.2346613	0.1528821	0.2542364	0.1825938	0.1927100	0.0978815	0.1633771	0.3837100	0.4194104	0.2053033	0.3263355	0.2765429	0.2572658
3232988180.7258182	0.1797683	0.2122990	0.1558273	0.2346734	0.1528868	0.2542318	0.1826060	0.1927157	0.0978930	0.1633723	0.3837124	0.4194220	0.2053101	0.3263072	0.2765409	0.2572790
3232988180.7357063	0.1797740	0.2123027	0.1558223	0.2346662	0.1528981	0.2542470	0.1826004	0.1927054	0.0979032	0.1633741	0.3837084	0.4193956	0.2053315	0.3263270	0.2765369	0.2572829
3232988180.7455945	0.1797618	0.2123067	0.1558014	0.2346421	0.1528738	0.2542344	0.1826033	0.1927110	0.0978850	0.1633820	0.3837022	0.4194083	0.2053057	0.3263044	0.2765283	0.2572723
3232988180.7554827	0.1797679	0.2123240	0.1558279	0.2346695	0.1528792	0.2542158	0.1825960	0.1927186	0.0978902	0.1633633	0.3837014	0.4194034	0.2053098	0.3263377	0.2765305	0.2572572
3232988180.7653708	0.1797904	0.2123175	0.1558117	0.2346681	0.1528803	0.2542208	0.1826113	0.1927175	0.0978928	0.1633724	0.3836983	0.4194106	0.2053335	0.3263041	0.2765463	0.2572760
3232988180.7752590	0.1797569	0.2123252	0.1558357	0.2346756	0.1528944	0.2542264	0.1826032	0.1927060	0.0978893	0.1633582	0.3837065	0.4193907	0.2053111	0.3263158	0.2765288	0.2572788
3232988180.7851472	0.1797768	0.2123032	0.1558188	0.2346639	0.1528812	0.2542283	0.1826207	0.1927039	0.0978938	0.1633873	0.3836982	0.4194114	0.2053223	0.3263277	0.2765347	0.2572695
3232988180.7950354	0.1797681	0.2123132	0.1558115	0.2346699	0.1528760	0.2542226	0.1825942	0.1927119	0.0978954	0.1633609	0.3837152	0.4194012	0.2053054	0.3263192	0.2765421	0.2573083
3232988180.8049235	0.1797744	0.2123087	0.1558125	0.2346597	0.1528959	0.2542228	0.1826165	0.1927025	0.0979039	0.1633805	0.3837091	0.4194131	0.2053206	0.3263067	0.2765497	0.2572785
3232988180.8148103	0.1797664	0.2123023	0.1558132	0.2346671	0.1528981	0.2542342	0.1826000	0.1927296	0.0978959	0.1633597	0.3837074	0.4193945	0.2053153	0.3263218	0.2765340	0.2572734
3232988180.8246984	0.1797761	0.2123123	0.1558258	0.2346714	0.1528763	0.2542345	0.1825942	0.1927180	0.0979025	0.1633660	0.3836931	0.4194235	0.2053243	0.3263269	0.2765538	0.2572836
3232988180.8345866	0.1797750	0.2123100	0.1558078	0.2346595	0.1528891	0.2542340	0.1826064	0.1927167	0.0978873	0.1633618	0.3837162	0.4194140	0.2053212	0.3263317	0.2765281	0.2572703
3232988180.8444748	0.1797516	0.2123122	0.1558176	0.2346793	0.1528830	0.2542436	0.1826085	0.1926886	0.0978774	0.1633767	0.3837188	0.4194217	0.2053105	0.3263178	0.2765345	0.2572921
3232988180.8543630	0.1797718	0.2123260	0.1558007	0.2346733	0.1528622	0.2542217	0.1825974	0.1927211	0.0978910	0.1633846	0.3837116	0.4194089	0.2053199	0.3263106	0.2765362	0.2572946
3232988180.8642511	0.1797576	0.2123035	0.1558059	0.2346672	0.1528722	0.2542398	0.1825938	0.1927202	0.0978992	0.1633612	0.3837170	0.4194410	0.2053127	0.3263270	0.2765451	0.2572853
3232988180.8741393	0.1797550	0.2123088	0.1558062	0.2346770	0.1529020	0.2542347	0.1825997	0.1927229	0.0978906	0.1633805	0.3837220	0.4194230	0.2053272	0.3263181	0.2765501	0.2572878
3232988180.8840275	0.1797855	0.2123210	0.1558020	0.2346972	0.1528896	0.2542413	0.1826217	0.1927136	0.0978929	0.1633768	0.3837231	0.4194233	0.2053302	0.3263356	0.2765406	0.2572823
3232988180.8939157	0.1797647	0.2123140	0.1557944	0.2346769	0.1528916	0.2542379	0.1826133	0.1927367	0.0979091	0.1633685	0.3837127	0.4194060	0.2053326	0.3263146	0.2765333	0.2572943
3232988180.9038038	0.1797604	0.2123203	0.1558154	0.2346697	0.1528743	0.2542394	0.1826048	0.1927137	0.0979035	0.1633510	0.3836995	0.4194213	0.2053054	0.3263200	0.2765566	0.2572781
3232988180.9136901	0.1797591	0.2123284	0.1558189	0.2346565	0.1528837	0.2542344	0.1826164	0.1927274	0.0978950	0.1633849	0.3837015	0.4194191	0.2053186	0.3263242	0.2765496	0.2572859
3232988180.9235783	0.1797718	0.2123238	0.1558025	0.2346855	0.1528837	0.2542544	0.1826044	0.1927345	0.0978919	0.1633852	0.3837087	0.4194238	0.2053121	0.3263122	0.2765335	0.2572963
3232988180.9334664	0.1797842	0.2123208	0.1558259	0.2346735	0.1528957	0.2542425	0.1826173	0.1927274	0.0978904	0.1633859	0.3836934	0.4194210	0.2053243	0.3263326	0.2765402	0.2573111
3232988180.9433546	0.1797581	0.2123287	0.1558301	0.2346926	0.1528759	0.2542380	0.1826075	0.1927411	0.0978953	0.1634087	0.3837086	0.4194299	0.2053302	0.3263331	0.2765211	0.2572798
3232988180.9532428	0.1797564	0.2123076	0.1558225	0.2346782	0.1528863	0.2542544	0.1826136	0.1927099	0.0979056	0.1633842	0.3837016	0.4194487	0.2053090	0.3263266	0.2765472	0.2572957
3232988180.9631309	0.1797695	0.2123142	0.1558170	0.2346551	0.1528823	0.2542628	0.1825947	0.1927117	0.0978885	0.1633869	0.3837201	0.4194358	0.2053251	0.3263373	0.2765533	0.2572781
3232988180.9730191	0.1797615	0.2123121	0.1558192	0.2346798	0.1529060	0.2542404	0.1826042	0.1927138	0.0978907	0.1633806	0.3837235	0.4194463	0.2053450	0.3263322	0.2765485	0.2572855
3232988180.9829073	0.1797778	0.2123296	0.1558099	0.2346733	0.1529004	0.2542631	0.1826063	0.1927199	0.0978925	0.1633790	0.3837274	0.4194408	0.2053255	0.3263485	0.2765320	0.2572990
3232988180.9927955	0.1797661	0.2123318	0.1558196	0.2346846	0.1529010	0.2542433	0.1826188	0.1927290	0.0978945	0.1633894	0.3837268	0.4194290	0.2053112	0.3263481	0.2765474	0.2572834
3232988181.0026836	0.1797552	0.2123371	0.1558019	0.2346904	0.1528810	0.2542465	0.1825895	0.1927444	0.0978970	0.1634067	0.3837215	0.4194303	0.2053313	0.3263434	0.2765502	0.2572787
3232988181.0125699	0.1797562	0.2123132	0.1558074	0.2346905	0.1528690	0.2542716	0.1825967	0.1927067	0.0978908	0.1633908	0.3837166	0.4194219	0.2053160	0.3263364	0.2765458	0.2572988
3232988181.0224581	0.1797556	0.2123232	0.1557982	0.2346958	0.1528699	0.2542463	0.1826007	0.1927156	0.0978979	0.1633893	0.3837230	0.4194232	0.2053110	0.3263424	0.2765725	0.2572885
3232988181.0323462	0.1797570	0.2123193	0.1558259	0.2346941	0.1528902	0.2542469	0.1825997	0.1927406	0.0978954	0.1633849	0.3837209	0.4194279	0.2053122	0.3263358	0.2765510	0.2572866
3232988181.0422344	0.1797668	0.2123391	0.1558362	0.2346838	0.1529028	0.2542335	0.1826159	0.1927333	0.0979045	0.1633882	0.3837067	0.4194345	0.2053130	0.3263373	0.2765534	0.2573088
3232988181.0521226	0.1797722	0.2123158	0.1558265	0.2346962	0.1528944	0.2542357	0.1826153	0.1927321	0.0978989	0.1633873	0.3837079	0.4194562	0.2053319	0.3263364	0.2765475	0.2572870
3232988181.0620108	0.1797614	0.2123205	0.1558061	0.2346568	0.1528957	0.2542497	0.1825964	0.1927190	0.0978853	0.1633771	0.3837163	0.4194337	0.2053093	0.3263296	0.2765604	0.2572867
3232988181.0718989	0.1797673	0.2123288	0.1558152	0.2346739	0.1528840	0.2542557	0.1825963	0.1927182	0.0979002	0.1633874	0.3837046	0.4194291	0.2053309	0.3263310	0.2765553	0.2572821
3232988181.0817871	0.1797782	0.2123342	0.1558335	0.2347005	0.1529013	0.2542338	0.1826101	0.1927254	0.0979000	0.1633884	0.3837215	0.4194197	0.2053276	0.3263260	0.2765438	0.2572979
3232988181.0916753	0.1797777	0.2123189	0.1558179	0.2346811	0.1528919	0.2542391	0.1826297	0.1927262	0.0978788	0.1633903	0.3837119	0.4194358	0.2053291	0.3263314	0.2765441	0.2572973
3232988181.1015635	0.1797791	0.2123261	0.1558229	0.2346875	0.1528717	0.2542511	0.1825879	0.1927310	0.0978994	0.1633756	0.3837267	0.4194274	0.2053210	0.3263349	0.2765447	0.2572895
3232988181.1114502	0.1797790	0.2123214	0.1558159	0.2346826	0.1528941	0.2542459	0.1825862	0.1927266	0.0979096	0.1633874	0.3837014	0.4194220	0.2053175	0.3263317	0.2765390	0.2572949
3232988181.1213384	0.1797739	0.2123087	0.1558145	0.2346850	0.1528839	0.2542363	0.1825981	0.1926865	0.0979032	0.1633905	0.3837068	0.4194250	0.2053178	0.3263220	0.2765515	0.2573004
3232988181.1312265	0.1797558	0.2123329	0.1558299	0.2346873	0.1528971	0.2542345	0.1826128	0.1927121	0.0979058	0.1633879	0.3836981	0.4194119	0.2053122	0.3263214	0.2765519	0.2572818
3232988181.1411147	0.1797791	0.2123271	0.1558297	0.2346741	0.1528868	0.2542595	0.1826106	0.1927207	0.0979064	0.1633697	0.3837198	0.4194224	0.2053160	0.3263223	0.2765465	0.2572928
3232988181.1510029	0.1797801	0.2123438	0.1558179	0.2346879	0.1528958	0.2542448	0.1826154	0.1927243	0.0978929	0.1633884	0.3837069	0.4194212	0.2053009	0.3263257	0.2765478	0.2572906
3232988181.1608911	0.1797816	0.2123333	0.1557942	0.2346873	0.1528873	0.2542225	0.1826208	0.1927307	0.0978961	0.1633897	0.3837068	0.4194220	0.2053182	0.3263143	0.2765447	0.2572881
3232988181.1707792	0.1797785	0.2123198	0.1558214	0.2346890	0.1528761	0.2542510	0.1826175	0.1927405	0.0978917	0.1633796	0.3836984	0.4194067	0.2053179	0.3263353	0.2765372	0.2572738
3232988181.1806674	0.1797627	0.2122969	0.1558047	0.2346722	0.1528884	0.2542472	0.1826008	0.1927160	0.0978833	0.1633886	0.3837176	0.4194147	0.2053210	0.3263235	0.2765368	0.2572919
3232988181.1905556	0.1797712	0.2123158	0.1558129	0.2346804	0.1528966	0.2542347	0.1826054	0.1927134	0.0978825	0.1633870	0.3837067	0.4194099	0.2053312	0.3263323	0.2765502	0.2572846
3232988181.2004437	0.1797945	0.2123281	0.1558211	0.2346786	0.1528906	0.2542537	0.1826018	0.1927173	0.0978954	0.1633905	0.3837082	0.4194163	0.2053073	0.3263272	0.2765560	0.2572704
3232988181.2103300	0.1797654	0.2123293	0.1558222	0.2346814	0.1528934	0.2542486	0.1826095	0.1927187	0.0978977	0.1633613	0.3837151	0.4194237	0.2053363	0.3263325	0.2765312	0.2572866
3232988181.2202182	0.1797540	0.2123064	0.1558179	0.2346960	0.1528716	0.2542546	0.1826012	0.1927101	0.0978992	0.1633748	0.3837247	0.4194220	0.2053336	0.3263209	0.2765338	0.2572709
3232988181.2301064	0.1797749	0.2123130	0.1558121	0.2346728	0.1528868	0.2542499	0.1826092	0.1927173	0.0979080	0.1633857	0.3837271	0.4194265	0.2053284	0.3263197	0.2765546	0.2572857
3232988181.2399945	0.1797739	0.2122945	0.1558291	0.2346743	0.1528726	0.2542290	0.1826028	0.1927201	0.0979044	0.1633771	0.3837081	0.4194081	0.2053213	0.3263230	0.2765452	0.2572709
3232988181.2498827	0.1797631	0.2123151	0.1558167	0.2346735	0.1528937	0.2542296	0.1826013	0.1927177	0.0978899	0.1633780	0.3837319	0.4194313	0.2053216	0.3263255	0.2765478	0.2572645
3232988181.2597709	0.1797975	0.2123286	0.1558226	0.2346861	0.1528943	0.2542324	0.1826181	0.1927244	0.0979087	0.1633838	0.3837249	0.4194139	0.2053376	0.3263228	0.2765394	0.2572753
3232988181.2696590	0.1797509	0.2123223	0.1558116	0.2346636	0.1528915	0.2542526	0.1826161	0.1927177	0.0979086	0.1633802	0.3837223	0.4194146	0.2053210	0.3263138	0.2765569	0.2572789
3232988181.2795472	0.1797657	0.2123067	0.1558379	0.2346625	0.1529034	0.2542320	0.1826031	0.1927114	0.0978884	0.1633736	0.3837221	0.4194134	0.2053327	0.3263274	0.2765509	0.2572946
3232988181.2894354	0.1797801	0.2123049	0.1558239	0.2346672	0.1529012	0.2542115	0.1826078	0.1927332	0.0978860	0.1633777	0.3837199	0.4194234	0.2053098	0.3263185	0.2765575	0.2572727
3232988181.2993236	0.1797803	0.2123020	0.1558136	0.2346639	0.1529005	0.2542243	0.1825919	0.1927003	0.0979170	0.1633789	0.3837226	0.4194182	0.2053432	0.3263044	0.2765701	0.2572929
3232988181.3092103	0.1797931	0.2123149	0.1558223	0.2346871	0.1529089	0.2542253	0.1826205	0.1927246	0.0979051	0.1633818	0.3837085	0.4194011	0.2053302	0.3263228	0.2765534	0.2572752
3232988181.3190985	0.1797534	0.2123138	0.1558463	0.2346686	0.1528717	0.2542284	0.1826064	0.1927145	0.0978957	0.1633738	0.3837156	0.4194087	0.2053290	0.3263168	0.2765527	0.2572828
3232988181.3289866	0.1797639	0.2122980	0.1558161	0.2346695	0.1528963	0.2542388	0.1825936	0.1927059	0.0979055	0.1633788	0.3837215	0.4194213	0.2053268	0.3263254	0.2765638	0.2572796
3232988181.3388748	0.1797862	0.2123175	0.1558059	0.2346503	0.1528882	0.2542309	0.1826014	0.1927242	0.0979088	0.1633732	0.3837351	0.4194092	0.2053313	0.3263220	0.2765538	0.2572759
3232988181.3487630	0.1797747	0.2123137	0.1558434	0.2346817	0.1528910	0.2542085	0.1825920	0.1927183	0.0978979	0.1633792	0.3837313	0.4193937	0.2053422	0.3263063	0.2765476	0.2572766
3232988181.3586512	0.1797679	0.2123180	0.1558236	0.2346714	0.1528896	0.2542447	0.1826102	0.1927181	0.0979120	0.1633807	0.3837215	0.4194133	0.2053367	0.3263144	0.2765613	0.2572745
3232988181.3685393	0.1797621	0.2123238	0.1558099	0.2346752	0.1528818	0.2542260	0.1826088	0.1927295	0.0979070	0.1633731	0.3837411	0.4194003	0.2053238	0.3263012	0.2765549	0.2572715
3232988181.3784275	0.1797759	0.2123226	0.1558330	0.2346453	0.1528879	0.2542378	0.1826069	0.1927122	0.0979151	0.1633686	0.3837298	0.4194003	0.2053279	0.3263059	0.2765574	0.2572771
3232988181.3883157	0.1797739	0.2122943	0.1558118	0.2346574	0.1529032	0.2542137	0.1826078	0.1927163	0.0979031	0.1633813	0.3837343	0.4193935	0.2053252	0.3263051	0.2765690	0.2572771
3232988181.3982038	0.1797863	0.2123118	0.1558264	0.2346806	0.1528949	0.2542196	0.1826205	0.1927025	0.0979107	0.1633718	0.3837306	0.4194064	0.2053182	0.3263126	0.2765476	0.2572812
3232988181.4080901	0.1797701	0.2123040	0.1558158	0.2346560	0.1528815	0.2542169	0.1825991	0.1927191	0.0979147	0.1633798	0.3837251	0.4193890	0.2053279	0.3262979	0.2765478	0.2572686
3232988181.4179783	0.1797893	0.2122981	0.1558246	0.2346766	0.1528995	0.2541982	0.1826027	0.1927096	0.0979067	0.1633655	0.3837319	0.4194001	0.2053145	0.3263112	0.2765611	0.2572709
3232988181.4278665	0.1797622	0.2123042	0.1558247	0.2346976	0.1528918	0.2542165	0.1825970	0.1927000	0.0979021	0.1633813	0.3837203	0.4193993	0.2053298	0.3263017	0.2765600	0.2572895
3232988181.4377546	0.1797695	0.2123175	0.1558212	0.2346600	0.1528945	0.2542347	0.1826008	0.1927136	0.0979182	0.1633462	0.3837293	0.4193946	0.2053207	0.3263112	0.2765516	0.2572857
3232988181.4476428	0.1797949	0.2123115	0.1557919	0.2346703	0.1528857	0.2542264	0.1825839	0.1927104	0.0978966	0.1633805	0.3837412	0.4193975	0.2053367	0.3262960	0.2765505	0.2572914
3232988181.4575310	0.1797702	0.2123320	0.1558306	0.2346670	0.1528918	0.2542190	0.1826131	0.1927094	0.0978909	0.1633897	0.3837459	0.4194099	0.2053402	0.3263148	0.2765571	0.2572536
3232988181.4674191	0.1797692	0.2122979	0.1558131	0.2346822	0.1529166	0.2542376	0.1826133	0.1926989	0.0978879	0.1633733	0.3837220	0.4194102	0.2053258	0.3263034	0.2765525	0.2572799
3232988181.4773073	0.1797995	0.2123066	0.1558139	0.2346491	0.1529037	0.2542416	0.1826176	0.1927151	0.0978910	0.1633754	0.3837184	0.4193849	0.2053123	0.3263088	0.2765624	0.2572717
3232988181.4871955	0.1797755	0.2122957	0.1558073	0.2346691	0.1528914	0.2542189	0.1826209	0.1926979	0.0979002	0.1633690	0.3837293	0.4193968	0.2053271	0.3263054	0.2765504	0.2572823
3232988181.4970837	0.1797653	0.2123057	0.1558198	0.2346568	0.1528869	0.2542312	0.1826132	0.1927052	0.0978993	0.1633859	0.3837333	0.4193895	0.2053412	0.3263115	0.2765494	0.2572702
3232988181.5069699	0.1797723	0.2123030	0.1558260	0.2346678	0.1528903	0.2542154	0.1826127	0.1927037	0.0979200	0.1633838	0.3837602	0.4194036	0.2053351	0.3263071	0.2765508	0.2572794
3232988181.5168581	0.1797721	0.2123109	0.1558283	0.2346563	0.1528994	0.2542200	0.1826089	0.1927085	0.0979073	0.1633812	0.3837404	0.4193919	0.2053234	0.3263186	0.2765569	0.2572666
3232988181.5267463	0.1797686	0.2123208	0.1558227	0.2346463	0.1529088	0.2542271	0.1826190	0.1927136	0.0978949	0.1633745	0.3837472	0.4194130	0.2053427	0.3263025	0.2765566	0.2572636
3232988181.5366344	0.1797845	0.2122984	0.1558105	0.2346581	0.1528994	0.2542124	0.1826093	0.1927098	0.0979119	0.1633731	0.3837259	0.4193961	0.2053313	0.3263018	0.2765502	0.2572806
3232988181.5465226	0.1797775	0.2123111	0.1558294	0.2346643	0.1528955	0.2542292	0.1826059	0.1927056	0.0978957	0.1633706	0.3837368	0.4194007	0.2053423	0.3263012	0.2765644	0.2572668
3232988181.5564108	0.1797766	0.2122881	0.1558146	0.2346561	0.1528914	0.2542284	0.1826131	0.1927079	0.0978894	0.1633729	0.3837313	0.4194113	0.2053328	0.3262956	0.2765607	0.2572821
3232988181.5662990	0.1797767	0.2123002	0.1558182	0.2346622	0.1528848	0.2542162	0.1826095	0.1927042	0.0978927	0.1633726	0.3837383	0.4194093	0.2053267	0.3262905	0.2765660	0.2572900
3232988181.5761871	0.1797783	0.2122926	0.1558567	0.2346602	0.1529018	0.2542098	0.1826151	0.1927203	0.0978930	0.1633590	0.3837188	0.4193962	0.2053271	0.3263128	0.2765722	0.2572689
3232988181.5860753	0.1797771	0.2122966	0.1558165	0.2346823	0.1528990	0.2542060	0.1826149	0.1926942	0.0978847	0.1633741	0.3837224	0.4193938	0.2053086	0.3262947	0.2765718	0.2572645
3232988181.5959635	0.1797689	0.2123039	0.1558381	0.2346903	0.1528963	0.2542111	0.1825977	0.1926992	0.0979056	0.1633594	0.3837359	0.4193948	0.2053138	0.3263058	0.2765546	0.2572581
3232988181.6058502	0.1797697	0.2123136	0.1558199	0.2346642	0.1529016	0.2542102	0.1826100	0.1927068	0.0979121	0.1633871	0.3837205	0.4194009	0.2053506	0.3262884	0.2765643	0.2572710
3232988181.6157384	0.1797694	0.2123151	0.1558279	0.2346527	0.1528971	0.2542214	0.1826079	0.1927067	0.0978908	0.1633789	0.3837121	0.4193872	0.2053454	0.3262920	0.2765562	0.2572620
3232988181.6256266	0.1797879	0.2122995	0.1558297	0.2346594	0.1528982	0.2542204	0.1826136	0.1926979	0.0979071	0.1633704	0.3837254	0.4193821	0.2053315	0.3262892	0.2765398	0.2572730
3232988181.6355147	0.1797884	0.2123015	0.1558227	0.2346651	0.1528963	0.2542374	0.1826050	0.1927160	0.0978930	0.1633625	0.3837212	0.4193710	0.2053216	0.3263161	0.2765602	0.2572715
3232988181.6454029	0.1797773	0.2123205	0.1558318	0.2346538	0.1528833	0.2542311	0.1826108	0.1927011	0.0979138	0.1633611	0.3837221	0.4193950	0.2053411	0.3262861	0.2765479	0.2572726
3232988181.6552911	0.1797923	0.2123040	0.1558171	0.2346538	0.1529094	0.2542176	0.1826067	0.1927045	0.0979074	0.1633560	0.3837325	0.4193966	0.2053380	0.3262996	0.2765683	0.2572589
3232988181.6651793	0.1797730	0.2123070	0.1558146	0.2346518	0.1528877	0.2542244	0.1826227	0.1926875	0.0979018	0.1633749	0.3837267	0.4193909	0.2053335	0.3263052	0.2765591	0.2572615
3232988181.6750674	0.1797745	0.2123135	0.1558165	0.2346419	0.1528853	0.2542145	0.1826023	0.1927223	0.0979012	0.1633726	0.3837238	0.4193874	0.2053317	0.3263008	0.2765428	0.2572676
3232988181.6849556	0.1797768	0.2123022	0.1558268	0.2346567	0.1528912	0.2542159	0.1826205	0.1927110	0.0978919	0.1633541	0.3837053	0.4193955	0.2053198	0.3262959	0.2765690	0.2572690
3232988181.6948438	0.1797658	0.2123080	0.1558168	0.2346647	0.1529107	0.2542132	0.1826061	0.1926916	0.0979127	0.1633637	0.3837369	0.4193766	0.2053148	0.3262777	0.2765473	0.2572565
3232988181.7047300	0.1797726	0.2122882	0.1558288	0.2346537	0.1528838	0.2542048	0.1826218	0.1927028	0.0978926	0.1633656	0.3837227	0.4193703	0.2053172	0.3263015	0.2765416	0.2572816
3232988181.7146182	0.1797830	0.2123040	0.1558312	0.2346572	0.1528901	0.2542085	0.1826151	0.1927165	0.0979149	0.1633702	0.3837240	0.4194010	0.2053294	0.3263117	0.2765613	0.2572690
3232988181.7245064	0.1797713	0.2123109	0.1558277	0.2346301	0.1529130	0.2541941	0.1826234	0.1927111	0.0979119	0.1633731	0.3837185	0.4193806	0.2053286	0.3263052	0.2765492	0.2572605
3232988181.7343945	0.1797781	0.2123039	0.1558292	0.2346644	0.1528948	0.2542283	0.1826087	0.1927068	0.0979090	0.1633532	0.3837196	0.4193829	0.2053211	0.3263070	0.2765688	0.2572663
3232988181.7442827	0.1797678	0.2123003	0.1558283	0.2346545	0.1529060	0.2542165	0.1825873	0.1927093	0.0979099	0.1633530	0.3837164	0.4193655	0.2053293	0.3262830	0.2765565	0.2572710
3232988181.7541709	0.1797844	0.2123039	0.1558181	0.2346427	0.1528885	0.2542155	0.1826210	0.1927009	0.0978882	0.1633725	0.3837329	0.4193735	0.2053222	0.3262995	0.2765563	0.2572395
3232988181.7640591	0.1797763	0.2122911	0.1558113	0.2346528	0.1529000	0.2542186	0.1826123	0.1926923	0.0979185	0.1633809	0.3837267	0.4193613	0.2053153	0.3263048	0.2765611	0.2572546
3232988181.7739472	0.1797662	0.2122955	0.1558226	0.2346654	0.1528946	0.2542000	0.1826202	0.1927123	0.0978938	0.1633810	0.3837283	0.4193901	0.2053374	0.3262987	0.2765439	0.2572537
3232988181.7838354	0.1797815	0.2122836	0.1558223	0.2346403	0.1529043	0.2542104	0.1826107	0.1927118	0.0979030	0.1633575	0.3837214	0.4193596	0.2053277	0.3262678	0.2765542	0.2572731
3232988181.7937236	0.1797915	0.2122781	0.1558537	0.2346455	0.1528938	0.2542182	0.1826278	0.1927214	0.0979152	0.1633828	0.3837423	0.4193717	0.2053280	0.3262950	0.2765657	0.2572629
3232988181.8036103	0.1797818	0.2123024	0.1558043	0.2346451	0.1528995	0.2541954	0.1826180	0.1927019	0.0978994	0.1633648	0.3837313	0.4193830	0.2053245	0.3263106	0.2765415	0.2572662
3232988181.8134985	0.1797867	0.2122966	0.1558255	0.2346486	0.1529014	0.2542028	0.1826001	0.1926935	0.0978862	0.1633701	0.3837268	0.4193652	0.2053428	0.3262713	0.2765463	0.2572574
3232988181.8233867	0.1797758	0.2122957	0.1558210	0.2346424	0.1528859	0.2541979	0.1826044	0.1927033	0.0978868	0.1633645	0.3837308	0.4193641	0.2053315	0.3262741	0.2765509	0.2572648
3232988181.8332748	0.1797776	0.2123004	0.1558335	0.2346285	0.1528835	0.2541993	0.1826102	0.1926942	0.0979094	0.1633635	0.3837316	0.4193531	0.2053238	0.3262829	0.2765662	0.2572562
3232988181.8431630	0.1797837	0.2122977	0.1558383	0.2346618	0.1528951	0.2541912	0.1826393	0.1926895	0.0978935	0.1633627	0.3837361	0.4193730	0.2053304	0.3262651	0.2765475	0.2572749
3232988181.8530512	0.1797910	0.2122891	0.1558173	0.2346419	0.1528793	0.2542044	0.1826197	0.1927082	0.0978980	0.1633649	0.3837313	0.4193625	0.2053452	0.3262810	0.2765629	0.2572527
3232988181.8629394	0.1797755	0.2122868	0.1558258	0.2346414	0.1529034	0.2541992	0.1826114	0.1926908	0.0978961	0.1633550	0.3837305	0.4193633	0.2053230	0.3262797	0.2765698	0.2572487
3232988181.8728275	0.1797767	0.2122896	0.1558293	0.2346268	0.1528799	0.2541884	0.1826097	0.1926869	0.0978931	0.1633594	0.3837311	0.4193693	0.2053276	0.3262752	0.2765457	0.2572616
3232988181.8827157	0.1797782	0.2122936	0.1558195	0.2346333	0.1528935	0.2542099	0.1826263	0.1926915	0.0979034	0.1633575	0.3837202	0.4193817	0.2053086	0.3262737	0.2765547	0.2572446
3232988181.8926039	0.1797765	0.2122973	0.1558245	0.2346523	0.1528915	0.2542033	0.1825997	0.1926899	0.0979225	0.1633637	0.3837418	0.4193665	0.2053272	0.3262789	0.2765572	0.2572482
3232988181.9024901	0.1797939	0.2122819	0.1558272	0.2346314	0.1529021	0.2542103	0.1826259	0.1926844	0.0978829	0.1633676	0.3837434	0.4193571	0.2053366	0.3262781	0.2765563	0.2572671
3232988181.9123783	0.1797831	0.2122950	0.1558344	0.2346327	0.1529092	0.2541954	0.1826077	0.1926933	0.0978912	0.1633619	0.3837259	0.4193541	0.2053225	0.3262793	0.2765529	0.2572530
3232988181.9222665	0.1797909	0.2122849	0.1558173	0.2346359	0.1528977	0.2541938	0.1826141	0.1927008	0.0978982	0.1633594	0.3837228	0.4193594	0.2053425	0.3262584	0.2765604	0.2572472
3232988181.9321547	0.1797676	0.2122957	0.1558310	0.2346439	0.1528773	0.2542007	0.1826109	0.1926907	0.0979164	0.1633655	0.3837396	0.4193468	0.2053343	0.3262675	0.2765527	0.2572383
3232988181.9420428	0.1797844	0.2122810	0.1558276	0.2346403	0.1529057	0.2541658	0.1826376	0.1927000	0.0978989	0.1633566	0.3837286	0.4193667	0.2053506	0.3262809	0.2765551	0.2572688
3232988181.9519310	0.1797879	0.2123004	0.1558259	0.2346645	0.1528836	0.2541934	0.1826130	0.1926910	0.0978959	0.1633686	0.3837303	0.4193547	0.2053296	0.3262720	0.2765801	0.2572501
3232988181.9618192	0.1797593	0.2122974	0.1558329	0.2346092	0.1529024	0.2542002	0.1826011	0.1926922	0.0978982	0.1633544	0.3837355	0.4193578	0.2053286	0.3262621	0.2765515	0.2572406
3232988181.9717073	0.1797713	0.2122827	0.1558123	0.2346544	0.1528865	0.2541809	0.1826134	0.1926978	0.0978896	0.1633523	0.3837293	0.4193377	0.2053409	0.3262790	0.2765607	0.2572490
3232988181.9815955	0.1797716	0.2122716	0.1558017	0.2346352	0.1529112	0.2541771	0.1826164	0.1926735	0.0978883	0.1633501	0.3837365	0.4193609	0.2053357	0.3262579	0.2765625	0.2572475
3232988181.9914837	0.1797845	0.2122999	0.1558401	0.2346500	0.1529221	0.2541899	0.1826203	0.1927012	0.0979026	0.1633558	0.3837340	0.4193561	0.2053336	0.3262804	0.2765526	0.2572520
3232988182.0013700	0.1797732	0.2122799	0.1558271	0.2346224	0.1528917	0.2541952	0.1826074	0.1926928	0.0979123	0.1633393	0.3837397	0.4193543	0.2053325	0.3262511	0.2765527	0.2572535
3232988182.0112581	0.1797796	0.2122516	0.1558339	0.2346373	0.1529087	0.2541908	0.1826180	0.1926966	0.0979072	0.1633527	0.3837300	0.4193436	0.2053290	0.3262791	0.2765463	0.2572442
3232988182.0211463	0.1797918	0.2122638	0.1558185	0.2346351	0.1528839	0.2541914	0.1826093	0.1926811	0.0978944	0.1633463	0.3837484	0.4193438	0.2053270	0.3262657	0.2765793	0.2572445
3232988182.0310345	0.1797676	0.2122884	0.1558198	0.2346408	0.1528888	0.2541747	0.1826074	0.1926894	0.0978921	0.1633569	0.3837423	0.4193432	0.2053300	0.3262625	0.2765554	0.2572429
3232988182.0409226	0.1797792	0.2122845	0.1558404	0.2346424	0.1529137	0.2541991	0.1826185	0.1926866	0.0979107	0.1633581	0.3837144	0.4193339	0.2053239	0.3262641	0.2765407	0.2572407
3232988182.0508108	0.1797736	0.2122664	0.1558280	0.2346491	0.1528930	0.2542002	0.1826291	0.1926758	0.0979040	0.1633335	0.3837361	0.4193355	0.2053196	0.3262556	0.2765588	0.2572423
3232988182.0606990	0.1797897	0.2122772	0.1558387	0.2346351	0.1528842	0.2541915	0.1826278	0.1926922	0.0979070	0.1633545	0.3837438	0.4193252	0.2053251	0.3262424	0.2765678	0.2572291
3232988182.0705872	0.1797736	0.2122860	0.1558440	0.2346148	0.1528955	0.2541735	0.1826138	0.1926832	0.0979089	0.1633357	0.3837395	0.4193256	0.2053335	0.3262603	0.2765421	0.2572214
3232988182.0804753	0.1797895	0.2122793	0.1558192	0.2346077	0.1528922	0.2541692	0.1826235	0.1926846	0.0978984	0.1633450	0.3837244	0.4193288	0.2053287	0.3262425	0.2765548	0.2572228
3232988182.0903635	0.1797675	0.2122709	0.1558241	0.2346176	0.1528944	0.2541899	0.1826257	0.1926940	0.0979034	0.1633292	0.3837195	0.4193107	0.2053351	0.3262496	0.2765598	0.2572467
3232988182.1002502	0.1797716	0.2122775	0.1558258	0.2346361	0.1528999	0.2541776	0.1826261	0.1926814	0.0979053	0.1633565	0.3837265	0.4193292	0.2053152	0.3262661	0.2765552	0.2572492
3232988182.1101384	0.1797901	0.2122910	0.1558339	0.2346280	0.1528978	0.2541792	0.1826166	0.1926862	0.0979141	0.1633271	0.3837392	0.4193201	0.2053339	0.3262443	0.2765476	0.2572186
3232988182.1200266	0.1797855	0.2122653	0.1558206	0.2346223	0.1528915	0.2541702	0.1826109	0.1926805	0.0978944	0.1633637	0.3837176	0.4193217	0.2053371	0.3262349	0.2765593	0.2572381
3232988182.1299148	0.1797621	0.2122625	0.1558195	0.2346286	0.1528970	0.2541759	0.1826112	0.1926705	0.0978940	0.1633336	0.3837251	0.4193093	0.2053347	0.3262445	0.2765584	0.2572255
3232988182.1398029	0.1797896	0.2122548	0.1558274	0.2346139	0.1528883	0.2541726	0.1826167	0.1926684	0.0978928	0.1633341	0.3837258	0.4193180	0.2053319	0.3262533	0.2765247	0.2572200
3232988182.1496911	0.1797823	0.2122510	0.1558362	0.2346358	0.1529014	0.2541785	0.1826383	0.1926720	0.0978816	0.1633444	0.3837225	0.4193265	0.2053365	0.3262576	0.2765682	0.2572241
3232988182.1595793	0.1797771	0.2122770	0.1558282	0.2346206	0.1529004	0.2541871	0.1826305	0.1926739	0.0978996	0.1633379	0.3837250	0.4193373	0.2053157	0.3262392	0.2765526	0.2572125
3232988182.1694674	0.1797754	0.2122662	0.1558203	0.2346215	0.1528885	0.2541680	0.1826288	0.1926639	0.0978963	0.1633415	0.3837192	0.4193019	0.2053382	0.3262494	0.2765552	0.2572374
3232988182.1793556	0.1797772	0.2122611	0.1558183	0.2346149	0.1528870	0.2541752	0.1825905	0.1926723	0.0978858	0.1633378	0.3837238	0.4193123	0.2053329	0.3262445	0.2765497	0.2572275
3232988182.1892438	0.1797833	0.2122654	0.1558253	0.2346038	0.1528867	0.2541933	0.1826010	0.1926613	0.0978921	0.1633480	0.3837168	0.4193122	0.2053249	0.3262577	0.2765639	0.2572380
3232988182.1991301	0.1797905	0.2122850	0.1558268	0.2346267	0.1528988	0.2541848	0.1826174	0.1926779	0.0979154	0.1633648	0.3837081	0.4193191	0.2053269	0.3262348	0.2765413	0.2572120
3232988182.2090182	0.1797865	0.2122820	0.1558197	0.2346060	0.1529174	0.2541913	0.1826092	0.1926761	0.0979138	0.1633413	0.3837081	0.4193144	0.2053105	0.3262397	0.2765631	0.2572424
3232988182.2189064	0.1797846	0.2122800	0.1558313	0.2346123	0.1529017	0.2541892	0.1826078	0.1926800	0.0979007	0.1633509	0.3837365	0.4193077	0.2053453	0.3262546	0.2765662	0.2572439
3232988182.2287946	0.1797742	0.2122568	0.1558335	0.2346131	0.1528875	0.2541791	0.1826106	0.1926999	0.0978879	0.1633409	0.3837260	0.4193073	0.2053144	0.3262457	0.2765589	0.2572465
3232988182.2386827	0.1797696	0.2122561	0.1558097	0.2346268	0.1528837	0.2541809	0.1825955	0.1926623	0.0979001	0.1633385	0.3837286	0.4193018	0.2053263	0.3262514	0.2765531	0.2572421
3232988182.2485709	0.1797813	0.2122536	0.1558291	0.2346176	0.1528990	0.2541860	0.1825995	0.1926796	0.0978993	0.1633473	0.3837294	0.4193074	0.2053331	0.3262474	0.2765449	0.2572059
3232988182.2584591	0.1797922	0.2122631	0.1558322	0.2346195	0.1528874	0.2541965	0.1826030	0.1926836	0.0979142	0.1633192	0.3837401	0.4193050	0.2053483	0.3262297	0.2765590	0.2572112
3232988182.2683473	0.1797651	0.2122752	0.1558355	0.2346285	0.1529090	0.2541657	0.1826279	0.1926547	0.0979044	0.1633492	0.3837402	0.4193202	0.2053402	0.3262307	0.2765500	0.2572353
3232988182.2782354	0.1797800	0.2122609	0.1558163	0.2346121	0.1528967	0.2541749	0.1826010	0.1926532	0.0979108	0.1633349	0.3837406	0.4193082	0.2053325	0.3262453	0.2765577	0.2572330
3232988182.2881236	0.1797736	0.2122755	0.1558261	0.2346117	0.1528911	0.2541637	0.1825970	0.1926634	0.0978913	0.1633155	0.3837515	0.4193089	0.2053333	0.3262322	0.2765583	0.2572402
3232988182.2980099	0.1797810	0.2122664	0.1558197	0.2346232	0.1529027	0.2541688	0.1825984	0.1926692	0.0978964	0.1633246	0.3837171	0.4193131	0.2053508	0.3262206	0.2765396	0.2572212
3232988182.3078980	0.1797583	0.2122718	0.1558262	0.2346101	0.1529204	0.2541822	0.1825942	0.1926511	0.0979024	0.1633249	0.3837230	0.4193065	0.2053282	0.3262449	0.2765470	0.2572201
3232988182.3177862	0.1797668	0.2122520	0.1558309	0.2346011	0.1529041	0.2541702	0.1825901	0.1926748	0.0979066	0.1633523	0.3837322	0.4192983	0.2053331	0.3262451	0.2765671	0.2572116
3232988182.3276744	0.1797688	0.2122781	0.1557961	0.2346120	0.1529078	0.2541660	0.1826152	0.1926647	0.0979100	0.1633613	0.3837214	0.4193017	0.2053450	0.3262320	0.2765494	0.2572281
3232988182.3375626	0.1797714	0.2122543	0.1558219	0.2346113	0.1528904	0.2541785	0.1826167	0.1926680	0.0979013	0.1633349	0.3837165	0.4193031	0.2053160	0.3262271	0.2765807	0.2572209
3232988182.3474507	0.1797823	0.2122683	0.1558199	0.2346059	0.1529040	0.2541768	0.1826084	0.1926743	0.0978839	0.1633613	0.3837334	0.4192988	0.2053260	0.3262481	0.2765559	0.2572146
3232988182.3573389	0.1797823	0.2122699	0.1558198	0.2346094	0.1528871	0.2541594	0.1826246	0.1926701	0.0979051	0.1633289	0.3837320	0.4192929	0.2053053	0.3262376	0.2765368	0.2572231
3232988182.3672271	0.1797889	0.2122607	0.1558231	0.2346193	0.1529161	0.2541794	0.1826201	0.1926751	0.0978968	0.1633231	0.3837301	0.4193074	0.2053322	0.3262297	0.2765577	0.2572134
3232988182.3771152	0.1797937	0.2122625	0.1558267	0.2346235	0.1528975	0.2541705	0.1826220	0.1926761	0.0979030	0.1633381	0.3837402	0.4193091	0.2053018	0.3262287	0.2765550	0.2572021
3232988182.3870034	0.1797760	0.2122633	0.1558220	0.2346041	0.1529196	0.2541566	0.1826099	0.1926899	0.0978865	0.1633336	0.3837262	0.4192898	0.2053371	0.3262191	0.2765419	0.2572087
3232988182.3968902	0.1797866	0.2122347	0.1558139	0.2346248	0.1528912	0.2541688	0.1826041	0.1926726	0.0979048	0.1633186	0.3837105	0.4193067	0.2053238	0.3262435	0.2765522	0.2572223
3232988182.4067783	0.1797664	0.2122534	0.1558165	0.2346020	0.1529089	0.2541575	0.1826195	0.1926587	0.0979055	0.1633380	0.3837310	0.4192970	0.2053297	0.3262306	0.2765491	0.2572255
3232988182.4166665	0.1798001	0.2122405	0.1558235	0.2346111	0.1529009	0.2541818	0.1826291	0.1926692	0.0978987	0.1633362	0.3837307	0.4193110	0.2053347	0.3262329	0.2765598	0.2571955
3232988182.4265547	0.1797851	0.2122672	0.1558336	0.2346013	0.1529062	0.2541626	0.1826129	0.1926768	0.0979091	0.1633330	0.3837305	0.4192940	0.2053413	0.3262198	0.2765535	0.2572022
3232988182.4364428	0.1797804	0.2122609	0.1558318	0.2346179	0.1529064	0.2541842	0.1826071	0.1926748	0.0979028	0.1633361	0.3837112	0.4193048	0.2053357	0.3262134	0.2765381	0.2572275
3232988182.4463310	0.1797851	0.2122720	0.1558217	0.2346112	0.1528794	0.2541673	0.1826136	0.1926542	0.0979000	0.1633365	0.3837193	0.4193021	0.2053390	0.3262343	0.2765594	0.2572319
3232988182.4562192	0.1797714	0.2122662	0.1558333	0.2346208	0.1528793	0.2541813	0.1826131	0.1926792	0.0979057	0.1633265	0.3837161	0.4193049	0.2053262	0.3262198	0.2765398	0.2572211
3232988182.4661074	0.1797861	0.2122611	0.1558277	0.2346019	0.1528814	0.2541751	0.1826293	0.1926544	0.0979035	0.1633380	0.3837309	0.4192987	0.2053170	0.3262357	0.2765628	0.2572117
3232988182.4759955	0.1797713	0.2122697	0.1558252	0.2346150	0.1528955	0.2541610	0.1826147	0.1926660	0.0979010	0.1633319	0.3837342	0.4193078	0.2053388	0.3262235	0.2765560	0.2572052
3232988182.4858837	0.1797907	0.2122493	0.1558385	0.2346097	0.1528748	0.2541471	0.1826121	0.1926587	0.0978987	0.1633381	0.3837230	0.4193067	0.2053166	0.3262166	0.2765529	0.2571938
3232988182.4957700	0.1797787	0.2122447	0.1558258	0.2346120	0.1528947	0.2541711	0.1826195	0.1926617	0.0978823	0.1633400	0.3837242	0.4192962	0.2053296	0.3262317	0.2765533	0.2571992
3232988182.5056581	0.1797798	0.2122593	0.1558269	0.2345838	0.1529043	0.2541676	0.1826130	0.1926611	0.0978983	0.1633350	0.3837334	0.4192825	0.2053382	0.3262402	0.2765458	0.2572224
3232988182.5155463	0.1797634	0.2122555	0.1558414	0.2345957	0.1529046	0.2541607	0.1826170	0.1926674	0.0979015	0.1633265	0.3837245	0.4193021	0.2053364	0.3262202	0.2765434	0.2572073
3232988182.5254345	0.1797975	0.2122704	0.1558192	0.2346007	0.1529175	0.2541548	0.1826136	0.1926737	0.0978891	0.1633188	0.3837221	0.4192830	0.2053277	0.3262272	0.2765665	0.2572238
3232988182.5353227	0.1797844	0.2122660	0.1558402	0.2346019	0.1529081	0.2541771	0.1826135	0.1926882	0.0979026	0.1633426	0.3837355	0.4193017	0.2053217	0.3262181	0.2765553	0.2572213
3232988182.5452108	0.1797726	0.2122561	0.1558140	0.2346084	0.1528918	0.2541752	0.1826339	0.1926574	0.0979024	0.1633328	0.3837438	0.4193040	0.2053330	0.3262106	0.2765400	0.2572232
3232988182.5550990	0.1797723	0.2122727	0.1558044	0.2346036	0.1528973	0.2541578	0.1826087	0.1926599	0.0979061	0.1633284	0.3837276	0.4192831	0.2053168	0.3262372	0.2765711	0.2572223
3232988182.5649872	0.1797859	0.2122545	0.1558329	0.2346091	0.1528883	0.2541554	0.1826136	0.1926588	0.0979153	0.1633423	0.3837337	0.4193045	0.2053246	0.3262370	0.2765519	0.2572095
3232988182.5748754	0.1797951	0.2122604	0.1558329	0.2346177	0.1528865	0.2541545	0.1826157	0.1926507	0.0978986	0.1633300	0.3837212	0.4193040	0.2053224	0.3262247	0.2765523	0.2571999
3232988182.5847635	0.1798027	0.2122595	0.1558112	0.2346094	0.1529146	0.2541551	0.1826198	0.1926585	0.0979106	0.1633316	0.3837379	0.4192954	0.2053251	0.3262148	0.2765470	0.2572112
3232988182.5946503	0.1797584	0.2122618	0.1558096	0.2346128	0.1528984	0.2541585	0.1826112	0.1926637	0.0978730	0.1633180	0.3837393	0.4192974	0.2053231	0.3262217	0.2765432	0.2571925
3232988182.6045384	0.1797818	0.2122507	0.1558094	0.2346103	0.1528793	0.2541561	0.1826168	0.1926427	0.0979083	0.1633329	0.3837210	0.4193009	0.2053323	0.3262176	0.2765509	0.2572038
3232988182.6144266	0.1797809	0.2122456	0.1558066	0.2345878	0.1529033	0.2541589	0.1826005	0.1926493	0.0979020	0.1633369	0.3837266	0.4192884	0.2053080	0.3262252	0.2765564	0.2572041
3232988182.6243148	0.1797737	0.2122489	0.1558284	0.2346061	0.1528991	0.2541588	0.1826028	0.1926540	0.0979006	0.1633350	0.3837141	0.4192896	0.2053130	0.3262091	0.2765331	0.2572013
3232988182.6342030	0.1797843	0.2122613	0.1558306	0.2346031	0.1529084	0.2541668	0.1826328	0.1926605	0.0978950	0.1633309	0.3837306	0.4192801	0.2053369	0.3262237	0.2765426	0.2571984
3232988182.6440911	0.1797836	0.2122589	0.1558058	0.2346054	0.1528926	0.2541694	0.1825975	0.1926646	0.0978826	0.1633277	0.3837233	0.4193073	0.2053273	0.3262220	0.2765387	0.2571872
3232988182.6539793	0.1797783	0.2122647	0.1558226	0.2346141	0.1528918	0.2541445	0.1826038	0.1926669	0.0979008	0.1633188	0.3837151	0.4192869	0.2053374	0.3262405	0.2765759	0.2571950
3232988182.6638675	0.1797580	0.2122490	0.1558176	0.2346157	0.1528781	0.2541431	0.1826111	0.1926416	0.0978889	0.1633428	0.3837216	0.4192937	0.2053201	0.3262357	0.2765507	0.2572301
3232988182.6737556	0.1797857	0.2122567	0.1558185	0.2346092	0.1528832	0.2541617	0.1826086	0.1926548	0.0978919	0.1633224	0.3837367	0.4192954	0.2053336	0.3262339	0.2765314	0.2572279
3232988182.6836438	0.1797901	0.2122434	0.1558292	0.2346106	0.1528877	0.2541451	0.1826185	0.1926475	0.0978932	0.1633498	0.3837290	0.4192851	0.2053301	0.3262242	0.2765498	0.2572109
3232988182.6935301	0.1797648	0.2122714	0.1558196	0.2346170	0.1529173	0.2541788	0.1826113	0.1926562	0.0979006	0.1633104	0.3837291	0.4192880	0.2053399	0.3262397	0.2765584	0.2571946
3232988182.7034183	0.1797809	0.2122418	0.1558241	0.2346060	0.1528934	0.2541544	0.1826175	0.1926529	0.0978901	0.1633114	0.3837337	0.4192703	0.2053423	0.3262294	0.2765531	0.2571957
3232988182.7133064	0.1797818	0.2122628	0.1558012	0.2345978	0.1528919	0.2541498	0.1826124	0.1926587	0.0979015	0.1633199	0.3837303	0.4192929	0.2053232	0.3262235	0.2765482	0.2572041
3232988182.7231946	0.1797835	0.2122469	0.1558203	0.2345898	0.1528946	0.2541590	0.1826057	0.1926714	0.0978976	0.1633061	0.3837140	0.4192886	0.2053193	0.3262201	0.2765484	0.2572245
3232988182.7330828	0.1797913	0.2122701	0.1558168	0.2346111	0.1528995	0.2541728	0.1826221	0.1926744	0.0978949	0.1633191	0.3837371	0.4192647	0.2053415	0.3262153	0.2765545	0.2572030
3232988182.7429709	0.1797782	0.2122525	0.1558178	0.2345922	0.1529170	0.2541607	0.1826167	0.1926643	0.0979062	0.1633256	0.3837221	0.4192944	0.2053275	0.3262139	0.2765479	0.2572102
3232988182.7528591	0.1797606	0.2122515	0.1558216	0.2345951	0.1528996	0.2541612	0.1826116	0.1926944	0.0979021	0.1633138	0.3837098	0.4192909	0.2053277	0.3261991	0.2765634	0.2572136
3232988182.7627473	0.1797708	0.2122524	0.1558025	0.2346006	0.1529001	0.2541578	0.1826198	0.1926564	0.0978987	0.1633428	0.3837123	0.4192782	0.2053242	0.3262308	0.2765387	0.2571832
3232988182.7726355	0.1797523	0.2122521	0.1558263	0.2345879	0.1528937	0.2541380	0.1826152	0.1926560	0.0979034	0.1633254	0.3837279	0.4192792	0.2053286	0.3262187	0.2765426	0.2572018
3232988182.7825236	0.1797839	0.2122648	0.1558187	0.2345989	0.1529025	0.2541450	0.1826074	0.1926443	0.0979086	0.1633381	0.3837184	0.4193026	0.2053382	0.3262247	0.2765757	0.2571946
3232988182.7924099	0.1797729	0.2122403	0.1558321	0.2346094	0.1528983	0.2541394	0.1826105	0.1926661	0.0979064	0.1633272	0.3837238	0.4192743	0.2053550	0.3262171	0.2765507	0.2572142
3232988182.8022981	0.1797719	0.2122495	0.1558251	0.2345972	0.1529020	0.2541551	0.1826141	0.1926676	0.0979111	0.1633266	0.3837119	0.4192715	0.2053213	0.3262092	0.2765647	0.2572016
3232988182.8121862	0.1797920	0.2122624	0.1558166	0.2345964	0.1528939	0.2541516	0.1826065	0.1926562	0.0978907	0.1633229	0.3837192	0.4192753	0.2053084	0.3261996	0.2765652	0.2572025
3232988182.8220744	0.1797922	0.2122532	0.1558163	0.2345960	0.1528791	0.2541547	0.1825824	0.1926379	0.0978989	0.1633185	0.3837341	0.4192883	0.2053000	0.3261984	0.2765475	0.2571955
3232988182.8319626	0.1797708	0.2122613	0.1558252	0.2345937	0.1528880	0.2541366	0.1826173	0.1926478	0.0979079	0.1633167	0.3837144	0.4192674	0.2053260	0.3262324	0.2765553	0.2572082
3232988182.8418508	0.1797769	0.2122577	0.1558138	0.2345905	0.1528965	0.2541633	0.1826094	0.1926674	0.0979050	0.1633300	0.3837336	0.4192905	0.2053347	0.3262269	0.2765422	0.2571963
3232988182.8517389	0.1797797	0.2122492	0.1558160	0.2346000	0.1528916	0.2541650	0.1826062	0.1926487	0.0978804	0.1633234	0.3837162	0.4192837	0.2053349	0.3262106	0.2765452	0.2571951
3232988182.8616271	0.1797770	0.2122362	0.1558182	0.2345802	0.1529073	0.2541502	0.1826177	0.1926293	0.0979018	0.1633148	0.3837405	0.4192811	0.2053241	0.3262133	0.2765542	0.2572045
3232988182.8715153	0.1797654	0.2122351	0.1558013	0.2345986	0.1529076	0.2541497	0.1825939	0.1926505	0.0979090	0.1633250	0.3837106	0.4192615	0.2053222	0.3262330	0.2765351	0.2572154
3232988182.8814034	0.1797538	0.2122733	0.1558230	0.2345869	0.1528975	0.2541558	0.1826271	0.1926428	0.0979130	0.1633400	0.3837329	0.4192797	0.2053307	0.3262059	0.2765561	0.2571981
3232988182.8912902	0.1797839	0.2122511	0.1558325	0.2345902	0.1529056	0.2541553	0.1826047	0.1926628	0.0978829	0.1633311	0.3837346	0.4192931	0.2053305	0.3262220	0.2765479	0.2571954
3232988182.9011784	0.1797876	0.2122447	0.1558364	0.2345988	0.1528915	0.2541607	0.1826115	0.1926895	0.0979141	0.1633126	0.3837138	0.4192918	0.2053248	0.3262092	0.2765420	0.2571961
3232988182.9110665	0.1797832	0.2122588	0.1558283	0.2346072	0.1528888	0.2541519	0.1826036	0.1926396	0.0979116	0.1633329	0.3837217	0.4192904	0.2053274	0.3262013	0.2765364	0.2572173
3232988182.9209547	0.1797822	0.2122380	0.1558288	0.2346063	0.1528792	0.2541617	0.1825952	0.1926842	0.0978808	0.1633158	0.3837331	0.4192840	0.2053461	0.3262215	0.2765405	0.2572013
3232988182.9308429	0.1797808	0.2122526	0.1558097	0.2345887	0.1528982	0.2541508	0.1826055	0.1926413	0.0978969	0.1633403	0.3837175	0.4192791	0.2053217	0.3262062	0.2765333	0.2571928
3232988182.9407310	0.1797759	0.2122457	0.1558217	0.2345870	0.1528985	0.2541632	0.1826116	0.1926655	0.0978975	0.1632993	0.3837163	0.4192728	0.2053152	0.3262179	0.2765539	0.2572091
3232988182.9506192	0.1797825	0.2122506	0.1558301	0.2346049	0.1528852	0.2541538	0.1826112	0.1926534	0.0978923	0.1633356	0.3837374	0.4192771	0.2053292	0.3262002	0.2765512	0.2572058
3232988182.9605074	0.1797753	0.2122579	0.1558161	0.2346085	0.1528889	0.2541745	0.1826204	0.1926574	0.0978903	0.1633132	0.3837146	0.4192593	0.2053318	0.3262274	0.2765443	0.2572037
3232988182.9703956	0.1797930	0.2122546	0.1558223	0.2345985	0.1528921	0.2541586	0.1826139	0.1926686	0.0979132	0.1633163	0.3836842	0.4192800	0.2053201	0.3262161	0.2765450	0.2572074
3232988182.9802837	0.1797926	0.2122569	0.1558226	0.2346128	0.1528806	0.2541663	0.1825920	0.1926408	0.0978971	0.1633234	0.3837026	0.4192756	0.2053188	0.3262300	0.2765520	0.2572074
3232988182.9901700	0.1797851	0.2122537	0.1558213	0.2345984	0.1528837	0.2541598	0.1826127	0.1926643	0.0978989	0.1633422	0.3837267	0.4192788	0.2053182	0.3262284	0.2765504	0.2572139
3232988183.0000582	0.1797756	0.2122474	0.1558197	0.2345976	0.1529130	0.2541624	0.1826167	0.1926589	0.0978996	0.1633287	0.3837325	0.4192681	0.2053163	0.3262142	0.2765435	0.2571973
3232988183.0099463	0.1797765	0.2122443	0.1558164	0.2345973	0.1528907	0.2541731	0.1826123	0.1926521	0.0978956	0.1633226	0.3837179	0.4192776	0.2053380	0.3262134	0.2765417	0.2572102
3232988183.0198345	0.1797791	0.2122612	0.1558234	0.2346059	0.1528869	0.2541554	0.1826047	0.1926649	0.0979011	0.1633277	0.3837095	0.4192869	0.2053150	0.3262280	0.2765337	0.2572167
3232988183.0297227	0.1797738	0.2122586	0.1558317	0.2345872	0.1528822	0.2541524	0.1826233	0.1926587	0.0978946	0.1633295	0.3837268	0.4192939	0.2053304	0.3262187	0.2765413	0.2571855
3232988183.0396109	0.1797669	0.2122627	0.1558096	0.2345880	0.1528939	0.2541575	0.1826092	0.1926576	0.0979037	0.1633196	0.3837251	0.4192633	0.2053381	0.3261960	0.2765505	0.2572044
3232988183.0494990	0.1797985	0.2122541	0.1558294	0.2346189	0.1528901	0.2541525	0.1826142	0.1926593	0.0978973	0.1633243	0.3837096	0.4192855	0.2053355	0.3262098	0.2765620	0.2571976
3232988183.0593872	0.1797673	0.2122716	0.1558380	0.2346213	0.1528928	0.2541658	0.1826087	0.1926619	0.0979137	0.1633213	0.3837240	0.4192940	0.2053295	0.3262189	0.2765495	0.2571963
3232988183.0692754	0.1797841	0.2122368	0.1558224	0.2345980	0.1529025	0.2541681	0.1826068	0.1926674	0.0978991	0.1633227	0.3837149	0.4192872	0.2053331	0.3262066	0.2765330	0.2572059
3232988183.0791635	0.1797791	0.2122595	0.1558379	0.2346228	0.1528966	0.2541618	0.1825952	0.1926673	0.0978970	0.1633409	0.3837192	0.4192821	0.2053231	0.3262114	0.2765665	0.2571978
3232988183.0890503	0.1797652	0.2122407	0.1558226	0.2346066	0.1528827	0.2541455	0.1826154	0.1926623	0.0978792	0.1633275	0.3837255	0.4192937	0.2053233	0.3262177	0.2765467	0.2572022
3232988183.0989385	0.1797817	0.2122551	0.1558275	0.2345918	0.1528846	0.2541491	0.1826217	0.1926769	0.0978749	0.1633217	0.3837069	0.4192602	0.2053060	0.3262145	0.2765443	0.2572074
3232988183.1088266	0.1797589	0.2122447	0.1558343	0.2345789	0.1528895	0.2541703	0.1826248	0.1926551	0.0979002	0.1633274	0.3837148	0.4192974	0.2053140	0.3262011	0.2765531	0.2572076
3232988183.1187148	0.1797880	0.2122505	0.1558285	0.2346033	0.1528777	0.2541608	0.1826234	0.1926726	0.0979052	0.1633339	0.3837284	0.4192877	0.2053286	0.3262185	0.2765489	0.2572061
3232988183.1286030	0.1797771	0.2122361	0.1558369	0.2346156	0.1528872	0.2541563	0.1826270	0.1926726	0.0979059	0.1633308	0.3837271	0.4192911	0.2053231	0.3262130	0.2765569	0.2572002
3232988183.1384912	0.1797646	0.2122607	0.1558174	0.2346060	0.1528959	0.2541499	0.1826034	0.1926603	0.0978904	0.1633434	0.3837302	0.4192692	0.2053152	0.3262358	0.2765453	0.2572042
3232988183.1483793	0.1797698	0.2122706	0.1558139	0.2345989	0.1528852	0.2541436	0.1826134	0.1926683	0.0978869	0.1633437	0.3837174	0.4192914	0.2053273	0.3262229	0.2765454	0.2572022
3232988183.1582675	0.1797763	0.2122598	0.1558273	0.2346168	0.1529274	0.2541746	0.1826063	0.1926748	0.0979026	0.1633338	0.3837195	0.4192898	0.2053245	0.3262360	0.2765633	0.2572186
3232988183.1681557	0.1797714	0.2122780	0.1558167	0.2346135	0.1529027	0.2541767	0.1826175	0.1926488	0.0978982	0.1633438	0.3837337	0.4192828	0.2053219	0.3262180	0.2765439	0.2572158
3232988183.1780438	0.1797787	0.2122884	0.1558177	0.2346113	0.1528909	0.2541788	0.1826264	0.1926589	0.0979118	0.1633324	0.3837421	0.4192848	0.2053431	0.3262212	0.2765439	0.2572129
3232988183.1879301	0.1797693	0.2122497	0.1558182	0.2346037	0.1528826	0.2541633	0.1826247	0.1926704	0.0979036	0.1633290	0.3837349	0.4192991	0.2053330	0.3262350	0.2765586	0.2572205
3232988183.1978183	0.1797765	0.2122528	0.1558133	0.2346077	0.1529003	0.2541553	0.1826224	0.1926633	0.0979115	0.1633290	0.3837335	0.4193172	0.2053181	0.3262366	0.2765716	0.2572158
3232988183.2077064	0.1797695	0.2122560	0.1558234	0.2346279	0.1529102	0.2541666	0.1826253	0.1926709	0.0978988	0.1633301	0.3837311	0.4192883	0.2053273	0.3262181	0.2765550	0.2572131
3232988183.2175946	0.1798022	0.2122635	0.1558351	0.2346261	0.1529043	0.2541559	0.1826048	0.1926756	0.0979080	0.1633224	0.3837306	0.4193016	0.2053301	0.3262195	0.2765629	0.2572066
3232988183.2274828	0.1797772	0.2122465	0.1558403	0.2346159	0.1528958	0.2541700	0.1826238	0.1926660	0.0979167	0.1633340	0.3837190	0.4193119	0.2053601	0.3262315	0.2765345	0.2572226
3232988183.2373710	0.1797543	0.2122592	0.1558235	0.2346240	0.1528975	0.2541742	0.1826025	0.1926533	0.0979061	0.1633205	0.3837200	0.4192789	0.2053179	0.3262352	0.2765489	0.2572118
3232988183.2472591	0.1797608	0.2122439	0.1558154	0.2346054	0.1528924	0.2541652	0.1826235	0.1926509	0.0978942	0.1633321	0.3837177	0.4192991	0.2053394	0.3262343	0.2765585	0.2572174
3232988183.2571473	0.1797745	0.2122698	0.1558121	0.2346069	0.1528835	0.2541721	0.1826116	0.1926693	0.0979138	0.1633205	0.3837424	0.4193068	0.2053240	0.3262338	0.2765700	0.2572104
3232988183.2670355	0.1797916	0.2122554	0.1558294	0.2346021	0.1528908	0.2541783	0.1826264	0.1926741	0.0979132	0.1633437	0.3837200	0.4193173	0.2053332	0.3262239	0.2765617	0.2572240
3232988183.2769237	0.1797800	0.2122650	0.1558370	0.2346160	0.1529125	0.2541831	0.1826195	0.1926527	0.0979141	0.1633414	0.3837306	0.4193141	0.2053203	0.3262564	0.2765418	0.2572209
3232988183.2868099	0.1797908	0.2122738	0.1558121	0.2346338	0.1528944	0.2541783	0.1826220	0.1926608	0.0978928	0.1633348	0.3837335	0.4193066	0.2053360	0.3262421	0.2765450	0.2572338
3232988183.2966981	0.1797673	0.2122683	0.1558184	0.2346136	0.1528928	0.2541651	0.1825965	0.1926775	0.0979042	0.1633317	0.3837304	0.4193120	0.2053313	0.3262395	0.2765663	0.2572176
3232988183.3065863	0.1797961	0.2122690	0.1558124	0.2346236	0.1528974	0.2541538	0.1826109	0.1926814	0.0978975	0.1633267	0.3837325	0.4192858	0.2053431	0.3262147	0.2765551	0.2571944
3232988183.3164744	0.1797667	0.2122709	0.1558239	0.2346184	0.1529027	0.2542009	0.1826146	0.1926900	0.0979045	0.1633387	0.3837416	0.4193048	0.2053359	0.3262307	0.2765695	0.2571928
3232988183.3263626	0.1797801	0.2122640	0.1558285	0.2346276	0.1529081	0.2541830	0.1826244	0.1926982	0.0978948	0.1633333	0.3837290	0.4193112	0.2053335	0.3262279	0.2765533	0.2572085
3232988183.3362508	0.1797873	0.2122822	0.1558278	0.2346144	0.1528969	0.2541813	0.1826073	0.1926814	0.0979160	0.1633480	0.3837343	0.4193008	0.2053336	0.3262335	0.2765691	0.2572232
3232988183.3461390	0.1797788	0.2122487	0.1558187	0.2346297	0.1529011	0.2541743	0.1826032	0.1926748	0.0979050	0.1633207	0.3837244	0.4193146	0.2053173	0.3262177	0.2765690	0.2572421
3232988183.3560271	0.1797887	0.2122776	0.1558262	0.2346188	0.1529027	0.2541835	0.1826175	0.1926604	0.0978982	0.1633436	0.3837277	0.4193009	0.2053316	0.3262475	0.2765484	0.2571999
3232988183.3659153	0.1797971	0.2122614	0.1558260	0.2346289	0.1528950	0.2541733	0.1826224	0.1926873	0.0979072	0.1633368	0.3837272	0.4193045	0.2053387	0.3262217	0.2765655	0.2572101
3232988183.3758035	0.1797942	0.2122679	0.1558298	0.2346095	0.1529062	0.2541843	0.1826175	0.1926632	0.0978945	0.1633410	0.3837410	0.4193065	0.2053453	0.3262312	0.2765649	0.2572216
3232988183.3856902	0.1797829	0.2122785	0.1558162	0.2346187	0.1528888	0.2541717	0.1826250	0.1926730	0.0979047	0.1633413	0.3837434	0.4193106	0.2053350	0.3262419	0.2765730	0.2572210
3232988183.3955784	0.1797728	0.2122567	0.1558140	0.2345984	0.1528944	0.2541725	0.1826063	0.1926722	0.0979137	0.1633369	0.3837349	0.4193019	0.2053505	0.3262355	0.2765631	0.2572314
3232988183.4054666	0.1797854	0.2122587	0.1558423	0.2346087	0.1528970	0.2541665	0.1826261	0.1926658	0.0979065	0.1633394	0.3837292	0.4193225	0.2053095	0.3262411	0.2765599	0.2572122
3232988183.4153547	0.1797880	0.2122687	0.1558396	0.2346281	0.1528953	0.2541861	0.1826088	0.1926767	0.0979097	0.1633405	0.3837467	0.4193135	0.2053389	0.3262470	0.2765540	0.2572457
3232988183.4252429	0.1797896	0.2122670	0.1558420	0.2346283	0.1529121	0.2541735	0.1826109	0.1926614	0.0979036	0.1633385	0.3837264	0.4192875	0.2053297	0.3262308	0.2765790	0.2572094
3232988183.4351311	0.1797812	0.2122774	0.1558249	0.2346226	0.1528930	0.2541779	0.1826049	0.1926987	0.0978984	0.1633286	0.3837355	0.4193125	0.2053440	0.3262568	0.2765634	0.2572247
3232988183.4450192	0.1797780	0.2122710	0.1558403	0.2346295	0.1528894	0.2541745	0.1826094	0.1926566	0.0978999	0.1633532	0.3837414	0.4193214	0.2053348	0.3262349	0.2765513	0.2572174
3232988183.4549074	0.1797885	0.2122712	0.1558121	0.2346289	0.1528864	0.2541867	0.1826251	0.1926943	0.0978915	0.1633562	0.3837299	0.4193110	0.2053346	0.3262428	0.2765608	0.2572287
3232988183.4647956	0.1797848	0.2122909	0.1558313	0.2346166	0.1528821	0.2541671	0.1826292	0.1926780	0.0979008	0.1633295	0.3837281	0.4193199	0.2053324	0.3262506	0.2765543	0.2572226
3232988183.4746838	0.1797949	0.2122822	0.1558404	0.2346323	0.1529064	0.2541874	0.1826112	0.1926832	0.0979002	0.1633538	0.3837478	0.4193078	0.2053231	0.3262355	0.2765545	0.2572393
3232988183.4845700	0.1797761	0.2122634	0.1558213	0.2346240	0.1529046	0.2541919	0.1826179	0.1926798	0.0979063	0.1633499	0.3837440	0.4193324	0.2053412	0.3262600	0.2765511	0.2572164
3232988183.4944582	0.1797863	0.2122779	0.1558503	0.2346232	0.1528834	0.2541835	0.1826191	0.1926844	0.0978781	0.1633472	0.3837281	0.4193275	0.2053153	0.3262545	0.2765669	0.2572262
3232988183.5043464	0.1797707	0.2122551	0.1558176	0.2346305	0.1528882	0.2541787	0.1826241	0.1926625	0.0979007	0.1633471	0.3837448	0.4193390	0.2053477	0.3262623	0.2765668	0.2572395
3232988183.5142345	0.1797797	0.2122680	0.1558042	0.2346254	0.1529031	0.2541867	0.1826154	0.1926769	0.0978865	0.1633469	0.3837366	0.4193281	0.2053284	0.3262563	0.2765591	0.2572155
3232988183.5241227	0.1797789	0.2122625	0.1558213	0.2346345	0.1528943	0.2541862	0.1826109	0.1926692	0.0979003	0.1633349	0.3837576	0.4193206	0.2053324	0.3262581	0.2765609	0.2572329
3232988183.5340109	0.1797752	0.2122809	0.1558310	0.2346297	0.1529056	0.2541921	0.1826291	0.1926754	0.0979069	0.1633537	0.3837373	0.4193372	0.2053242	0.3262688	0.2765674	0.2572334
3232988183.5438991	0.1798015	0.2122714	0.1558271	0.2346273	0.1528973	0.2541598	0.1826243	0.1926840	0.0978838	0.1633392	0.3837409	0.4193413	0.2053339	0.3262603	0.2765556	0.2572362
3232988183.5537872	0.1797907	0.2122657	0.1558261	0.2346386	0.1528927	0.2541833	0.1826170	0.1926724	0.0979268	0.1633531	0.3837389	0.4193200	0.2053404	0.3262752	0.2765628	0.2572373
3232988183.5636754	0.1797866	0.2122651	0.1558175	0.2346345	0.1528826	0.2541845	0.1826116	0.1926995	0.0979127	0.1633454	0.3837393	0.4193256	0.2053468	0.3262532	0.2765663	0.2572343
3232988183.5735636	0.1797946	0.2122738	0.1558367	0.2346413	0.1528922	0.2541784	0.1826008	0.1926809	0.0979144	0.1633303	0.3837461	0.4193388	0.2053332	0.3262508	0.2765462	0.2572324
3232988183.5834503	0.1797761	0.2122639	0.1558502	0.2346413	0.1528989	0.2541863	0.1826291	0.1926856	0.0978931	0.1633647	0.3837399	0.4193244	0.2053211	0.3262536	0.2765527	0.2572281
3232988183.5933385	0.1797965	0.2122962	0.1558513	0.2346243	0.1529075	0.2541824	0.1826376	0.1926869	0.0978990	0.1633327	0.3837273	0.4193488	0.2053396	0.3262705	0.2765739	0.2572387
3232988183.6032267	0.1797815	0.2122843	0.1558438	0.2346522	0.1528904	0.2541762	0.1826256	0.1926944	0.0978858	0.1633526	0.3837438	0.4193277	0.2053508	0.3262450	0.2765613	0.2572367
3232988183.6131148	0.1797688	0.2122856	0.1558334	0.2346329	0.1528970	0.2541968	0.1826139	0.1926829	0.0979099	0.1633495	0.3837315	0.4193451	0.2053363	0.3262556	0.2765402	0.2572441
3232988183.6230030	0.1797688	0.2122660	0.1558326	0.2346479	0.1529086	0.2542016	0.1826203	0.1926658	0.0978986	0.1633446	0.3837517	0.4193515	0.2053382	0.3262625	0.2765571	0.2572332
3232988183.6328912	0.1797740	0.2122853	0.1558088	0.2346424	0.1529043	0.2541801	0.1826174	0.1927046	0.0979079	0.1633393	0.3837378	0.4193410	0.2053290	0.3262771	0.2765603	0.2572513
3232988183.6427793	0.1797901	0.2122900	0.1558329	0.2346239	0.1528940	0.2541918	0.1826161	0.1926753	0.0978939	0.1633655	0.3837320	0.4193413	0.2053417	0.3262584	0.2765717	0.2572600
3232988183.6526675	0.1797856	0.2122807	0.1558229	0.2346348	0.1528986	0.2542000	0.1826396	0.1926972	0.0979017	0.1633527	0.3837430	0.4193577	0.2053321	0.3262800	0.2765622	0.2572460
3232988183.6625557	0.1797933	0.2122886	0.1558471	0.2346444	0.1528984	0.2541960	0.1826056	0.1926710	0.0979044	0.1633532	0.3837326	0.4193638	0.2053506	0.3262614	0.2765699	0.2572354
3232988183.6724439	0.1797796	0.2122982	0.1558198	0.2346574	0.1528981	0.2542086	0.1826117	0.1926827	0.0979078	0.1633493	0.3837432	0.4193559	0.2053277	0.3262804	0.2765575	0.2572439
3232988183.6823301	0.1797830	0.2122804	0.1558392	0.2346393	0.1529007	0.2542064	0.1826163	0.1927006	0.0979068	0.1633648	0.3837492	0.4193565	0.2053345	0.3262789	0.2765648	0.2572619
3232988183.6922183	0.1797807	0.2123016	0.1558418	0.2346146	0.1529026	0.2541985	0.1826342	0.1927116	0.0979089	0.1633553	0.3837518	0.4193567	0.2053353	0.3262901	0.2765764	0.2572508
3232988183.7021065	0.1797873	0.2122940	0.1558412	0.2346433	0.1529058	0.2541975	0.1826251	0.1926868	0.0978963	0.1633625	0.3837305	0.4193580	0.2053426	0.3262726	0.2765514	0.2572573
3232988183.7119946	0.1797986	0.2122996	0.1558170	0.2346526	0.1529030	0.2542109	0.1826305	0.1927082	0.0979148	0.1633516	0.3837421	0.4193552	0.2053429	0.3262770	0.2765798	0.2572401
3232988183.7218828	0.1797720	0.2122840	0.1558045	0.2346427	0.1528976	0.2542129	0.1826114	0.1927010	0.0979007	0.1633533	0.3837379	0.4193393	0.2053372	0.3262699	0.2765640	0.2572526
3232988183.7317710	0.1797845	0.2123012	0.1558149	0.2346485	0.1529041	0.2542021	0.1826042	0.1926861	0.0979184	0.1633583	0.3837391	0.4193540	0.2053287	0.3262851	0.2765881	0.2572528
3232988183.7416592	0.1797749	0.2122862	0.1558398	0.2346404	0.1529025	0.2542194	0.1826291	0.1926866	0.0978982	0.1633660	0.3837507	0.4193714	0.2053411	0.3262882	0.2765802	0.2572587
3232988183.7515473	0.1797696	0.2122987	0.1558366	0.2346529	0.1529157	0.2542188	0.1826254	0.1927014	0.0979006	0.1633544	0.3837442	0.4193694	0.2053429	0.3262859	0.2765704	0.2572571
3232988183.7614355	0.1797911	0.2122785	0.1558290	0.2346544	0.1529063	0.2541931	0.1826195	0.1926918	0.0979086	0.1633709	0.3837640	0.4193743	0.2053277	0.3262760	0.2765737	0.2572538
3232988183.7713237	0.1797792	0.2122978	0.1558249	0.2346531	0.1528984	0.2542105	0.1826192	0.1926852	0.0978909	0.1633632	0.3837241	0.4193657	0.2053371	0.3262985	0.2765711	0.2572597
3232988183.7812099	0.1797636	0.2122902	0.1558118	0.2346504	0.1528924	0.2542014	0.1826248	0.1927005	0.0979111	0.1633571	0.3837494	0.4193505	0.2053394	0.3262903	0.2765776	0.2572573
3232988183.7910981	0.1797964	0.2122843	0.1558156	0.2346468	0.1529137	0.2542224	0.1826109	0.1926799	0.0979182	0.1633638	0.3837419	0.4193637	0.2053434	0.3262849	0.2765717	0.2572607
3232988183.8009863	0.1797992	0.2122983	0.1558476	0.2346525	0.1528974	0.2542028	0.1826271	0.1927120	0.0979056	0.1633806	0.3837505	0.4193787	0.2053276	0.3262712	0.2765651	0.2572457
3232988183.8108745	0.1797732	0.2122927	0.1558236	0.2346637	0.1529214	0.2542188	0.1826140	0.1927063	0.0978990	0.1633652	0.3837393	0.4193772	0.2053387	0.3262738	0.2765842	0.2572627
3232988183.8207626	0.1797820	0.2123065	0.1558431	0.2346354	0.1528957	0.2542119	0.1826296	0.1926902	0.0978957	0.1633589	0.3837499	0.4193784	0.2053374	0.3262981	0.2765576	0.2572648
3232988183.8306508	0.1797626	0.2123033	0.1558215	0.2346439	0.1528990	0.2542056	0.1826088	0.1927103	0.0978965	0.1633598	0.3837295	0.4193717	0.2053399	0.3262790	0.2765693	0.2572550
3232988183.8405390	0.1797728	0.2122726	0.1558278	0.2346500	0.1529057	0.2542257	0.1826328	0.1926957	0.0979002	0.1633593	0.3837345	0.4193678	0.2053454	0.3262831	0.2765698	0.2572430
3232988183.8504271	0.1797867	0.2122821	0.1558371	0.2346567	0.1529208	0.2542108	0.1826267	0.1926959	0.0978944	0.1633729	0.3837356	0.4193668	0.2053221	0.3262999	0.2765629	0.2572507
3232988183.8603153	0.1797879	0.2122954	0.1558211	0.2346383	0.1529114	0.2542289	0.1826192	0.1926917	0.0979183	0.1633583	0.3837501	0.4193563	0.2053349	0.3262860	0.2765531	0.2572460
3232988183.8702035	0.1797794	0.2122848	0.1558372	0.2346626	0.1529059	0.2542160	0.1826271	0.1926906	0.0978982	0.1633445	0.3837400	0.4193564	0.2053433	0.3262849	0.2765695	0.2572614
3232988183.8800902	0.1797829	0.2122984	0.1558210	0.2346458	0.1529175	0.2542181	0.1826131	0.1926932	0.0979089	0.1633611	0.3837400	0.4193692	0.2053357	0.3262743	0.2765519	0.2572426
3232988183.8899784	0.1797895	0.2123027	0.1558214	0.2346527	0.1528956	0.2542053	0.1826345	0.1926972	0.0978927	0.1633621	0.3837553	0.4193499	0.2053369	0.3262829	0.2765689	0.2572463
3232988183.8998666	0.1797819	0.2122811	0.1558356	0.2346479	0.1529037	0.2541972	0.1826201	0.1926935	0.0978940	0.1633500	0.3837336	0.4193721	0.2053337	0.3262903	0.2765640	0.2572527
3232988183.9097548	0.1797930	0.2123135	0.1558458	0.2346664	0.1528972	0.2542305	0.1826250	0.1927082	0.0979014	0.1633662	0.3837344	0.4193666	0.2053204	0.3262896	0.2765562	0.2572581
3232988183.9196429	0.1798022	0.2122785	0.1558390	0.2346488	0.1528978	0.2542003	0.1826323	0.1927044	0.0979083	0.1633794	0.3837231	0.4193665	0.2053205	0.3262720	0.2765645	0.2572491
3232988183.9295311	0.1797548	0.2122943	0.1558264	0.2346495	0.1529097	0.2542162	0.1826081	0.1927047	0.0979078	0.1633487	0.3837278	0.4193596	0.2053253	0.3262793	0.2765644	0.2572557
3232988183.9394193	0.1797859	0.2122766	0.1558401	0.2346636	0.1528837	0.2542006	0.1826093	0.1926985	0.0979053	0.1633599	0.3837298	0.4193820	0.2053286	0.3262704	0.2765756	0.2572530
3232988183.9493074	0.1798029	0.2122983	0.1558392	0.2346498	0.1529089	0.2541831	0.1826277	0.1927036	0.0979042	0.1633504	0.3837312	0.4193551	0.2053271	0.3262928	0.2765688	0.2572583
3232988183.9591956	0.1797992	0.2122882	0.1558310	0.2346487	0.1529042	0.2542223	0.1826257	0.1926898	0.0978968	0.1633628	0.3837478	0.4193878	0.2053415	0.3262857	0.2765626	0.2572649
3232988183.9690838	0.1797821	0.2122957	0.1558494	0.2346535	0.1528983	0.2542081	0.1826250	0.1927129	0.0978854	0.1633592	0.3837241	0.4193752	0.2053385	0.3262962	0.2765677	0.2572660
3232988183.9789700	0.1797931	0.2122732	0.1558389	0.2346537	0.1529065	0.2541954	0.1826184	0.1927046	0.0979014	0.1633479	0.3837295	0.4193766	0.2053495	0.3262867	0.2765533	0.2572494
3232988183.9888582	0.1797808	0.2123063	0.1558171	0.2346418	0.1528887	0.2541992	0.1826370	0.1926940	0.0979137	0.1633529	0.3837364	0.4193820	0.2053309	0.3262783	0.2765590	0.2572196
3232988183.9987464	0.1797815	0.2122969	0.1558362	0.2346378	0.1529138	0.2542201	0.1826148	0.1927148	0.0979049	0.1633718	0.3837375	0.4193651	0.2053387	0.3262987	0.2765658	0.2572584
3232988184.0086346	0.1797944	0.2122846	0.1558441	0.2346527	0.1528984	0.2542251	0.1826365	0.1926917	0.0978964	0.1633577	0.3837265	0.4193688	0.2053267	0.3262986	0.2765748	0.2572342
3232988184.0185227	0.1797908	0.2122959	0.1558251	0.2346637	0.1529215	0.2542157	0.1826106	0.1926880	0.0978915	0.1633668	0.3837421	0.4193665	0.2053239	0.3262744	0.2765689	0.2572526
3232988184.0284109	0.1798025	0.2122875	0.1558352	0.2346515	0.1529092	0.2542108	0.1826343	0.1926914	0.0979062	0.1633624	0.3837402	0.4193765	0.2053286	0.3262812	0.2765425	0.2572514
3232988184.0382991	0.1797911	0.2123017	0.1558280	0.2346560	0.1528992	0.2541977	0.1826151	0.1926728	0.0978928	0.1633638	0.3837345	0.4193573	0.2053454	0.3262807	0.2765738	0.2572811
3232988184.0481873	0.1797774	0.2123043	0.1558312	0.2346356	0.1528854	0.2542136	0.1826161	0.1926998	0.0978877	0.1633576	0.3837447	0.4193639	0.2053286	0.3262846	0.2765609	0.2572283
3232988184.0580754	0.1797957	0.2122731	0.1558516	0.2346505	0.1529060	0.2542234	0.1826366	0.1926919	0.0979089	0.1633593	0.3837529	0.4193824	0.2053370	0.3262896	0.2765713	0.2572654
3232988184.0679636	0.1797819	0.2123157	0.1558370	0.2346440	0.1529173	0.2542099	0.1826227	0.1927028	0.0978952	0.1633743	0.3837452	0.4193710	0.2053236	0.3262834	0.2765639	0.2572675
3232988184.0778499	0.1797872	0.2122973	0.1558210	0.2346628	0.1529037	0.2542173	0.1826221	0.1926953	0.0979057	0.1633649	0.3837539	0.4193503	0.2053317	0.3262719	0.2765686	0.2572537
3232988184.0877380	0.1797837	0.2122934	0.1558318	0.2346374	0.1528953	0.2542213	0.1826134	0.1927032	0.0978996	0.1633575	0.3837436	0.4193733	0.2053425	0.3262993	0.2765534	0.2572673
3232988184.0976262	0.1797765	0.2122935	0.1558231	0.2346496	0.1528852	0.2541956	0.1826230	0.1926763	0.0978939	0.1633566	0.3837391	0.4193731	0.2053488	0.3262922	0.2765677	0.2572548
3232988184.1075144	0.1797756	0.2122999	0.1558218	0.2346405	0.1528973	0.2542024	0.1826446	0.1927038	0.0978894	0.1633593	0.3837339	0.4193587	0.2053403	0.3262972	0.2765756	0.2572539
3232988184.1174026	0.1797755	0.2122970	0.1558459	0.2346604	0.1528985	0.2542250	0.1826382	0.1927002	0.0979050	0.1633402	0.3837186	0.4193698	0.2053322	0.3262769	0.2765679	0.2572616
3232988184.1272907	0.1797940	0.2122759	0.1558304	0.2346396	0.1529200	0.2542199	0.1826253	0.1927132	0.0979120	0.1633540	0.3837500	0.4193663	0.2053242	0.3262758	0.2765605	0.2572508
3232988184.1371789	0.1797725	0.2122775	0.1558306	0.2346359	0.1528954	0.2542036	0.1826169	0.1926808	0.0978934	0.1633691	0.3837563	0.4193696	0.2053444	0.3262906	0.2765594	0.2572686
3232988184.1470671	0.1797944	0.2122908	0.1558343	0.2346224	0.1528724	0.2542001	0.1826112	0.1926894	0.0979022	0.1633496	0.3837308	0.4193576	0.2053346	0.3262606	0.2765686	0.2572611
3232988184.1569552	0.1797878	0.2122989	0.1558285	0.2346425	0.1529143	0.2542132	0.1826348	0.1926824	0.0979123	0.1633539	0.3837233	0.4193562	0.2053424	0.3262814	0.2765549	0.2572516
3232988184.1668434	0.1797867	0.2122934	0.1558221	0.2346378	0.1529133	0.2542166	0.1826282	0.1927115	0.0978917	0.1633422	0.3837249	0.4193564	0.2053379	0.3262763	0.2765864	0.2572599
