3232988136.5165701	0.1937732	0.2278623	0.1674073	0.2535585	0.1633230	0.2743900	0.1977675	0.2069580	0.1640081	0.2411987	0.3291177	0.3443178	0.2117870	0.3273669	0.2815667	0.2589298
3232988136.5264583	0.1938072	0.2278778	0.1673954	0.2535437	0.1633459	0.2743924	0.1977878	0.2069670	0.1640257	0.2412077	0.3291090	0.3443065	0.2117863	0.3273798	0.2815881	0.2589234
3232988136.5363464	0.1938095	0.2278531	0.1674225	0.2535570	0.1633399	0.2743824	0.1977688	0.2069692	0.1640211	0.2411854	0.3291288	0.3443316	0.2118194	0.3273722	0.2815778	0.2589209
3232988136.5462346	0.1938043	0.2278569	0.1673954	0.2535285	0.1633399	0.2743927	0.1977849	0.2069612	0.1640469	0.2411939	0.3291097	0.3443020	0.2118066	0.3273582	0.2815848	0.2589396
3232988136.5561228	0.1937916	0.2278513	0.1674094	0.2535366	0.1633178	0.2743756	0.1977772	0.2069940	0.1640306	0.2412032	0.3291113	0.3443060	0.2118125	0.3273687	0.2815864	0.2589398
3232988136.5660110	0.1937860	0.2278561	0.1674033	0.2535476	0.1633135	0.2743884	0.1977791	0.2069699	0.1639999	0.2412077	0.3291130	0.3443022	0.2118193	0.3273462	0.2815833	0.2589234
3232988136.5758991	0.1937800	0.2278538	0.1674003	0.2535656	0.1633356	0.2744106	0.1977742	0.2069497	0.1640185	0.2412013	0.3291168	0.3443138	0.2118047	0.3273504	0.2815789	0.2589435
3232988136.5857873	0.1937942	0.2278409	0.1674165	0.2535516	0.1633321	0.2744051	0.1977798	0.2069648	0.1640221	0.2412049	0.3291251	0.3443158	0.2118072	0.3273655	0.2815878	0.2589274
3232988136.5956755	0.1937861	0.2278565	0.1674034	0.2535517	0.1633287	0.2743906	0.1977701	0.2069752	0.1640378	0.2411849	0.3291151	0.3443035	0.2117995	0.3273844	0.2815726	0.2589417
3232988136.6055636	0.1937711	0.2278493	0.1674148	0.2535413	0.1633386	0.2743900	0.1977600	0.2069583	0.1640378	0.2412102	0.3291186	0.3442998	0.2118038	0.3273372	0.2815878	0.2589254
3232988136.6154499	0.1937861	0.2278479	0.1673829	0.2535405	0.1633319	0.2743923	0.1977980	0.2069608	0.1640216	0.2411934	0.3291347	0.3443070	0.2117942	0.3273611	0.2815677	0.2589301
3232988136.6253381	0.1938068	0.2278495	0.1674187	0.2535082	0.1633237	0.2743816	0.1977901	0.2069598	0.1640319	0.2412108	0.3291249	0.3443000	0.2118102	0.3273592	0.2815850	0.2589404
3232988136.6352262	0.1937864	0.2278757	0.1674169	0.2535551	0.1633284	0.2743853	0.1977820	0.2069678	0.1640154	0.2411942	0.3291226	0.3443102	0.2118081	0.3273608	0.2815849	0.2589391
3232988136.6451144	0.1937880	0.2278579	0.1674056	0.2535508	0.1633445	0.2743813	0.1977753	0.2069560	0.1640353	0.2411918	0.3291202	0.3443135	0.2118140	0.3273544	0.2815693	0.2589208
3232988136.6550026	0.1937870	0.2278303	0.1674107	0.2535441	0.1633348	0.2743942	0.1977718	0.2069615	0.1640246	0.2412079	0.3290970	0.3443161	0.2118114	0.3273757	0.2815927	0.2589349
3232988136.6648908	0.1937937	0.2278489	0.1673856	0.2535579	0.1633308	0.2743906	0.1977680	0.2069592	0.1640230	0.2412102	0.3291132	0.3442975	0.2118025	0.3273634	0.2815586	0.2589296
3232988136.6747789	0.1937963	0.2278425	0.1674075	0.2535311	0.1633278	0.2743902	0.1977802	0.2069683	0.1640344	0.2411963	0.3291104	0.3443101	0.2118116	0.3273381	0.2815906	0.2589362
3232988136.6846671	0.1938127	0.2278478	0.1674000	0.2535351	0.1633397	0.2743979	0.1977699	0.2069612	0.1640302	0.2412100	0.3291250	0.3442840	0.2118240	0.3273501	0.2815701	0.2589527
3232988136.6945553	0.1937958	0.2278630	0.1674038	0.2535381	0.1633280	0.2743822	0.1977721	0.2069573	0.1640077	0.2412193	0.3291239	0.3443319	0.2118191	0.3273667	0.2815801	0.2589334
3232988136.7044435	0.1937991	0.2278361	0.1674226	0.2535444	0.1633412	0.2743731	0.1977820	0.2069502	0.1640214	0.2412016	0.3291138	0.3443059	0.2118048	0.3273695	0.2815681	0.2589405
3232988136.7143302	0.1937665	0.2278454	0.1673971	0.2535461	0.1633248	0.2743872	0.1977670	0.2069635	0.1640004	0.2412155	0.3291003	0.3443032	0.2118242	0.3273415	0.2815829	0.2589301
3232988136.7242184	0.1937847	0.2278593	0.1673989	0.2535319	0.1633357	0.2743906	0.1977739	0.2069545	0.1640129	0.2412086	0.3291213	0.3443046	0.2118336	0.3273650	0.2815790	0.2589413
3232988136.7341065	0.1937973	0.2278666	0.1674061	0.2535254	0.1633385	0.2743930	0.1977649	0.2069439	0.1640202	0.2411808	0.3291195	0.3442921	0.2118257	0.3273677	0.2815818	0.2589451
3232988136.7439947	0.1938022	0.2278678	0.1674020	0.2535321	0.1633217	0.2744037	0.1977607	0.2069647	0.1640204	0.2412071	0.3291194	0.3443002	0.2117850	0.3273771	0.2816005	0.2589302
3232988136.7538829	0.1938174	0.2278449	0.1674065	0.2535320	0.1633446	0.2743878	0.1977795	0.2069604	0.1640235	0.2412163	0.3291140	0.3443050	0.2118171	0.3273648	0.2815809	0.2589214
3232988136.7637711	0.1937876	0.2278495	0.1674215	0.2535415	0.1633480	0.2743807	0.1977806	0.2069495	0.1640275	0.2411946	0.3291300	0.3442911	0.2118070	0.3273689	0.2815781	0.2589253
3232988136.7736592	0.1937999	0.2278430	0.1673947	0.2535421	0.1633162	0.2743858	0.1977570	0.2069556	0.1640153	0.2411914	0.3291136	0.3442923	0.2117871	0.3273463	0.2815713	0.2589391
3232988136.7835474	0.1937841	0.2278365	0.1673954	0.2535170	0.1633313	0.2743784	0.1977832	0.2069529	0.1640292	0.2412040	0.3290956	0.3442915	0.2118115	0.3273537	0.2815763	0.2589350
3232988136.7934356	0.1937824	0.2278385	0.1674081	0.2535274	0.1633181	0.2743891	0.1977662	0.2069551	0.1640277	0.2411999	0.3291128	0.3442989	0.2118145	0.3273682	0.2815941	0.2589471
3232988136.8033237	0.1938067	0.2278472	0.1674031	0.2535356	0.1633242	0.2743882	0.1977751	0.2069709	0.1640318	0.2411954	0.3290882	0.3443193	0.2118094	0.3273613	0.2815775	0.2589322
3232988136.8132100	0.1937897	0.2278506	0.1673937	0.2535331	0.1633556	0.2743866	0.1977787	0.2069410	0.1640359	0.2412044	0.3291276	0.3442836	0.2117909	0.3273669	0.2816001	0.2589300
3232988136.8230982	0.1937887	0.2278489	0.1674082	0.2535408	0.1633320	0.2743692	0.1977678	0.2069633	0.1640210	0.2411871	0.3291163	0.3443111	0.2118067	0.3273533	0.2815803	0.2589403
3232988136.8329864	0.1937838	0.2278525	0.1674065	0.2535414	0.1633200	0.2743817	0.1977577	0.2069671	0.1640074	0.2411978	0.3290925	0.3442928	0.2118181	0.3273617	0.2815700	0.2589260
3232988136.8428745	0.1937800	0.2278244	0.1674106	0.2535202	0.1633463	0.2743815	0.1977861	0.2069423	0.1640086	0.2412058	0.3291085	0.3442899	0.2118241	0.3273627	0.2815993	0.2589297
3232988136.8527627	0.1937934	0.2278467	0.1674072	0.2535339	0.1633359	0.2743945	0.1977763	0.2069548	0.1640253	0.2411905	0.3291223	0.3442946	0.2118026	0.3273488	0.2815798	0.2589286
3232988136.8626509	0.1937877	0.2278397	0.1674194	0.2535081	0.1633450	0.2743769	0.1977711	0.2069548	0.1640204	0.2412037	0.3291179	0.3442998	0.2118161	0.3273516	0.2815984	0.2589189
3232988136.8725390	0.1937890	0.2278333	0.1674101	0.2535104	0.1633465	0.2743746	0.1977841	0.2069794	0.1640200	0.2411999	0.3291043	0.3442846	0.2118092	0.3273502	0.2815843	0.2589069
3232988136.8824272	0.1937986	0.2278571	0.1674004	0.2535223	0.1633184	0.2743940	0.1977612	0.2069497	0.1640292	0.2412002	0.3291181	0.3442788	0.2118184	0.3273408	0.2815770	0.2589169
3232988136.8923154	0.1937791	0.2278534	0.1674027	0.2535246	0.1633375	0.2743882	0.1977811	0.2069576	0.1640226	0.2411999	0.3291153	0.3442784	0.2118027	0.3273555	0.2815840	0.2589214
3232988136.9022036	0.1937999	0.2278344	0.1674208	0.2535482	0.1633358	0.2743861	0.1977769	0.2069389	0.1640131	0.2411901	0.3291116	0.3442887	0.2118169	0.3273393	0.2815962	0.2589313
3232988136.9120903	0.1937822	0.2278346	0.1674121	0.2535204	0.1633247	0.2744102	0.1977788	0.2069320	0.1640294	0.2411788	0.3291098	0.3442861	0.2118148	0.3273392	0.2815849	0.2589279
3232988136.9219785	0.1937915	0.2278389	0.1673926	0.2535498	0.1633382	0.2743815	0.1977779	0.2069416	0.1640293	0.2411873	0.3291256	0.3442924	0.2118059	0.3273594	0.2815821	0.2589328
3232988136.9318666	0.1937969	0.2278311	0.1674065	0.2535233	0.1633370	0.2743853	0.1977622	0.2069575	0.1640204	0.2411809	0.3291039	0.3442837	0.2118028	0.3273611	0.2815789	0.2589317
3232988136.9417548	0.1937879	0.2278485	0.1674041	0.2535203	0.1633235	0.2743801	0.1977577	0.2069523	0.1640401	0.2411840	0.3291135	0.3442865	0.2118165	0.3273411	0.2815793	0.2589194
3232988136.9516430	0.1938152	0.2278431	0.1674066	0.2535383	0.1633352	0.2743888	0.1977770	0.2069384	0.1640193	0.2411822	0.3291100	0.3442939	0.2118219	0.3273587	0.2815728	0.2589059
3232988136.9615312	0.1937870	0.2278370	0.1674040	0.2535436	0.1633424	0.2743664	0.1977673	0.2069353	0.1640389	0.2411957	0.3291144	0.3442956	0.2118097	0.3273555	0.2815866	0.2589255
3232988136.9714193	0.1938147	0.2278458	0.1674219	0.2535332	0.1633298	0.2743882	0.1977688	0.2069438	0.1640133	0.2412062	0.3291304	0.3442816	0.2118156	0.3273383	0.2815726	0.2589265
3232988136.9813075	0.1937884	0.2278268	0.1674069	0.2535206	0.1633443	0.2743805	0.1977806	0.2069619	0.1640223	0.2412007	0.3291113	0.3442778	0.2118095	0.3273532	0.2815932	0.2589445
3232988136.9911957	0.1937830	0.2278401	0.1674083	0.2535111	0.1633319	0.2743676	0.1977658	0.2069433	0.1640195	0.2411966	0.3291006	0.3442771	0.2118072	0.3273579	0.2815981	0.2589147
3232988137.0010838	0.1937983	0.2278338	0.1673909	0.2535304	0.1633460	0.2743974	0.1977541	0.2069349	0.1640333	0.2411843	0.3291158	0.3442714	0.2118093	0.3273616	0.2816036	0.2589101
3232988137.0109701	0.1938130	0.2278374	0.1674179	0.2535380	0.1633360	0.2743918	0.1977824	0.2069486	0.1640165	0.2411998	0.3291271	0.3442896	0.2118277	0.3273477	0.2815645	0.2589284
3232988137.0208583	0.1937955	0.2278237	0.1673959	0.2535048	0.1633539	0.2743705	0.1977561	0.2069555	0.1640221	0.2411813	0.3291266	0.3442917	0.2118216	0.3273683	0.2815869	0.2589375
3232988137.0307465	0.1937952	0.2278232	0.1674084	0.2535272	0.1633214	0.2743737	0.1977898	0.2069526	0.1640365	0.2411901	0.3291198	0.3442831	0.2118129	0.3273400	0.2815908	0.2589067
3232988137.0406346	0.1937909	0.2278419	0.1674060	0.2535295	0.1633179	0.2743662	0.1977662	0.2069550	0.1640048	0.2412078	0.3291219	0.3442819	0.2118135	0.3273539	0.2815815	0.2589218
3232988137.0505228	0.1937971	0.2278368	0.1674205	0.2535220	0.1633137	0.2743734	0.1977730	0.2069581	0.1640225	0.2411853	0.3291256	0.3442818	0.2118296	0.3273518	0.2815882	0.2589296
3232988137.0604110	0.1938027	0.2278414	0.1674032	0.2535185	0.1633290	0.2743678	0.1977902	0.2069442	0.1640257	0.2411996	0.3291037	0.3443073	0.2118144	0.3273487	0.2815924	0.2589119
3232988137.0702991	0.1938071	0.2278260	0.1674237	0.2535336	0.1633407	0.2743803	0.1977703	0.2069455	0.1640294	0.2411813	0.3291197	0.3442876	0.2118216	0.3273413	0.2815799	0.2589344
3232988137.0801873	0.1938198	0.2278388	0.1673873	0.2535328	0.1633358	0.2743814	0.1977622	0.2069457	0.1640191	0.2411922	0.3291202	0.3442921	0.2118068	0.3273594	0.2815838	0.2589026
3232988137.0900755	0.1937832	0.2278485	0.1674106	0.2535133	0.1633297	0.2743712	0.1977486	0.2069452	0.1640404	0.2411796	0.3291229	0.3442938	0.2118196	0.3273513	0.2815971	0.2589219
3232988137.0999637	0.1937753	0.2278188	0.1673966	0.2535269	0.1633231	0.2743730	0.1977599	0.2069500	0.1640151	0.2411676	0.3291165	0.3442864	0.2118019	0.3273353	0.2815921	0.2589156
3232988137.1098499	0.1937841	0.2278480	0.1674229	0.2535430	0.1633189	0.2743936	0.1977738	0.2069551	0.1640073	0.2411942	0.3291042	0.3442891	0.2118177	0.3273337	0.2815921	0.2589233
3232988137.1197381	0.1937981	0.2278566	0.1674217	0.2535252	0.1633341	0.2743615	0.1977638	0.2069474	0.1640155	0.2411899	0.3291058	0.3442893	0.2117999	0.3273428	0.2815828	0.2589301
3232988137.1296263	0.1938029	0.2278330	0.1674018	0.2535258	0.1633280	0.2743907	0.1977699	0.2069527	0.1640150	0.2411777	0.3291317	0.3442781	0.2118168	0.3273531	0.2815839	0.2589036
3232988137.1395144	0.1937773	0.2278250	0.1674101	0.2535252	0.1633259	0.2743594	0.1977662	0.2069510	0.1640292	0.2412052	0.3291416	0.3442732	0.2117930	0.3273452	0.2815824	0.2589353
3232988137.1494026	0.1937816	0.2278367	0.1674075	0.2535100	0.1633223	0.2743618	0.1977694	0.2069483	0.1640226	0.2411961	0.3291049	0.3442726	0.2118075	0.3273605	0.2815646	0.2589030
3232988137.1592908	0.1937962	0.2278282	0.1674031	0.2535250	0.1633336	0.2743836	0.1977707	0.2069435	0.1640287	0.2412014	0.3291222	0.3442723	0.2118185	0.3273484	0.2816080	0.2589141
3232988137.1691790	0.1938149	0.2278374	0.1674137	0.2535331	0.1633224	0.2743801	0.1977765	0.2069466	0.1640262	0.2412093	0.3291144	0.3442964	0.2118195	0.3273669	0.2815970	0.2589168
3232988137.1790671	0.1937898	0.2278373	0.1674071	0.2535059	0.1633337	0.2743757	0.1977562	0.2069489	0.1640169	0.2412014	0.3291322	0.3442848	0.2118174	0.3273383	0.2815827	0.2589225
3232988137.1889553	0.1938077	0.2278359	0.1674207	0.2535509	0.1633427	0.2743933	0.1977673	0.2069500	0.1640295	0.2411924	0.3291106	0.3442794	0.2118058	0.3273675	0.2815756	0.2589186
3232988137.1988435	0.1937917	0.2278393	0.1673998	0.2535263	0.1633289	0.2743763	0.1977812	0.2069453	0.1640191	0.2411638	0.3291200	0.3442943	0.2118206	0.3273326	0.2815851	0.2589196
3232988137.2087302	0.1937905	0.2278311	0.1673937	0.2535421	0.1633296	0.2743886	0.1977805	0.2069334	0.1640321	0.2411798	0.3291108	0.3442971	0.2118289	0.3273547	0.2815805	0.2589198
3232988137.2186184	0.1937908	0.2278243	0.1674109	0.2535317	0.1633391	0.2743768	0.1977938	0.2069628	0.1640210	0.2411828	0.3291190	0.3442871	0.2117885	0.3273481	0.2816017	0.2589053
3232988137.2285066	0.1938138	0.2278298	0.1674243	0.2535086	0.1633415	0.2743853	0.1977724	0.2069592	0.1640065	0.2411914	0.3291248	0.3442942	0.2118109	0.3273453	0.2815930	0.2588881
3232988137.2383947	0.1937918	0.2278489	0.1673839	0.2535338	0.1633586	0.2743565	0.1977659	0.2069472	0.1640308	0.2411971	0.3291174	0.3442847	0.2118157	0.3273476	0.2815923	0.2589201
3232988137.2482829	0.1937847	0.2278178	0.1674163	0.2535226	0.1633471	0.2743590	0.1977729	0.2069543	0.1640120	0.2411853	0.3291168	0.3442882	0.2118044	0.3273487	0.2815677	0.2589413
3232988137.2581711	0.1937927	0.2278396	0.1673948	0.2535179	0.1633265	0.2743759	0.1977631	0.2069543	0.1640335	0.2411868	0.3291346	0.3442791	0.2117857	0.3273487	0.2815826	0.2589263
3232988137.2680593	0.1937989	0.2278432	0.1674125	0.2535075	0.1633415	0.2743987	0.1977963	0.2069367	0.1640259	0.2411748	0.3291151	0.3442915	0.2118192	0.3273438	0.2815794	0.2589198
3232988137.2779474	0.1938111	0.2278356	0.1674064	0.2535304	0.1633568	0.2743661	0.1977723	0.2069521	0.1640289	0.2411936	0.3291143	0.3442667	0.2118278	0.3273459	0.2815919	0.2589169
3232988137.2878356	0.1937823	0.2278308	0.1673976	0.2535307	0.1633300	0.2743691	0.1977845	0.2069439	0.1640155	0.2411735	0.3291132	0.3442733	0.2118202	0.3273545	0.2815781	0.2589209
3232988137.2977238	0.1937957	0.2278399	0.1674032	0.2535113	0.1633487	0.2743727	0.1977699	0.2069425	0.1640296	0.2411892	0.3291301	0.3442944	0.2117976	0.3273537	0.2815980	0.2589181
3232988137.3076100	0.1937927	0.2278290	0.1674035	0.2535173	0.1633553	0.2743617	0.1977701	0.2069376	0.1640213	0.2411885	0.3291317	0.3442882	0.2118229	0.3273529	0.2815768	0.2589270
3232988137.3174982	0.1937997	0.2278366	0.1674073	0.2535068	0.1633433	0.2743714	0.1977847	0.2069482	0.1640391	0.2412036	0.3291156	0.3442709	0.2117948	0.3273431	0.2815939	0.2589153
3232988137.3273864	0.1938060	0.2278367	0.1674329	0.2535159	0.1633404	0.2743674	0.1977786	0.2069306	0.1640288	0.2411867	0.3291258	0.3442861	0.2118288	0.3273358	0.2815843	0.2589272
3232988137.3372745	0.1938068	0.2278494	0.1674077	0.2535025	0.1633448	0.2743698	0.1977709	0.2069436	0.1640176	0.2411915	0.3291267	0.3442746	0.2118127	0.3273488	0.2815690	0.2588974
3232988137.3471627	0.1938033	0.2278395	0.1674156	0.2535138	0.1633383	0.2743718	0.1977732	0.2069700	0.1640158	0.2411676	0.3291144	0.3442830	0.2118088	0.3273423	0.2815818	0.2589024
3232988137.3570509	0.1937937	0.2278357	0.1673989	0.2535083	0.1633233	0.2743702	0.1977713	0.2069327	0.1640239	0.2412001	0.3291187	0.3442882	0.2118161	0.3273330	0.2815856	0.2589189
3232988137.3669391	0.1937944	0.2278206	0.1673921	0.2535213	0.1633362	0.2743690	0.1977801	0.2069337	0.1640187	0.2411798	0.3290993	0.3442884	0.2118071	0.3273340	0.2815903	0.2589132
3232988137.3768272	0.1937862	0.2278362	0.1674155	0.2535218	0.1633411	0.2743847	0.1977900	0.2069513	0.1640350	0.2411771	0.3291321	0.3442799	0.2118208	0.3273411	0.2816074	0.2589229
3232988137.3867154	0.1937981	0.2278407	0.1673957	0.2535158	0.1633281	0.2743619	0.1977904	0.2069512	0.1640227	0.2411874	0.3291196	0.3442800	0.2118067	0.3273497	0.2815905	0.2589138
3232988137.3966036	0.1937972	0.2278306	0.1674162	0.2535228	0.1633219	0.2743793	0.1977845	0.2069373	0.1640234	0.2411910	0.3291340	0.3442812	0.2118077	0.3273588	0.2815966	0.2588990
3232988137.4064903	0.1937926	0.2278320	0.1674234	0.2535316	0.1633406	0.2743852	0.1977634	0.2069339	0.1640314	0.2411984	0.3291170	0.3442754	0.2118117	0.3273349	0.2816047	0.2589072
3232988137.4163785	0.1938046	0.2278196	0.1674143	0.2535111	0.1633298	0.2743643	0.1977857	0.2069564	0.1640223	0.2411861	0.3291250	0.3442788	0.2118170	0.3273473	0.2816020	0.2589143
3232988137.4262667	0.1937918	0.2278194	0.1674182	0.2535246	0.1633264	0.2743779	0.1977785	0.2069421	0.1640386	0.2411767	0.3291245	0.3442795	0.2118193	0.3273390	0.2815844	0.2589217
3232988137.4361548	0.1938118	0.2278318	0.1674313	0.2535184	0.1633254	0.2743886	0.1977618	0.2069372	0.1640159	0.2411875	0.3291285	0.3442606	0.2118116	0.3273492	0.2815964	0.2589098
3232988137.4460430	0.1938117	0.2278253	0.1674055	0.2534908	0.1633366	0.2743631	0.1977732	0.2069416	0.1640098	0.2411976	0.3291173	0.3442863	0.2118221	0.3273584	0.2815871	0.2589177
3232988137.4559312	0.1938060	0.2278218	0.1673935	0.2535177	0.1633532	0.2743612	0.1977902	0.2069562	0.1640323	0.2411809	0.3291282	0.3442759	0.2118019	0.3273348	0.2815943	0.2589379
3232988137.4658194	0.1938004	0.2278288	0.1674178	0.2535255	0.1633228	0.2743645	0.1977696	0.2069422	0.1640189	0.2411721	0.3291123	0.3443036	0.2118058	0.3273424	0.2815892	0.2589094
3232988137.4757075	0.1938067	0.2278385	0.1673977	0.2535105	0.1633322	0.2743702	0.1977696	0.2069250	0.1640356	0.2411857	0.3291485	0.3442885	0.2118220	0.3273263	0.2816076	0.2589183
3232988137.4855957	0.1938080	0.2278378	0.1674136	0.2535243	0.1633319	0.2743724	0.1977815	0.2069478	0.1640102	0.2411865	0.3291347	0.3442820	0.2118203	0.3273461	0.2815799	0.2589030
3232988137.4954839	0.1937990	0.2278102	0.1674105	0.2535128	0.1633405	0.2743774	0.1977768	0.2069438	0.1640093	0.2411844	0.3291214	0.3442745	0.2118210	0.3273451	0.2815918	0.2589142
3232988137.5053701	0.1937960	0.2278260	0.1674195	0.2535082	0.1633483	0.2743570	0.1977774	0.2069500	0.1640136	0.2411838	0.3291267	0.3442781	0.2118209	0.3273433	0.2815804	0.2589075
3232988137.5152583	0.1938028	0.2278167	0.1673993	0.2535194	0.1633229	0.2743616	0.1977763	0.2069357	0.1640414	0.2411766	0.3291206	0.3442674	0.2118240	0.3273310	0.2815791	0.2589194
3232988137.5251465	0.1937866	0.2278208	0.1674130	0.2535231	0.1633410	0.2743848	0.1977777	0.2069524	0.1640338	0.2411692	0.3291351	0.3442807	0.2118204	0.3273419	0.2815788	0.2589088
3232988137.5350347	0.1938057	0.2278291	0.1674177	0.2535417	0.1633357	0.2743779	0.1977762	0.2069562	0.1640250	0.2411890	0.3291339	0.3442616	0.2118200	0.3273561	0.2815818	0.2589027
3232988137.5449228	0.1937958	0.2278207	0.1674146	0.2535091	0.1633314	0.2743679	0.1977677	0.2069525	0.1640178	0.2411634	0.3291256	0.3442665	0.2118048	0.3273415	0.2815870	0.2589056
3232988137.5548110	0.1937993	0.2278275	0.1674068	0.2535241	0.1633388	0.2743625	0.1977809	0.2069320	0.1640266	0.2411747	0.3291288	0.3442673	0.2118167	0.3273386	0.2815871	0.2589180
3232988137.5646992	0.1937976	0.2278223	0.1674057	0.2535017	0.1633319	0.2743721	0.1977731	0.2069189	0.1640274	0.2411844	0.3291163	0.3442523	0.2118046	0.3273619	0.2815958	0.2589029
3232988137.5745873	0.1938011	0.2278298	0.1674109	0.2535200	0.1633370	0.2743502	0.1977721	0.2069306	0.1640253	0.2411911	0.3291270	0.3442662	0.2118101	0.3273287	0.2815823	0.2589233
3232988137.5844755	0.1938091	0.2278258	0.1674265	0.2535045	0.1633389	0.2743663	0.1977831	0.2069475	0.1640371	0.2411566	0.3291087	0.3442617	0.2118233	0.3273436	0.2815740	0.2589110
3232988137.5943637	0.1938053	0.2278304	0.1674122	0.2535342	0.1633486	0.2743562	0.1977899	0.2069509	0.1640330	0.2411737	0.3291197	0.3442631	0.2118058	0.3273358	0.2816036	0.2589064
3232988137.6042500	0.1937945	0.2278129	0.1674148	0.2535125	0.1633274	0.2743711	0.1977785	0.2069475	0.1640301	0.2411717	0.3291278	0.3442595	0.2118046	0.3273419	0.2815813	0.2589234
3232988137.6141381	0.1937966	0.2278327	0.1674118	0.2535122	0.1633328	0.2743632	0.1977813	0.2069450	0.1640224	0.2411717	0.3291264	0.3442653	0.2118149	0.3273158	0.2815951	0.2589011
3232988137.6240263	0.1938040	0.2278147	0.1674106	0.2534990	0.1633339	0.2743712	0.1977793	0.2069507	0.1640179	0.2411558	0.3291294	0.3442732	0.2118248	0.3273342	0.2815728	0.2588852
3232988137.6339145	0.1938188	0.2278277	0.1674023	0.2535043	0.1633268	0.2743716	0.1977761	0.2069358	0.1640335	0.2411598	0.3291356	0.3442659	0.2118067	0.3273503	0.2815916	0.2589164
3232988137.6438026	0.1937889	0.2278272	0.1674110	0.2535051	0.1633451	0.2743515	0.1977863	0.2069380	0.1640419	0.2411758	0.3291190	0.3442538	0.2118120	0.3273266	0.2816044	0.2589038
3232988137.6536908	0.1938124	0.2278172	0.1674086	0.2535226	0.1633477	0.2743451	0.1977836	0.2069455	0.1640387	0.2411737	0.3291240	0.3442725	0.2118079	0.3273445	0.2815811	0.2589042
3232988137.6635790	0.1937883	0.2278012	0.1674191	0.2535151	0.1633363	0.2743489	0.1977887	0.2069515	0.1640359	0.2411625	0.3291184	0.3442598	0.2118204	0.3273296	0.2815849	0.2588961
3232988137.6734672	0.1937977	0.2278374	0.1674131	0.2535152	0.1633466	0.2743624	0.1977748	0.2069453	0.1640270	0.2411779	0.3291275	0.3442801	0.2118091	0.3273233	0.2815836	0.2588962
3232988137.6833553	0.1937979	0.2277966	0.1674000	0.2535061	0.1633338	0.2743678	0.1977693	0.2069208	0.1640315	0.2411832	0.3291132	0.3442780	0.2118141	0.3273194	0.2815737	0.2589219
3232988137.6932435	0.1937949	0.2278298	0.1674214	0.2534984	0.1633302	0.2743581	0.1977898	0.2069261	0.1640316	0.2411692	0.3291229	0.3442609	0.2118087	0.3273385	0.2815937	0.2589057
3232988137.7031302	0.1938075	0.2278233	0.1674226	0.2535113	0.1633337	0.2743646	0.1977793	0.2069211	0.1640244	0.2411676	0.3291263	0.3442629	0.2118168	0.3273387	0.2815981	0.2589037
3232988137.7130184	0.1938039	0.2278276	0.1674175	0.2535195	0.1633364	0.2743745	0.1977846	0.2069333	0.1640191	0.2411608	0.3291136	0.3442518	0.2118257	0.3273303	0.2815849	0.2589054
3232988137.7229066	0.1937796	0.2278198	0.1674193	0.2535194	0.1633373	0.2743334	0.1977652	0.2069312	0.1640193	0.2411676	0.3291227	0.3442709	0.2118200	0.3273131	0.2815648	0.2588955
3232988137.7327948	0.1938008	0.2278196	0.1674057	0.2535063	0.1633327	0.2743662	0.1977895	0.2069321	0.1640298	0.2411731	0.3291363	0.3442648	0.2118223	0.3273217	0.2815813	0.2589255
3232988137.7426829	0.1937928	0.2278070	0.1674067	0.2535008	0.1633288	0.2743437	0.1977866	0.2069361	0.1640288	0.2411897	0.3291346	0.3442706	0.2118331	0.3273231	0.2815774	0.2588983
3232988137.7525711	0.1938043	0.2278244	0.1674193	0.2535128	0.1633513	0.2743728	0.1977907	0.2069298	0.1640152	0.2411859	0.3291184	0.3442551	0.2118038	0.3273277	0.2815980	0.2589191
3232988137.7624593	0.1938108	0.2278087	0.1674310	0.2535049	0.1633589	0.2743353	0.1977735	0.2069490	0.1640329	0.2411718	0.3291169	0.3442715	0.2118119	0.3273244	0.2815994	0.2589037
3232988137.7723474	0.1937936	0.2278175	0.1674229	0.2535049	0.1633369	0.2743640	0.1977777	0.2069409	0.1640174	0.2411572	0.3291227	0.3442508	0.2118187	0.3273466	0.2815851	0.2588967
3232988137.7822356	0.1937984	0.2277999	0.1674181	0.2534918	0.1633344	0.2743471	0.1977761	0.2069380	0.1640196	0.2411751	0.3291438	0.3442550	0.2118153	0.3273074	0.2816054	0.2588916
3232988137.7921238	0.1938027	0.2278376	0.1674161	0.2534976	0.1633368	0.2743449	0.1977793	0.2069454	0.1640123	0.2411508	0.3291358	0.3442555	0.2118256	0.3273132	0.2816011	0.2589155
3232988137.8020101	0.1937899	0.2278308	0.1674224	0.2535013	0.1633628	0.2743589	0.1977830	0.2069400	0.1640345	0.2411693	0.3291091	0.3442505	0.2118281	0.3273359	0.2815814	0.2588959
3232988137.8118982	0.1938041	0.2278116	0.1674205	0.2534898	0.1633399	0.2743578	0.1977785	0.2069296	0.1640254	0.2411691	0.3291093	0.3442582	0.2118126	0.3273197	0.2815955	0.2588998
3232988137.8217864	0.1938017	0.2278008	0.1674045	0.2534861	0.1633396	0.2743562	0.1977859	0.2069276	0.1640223	0.2411614	0.3291269	0.3442439	0.2118090	0.3273079	0.2815938	0.2588907
3232988137.8316746	0.1937841	0.2278138	0.1674004	0.2535001	0.1633408	0.2743324	0.1977711	0.2069339	0.1640292	0.2411488	0.3291243	0.3442537	0.2118131	0.3273262	0.2815756	0.2589139
3232988137.8415627	0.1937940	0.2278050	0.1673981	0.2534961	0.1633345	0.2743497	0.1977747	0.2069197	0.1640166	0.2411731	0.3291117	0.3442400	0.2118068	0.3273019	0.2815841	0.2588920
3232988137.8514509	0.1937965	0.2278135	0.1674408	0.2535051	0.1633362	0.2743652	0.1977976	0.2069379	0.1640172	0.2411582	0.3291330	0.3442375	0.2118128	0.3273296	0.2815846	0.2588866
3232988137.8613391	0.1938008	0.2278168	0.1674169	0.2534875	0.1633146	0.2743606	0.1977926	0.2069262	0.1640254	0.2411748	0.3291142	0.3442543	0.2118138	0.3273142	0.2815878	0.2589098
3232988137.8712273	0.1937913	0.2278085	0.1674083	0.2534996	0.1633366	0.2743318	0.1977993	0.2069304	0.1640179	0.2411543	0.3291245	0.3442505	0.2118270	0.3273003	0.2815727	0.2588934
3232988137.8811154	0.1938132	0.2277975	0.1674161	0.2534918	0.1633555	0.2743502	0.1977893	0.2069266	0.1640334	0.2411624	0.3291290	0.3442405	0.2118184	0.3273050	0.2815930	0.2588789
3232988137.8910036	0.1937985	0.2278301	0.1674067	0.2534859	0.1633377	0.2743498	0.1977668	0.2069223	0.1640264	0.2411689	0.3291190	0.3442284	0.2118248	0.3273260	0.2816024	0.2588875
3232988137.9008899	0.1937960	0.2278250	0.1674007	0.2534789	0.1633286	0.2743395	0.1977730	0.2069151	0.1640236	0.2411663	0.3291307	0.3442336	0.2118242	0.3273179	0.2815803	0.2588961
3232988137.9107780	0.1938013	0.2278161	0.1674175	0.2535133	0.1633334	0.2743431	0.1977483	0.2069329	0.1640233	0.2411558	0.3291144	0.3442372	0.2118103	0.3273071	0.2815935	0.2588952
3232988137.9206662	0.1937970	0.2278119	0.1674038	0.2534846	0.1633444	0.2743302	0.1977845	0.2069168	0.1640283	0.2411592	0.3291257	0.3442413	0.2118045	0.3272845	0.2816014	0.2588857
3232988137.9305544	0.1938018	0.2278148	0.1674052	0.2534968	0.1633332	0.2743606	0.1977861	0.2069374	0.1640161	0.2411535	0.3291505	0.3442179	0.2118294	0.3273060	0.2815811	0.2588741
3232988137.9404426	0.1938049	0.2278113	0.1674078	0.2534878	0.1633445	0.2743376	0.1977732	0.2069101	0.1640242	0.2411491	0.3291141	0.3442427	0.2118228	0.3272985	0.2815885	0.2588469
3232988137.9503307	0.1937911	0.2278013	0.1674115	0.2534814	0.1633445	0.2743293	0.1977618	0.2069243	0.1640338	0.2411566	0.3291242	0.3442330	0.2118234	0.3273004	0.2815842	0.2588667
3232988137.9602189	0.1938034	0.2278242	0.1674272	0.2534916	0.1633351	0.2743384	0.1977596	0.2069195	0.1640125	0.2411654	0.3291360	0.3442488	0.2118165	0.3273053	0.2815921	0.2588907
3232988137.9701071	0.1938155	0.2278047	0.1674039	0.2534948	0.1633266	0.2743445	0.1977802	0.2069429	0.1640117	0.2411452	0.3291391	0.3442269	0.2118216	0.3273011	0.2815903	0.2588762
3232988137.9799952	0.1938111	0.2278067	0.1674282	0.2534809	0.1633410	0.2743384	0.1977691	0.2069134	0.1640270	0.2411435	0.3291131	0.3442230	0.2118250	0.3272969	0.2815772	0.2588780
3232988137.9898834	0.1937897	0.2278108	0.1673926	0.2534831	0.1633464	0.2743378	0.1977676	0.2069282	0.1640332	0.2411579	0.3291289	0.3442372	0.2118283	0.3273174	0.2815817	0.2588525
3232988137.9997702	0.1938073	0.2277989	0.1674078	0.2534857	0.1633236	0.2743279	0.1977703	0.2069141	0.1640167	0.2411511	0.3291228	0.3442428	0.2118071	0.3273251	0.2815899	0.2588592
3232988138.0096583	0.1938163	0.2278031	0.1674108	0.2534749	0.1633400	0.2743463	0.1977727	0.2069236	0.1640226	0.2411429	0.3291411	0.3442370	0.2118135	0.3272910	0.2816053	0.2588817
3232988138.0195465	0.1938067	0.2277956	0.1674077	0.2534820	0.1633265	0.2743510	0.1977806	0.2069230	0.1640178	0.2411657	0.3291260	0.3442348	0.2118071	0.3273026	0.2816007	0.2588841
3232988138.0294347	0.1938127	0.2278020	0.1674125	0.2534836	0.1633452	0.2743467	0.1977893	0.2069194	0.1640344	0.2411457	0.3291314	0.3442266	0.2118083	0.3272905	0.2815765	0.2588776
3232988138.0393229	0.1937884	0.2278100	0.1674245	0.2534949	0.1633551	0.2743567	0.1977932	0.2069167	0.1640401	0.2411481	0.3291198	0.3442222	0.2118077	0.3273100	0.2815957	0.2588877
3232988138.0492110	0.1937825	0.2277915	0.1674312	0.2534930	0.1633400	0.2743451	0.1977791	0.2069276	0.1640231	0.2411579	0.3291255	0.3442423	0.2118232	0.3273041	0.2815924	0.2588758
3232988138.0590992	0.1937988	0.2278158	0.1674192	0.2534891	0.1633323	0.2743396	0.1977787	0.2069029	0.1640168	0.2411522	0.3291310	0.3442190	0.2118317	0.3273116	0.2815912	0.2588636
3232988138.0689874	0.1938109	0.2277904	0.1674241	0.2534863	0.1633528	0.2743465	0.1977687	0.2069145	0.1640249	0.2411539	0.3291176	0.3442212	0.2118437	0.3272937	0.2816075	0.2588839
3232988138.0788755	0.1938083	0.2278060	0.1674117	0.2534766	0.1633755	0.2743248	0.1977790	0.2069175	0.1640306	0.2411624	0.3291163	0.3442199	0.2118189	0.3272907	0.2815950	0.2588782
3232988138.0887637	0.1937757	0.2278173	0.1674123	0.2534997	0.1633256	0.2743282	0.1977857	0.2069257	0.1640293	0.2411521	0.3291292	0.3442216	0.2118248	0.3272995	0.2815906	0.2588621
3232988138.0986500	0.1937936	0.2277941	0.1673979	0.2534797	0.1633276	0.2743243	0.1977956	0.2069132	0.1640294	0.2411453	0.3291324	0.3442272	0.2118179	0.3272941	0.2815980	0.2588782
3232988138.1085381	0.1938114	0.2277990	0.1674013	0.2534647	0.1633451	0.2743330	0.1977742	0.2069182	0.1640424	0.2411515	0.3291222	0.3442210	0.2118253	0.3273067	0.2815861	0.2588686
3232988138.1184263	0.1938051	0.2277958	0.1674148	0.2534910	0.1633057	0.2743173	0.1977781	0.2069161	0.1640344	0.2411430	0.3291357	0.3442505	0.2118111	0.3272956	0.2815910	0.2588819
3232988138.1283145	0.1938075	0.2277991	0.1674161	0.2534843	0.1633572	0.2743330	0.1977775	0.2069199	0.1640377	0.2411415	0.3291364	0.3442192	0.2118334	0.3273059	0.2815878	0.2588361
3232988138.1382027	0.1938065	0.2277986	0.1674114	0.2534806	0.1633404	0.2743375	0.1978195	0.2069275	0.1640286	0.2411432	0.3291460	0.3442544	0.2118131	0.3273062	0.2815753	0.2588810
3232988138.1480908	0.1938043	0.2278048	0.1674139	0.2534776	0.1633476	0.2743256	0.1977498	0.2069170	0.1640480	0.2411487	0.3291159	0.3442275	0.2117938	0.3272968	0.2815899	0.2588637
3232988138.1579790	0.1937982	0.2277912	0.1674072	0.2534658	0.1633209	0.2743122	0.1977780	0.2069171	0.1640271	0.2411400	0.3291171	0.3442174	0.2118148	0.3272803	0.2815778	0.2588893
3232988138.1678672	0.1937814	0.2277944	0.1674041	0.2534648	0.1633231	0.2743347	0.1977843	0.2069139	0.1640268	0.2411574	0.3291205	0.3442447	0.2118074	0.3272964	0.2816006	0.2588433
3232988138.1777554	0.1937911	0.2278015	0.1674293	0.2534874	0.1633433	0.2743232	0.1977907	0.2069290	0.1640140	0.2411576	0.3291315	0.3442269	0.2118062	0.3273045	0.2815809	0.2588832
3232988138.1876435	0.1938209	0.2278022	0.1674175	0.2534775	0.1633413	0.2743325	0.1977786	0.2069143	0.1640261	0.2411404	0.3291310	0.3442464	0.2118124	0.3273097	0.2815954	0.2588909
3232988138.1975303	0.1937997	0.2278028	0.1674117	0.2534905	0.1633412	0.2743278	0.1977774	0.2069212	0.1640243	0.2411553	0.3291215	0.3442284	0.2118319	0.3272821	0.2815742	0.2588713
3232988138.2074184	0.1937803	0.2278142	0.1674120	0.2534616	0.1633312	0.2743374	0.1977769	0.2069171	0.1640356	0.2411463	0.3291218	0.3442242	0.2118001	0.3272768	0.2815906	0.2588653
3232988138.2173066	0.1937997	0.2278113	0.1674179	0.2534776	0.1633285	0.2743055	0.1977650	0.2069257	0.1640375	0.2411521	0.3291322	0.3442373	0.2118107	0.3272980	0.2815955	0.2588753
3232988138.2271948	0.1937783	0.2277998	0.1674100	0.2534793	0.1633425	0.2743456	0.1977700	0.2069195	0.1640370	0.2411463	0.3291305	0.3442431	0.2118218	0.3272797	0.2816018	0.2588574
3232988138.2370830	0.1937999	0.2278053	0.1674094	0.2534840	0.1633374	0.2743206	0.1977966	0.2069296	0.1640299	0.2411478	0.3291474	0.3442056	0.2118144	0.3272691	0.2815796	0.2588785
3232988138.2469711	0.1937969	0.2277911	0.1674088	0.2534784	0.1633357	0.2743376	0.1977725	0.2069127	0.1640198	0.2411215	0.3291335	0.3442295	0.2118147	0.3272586	0.2815792	0.2588709
3232988138.2568593	0.1937749	0.2277941	0.1674203	0.2534865	0.1633320	0.2743316	0.1977910	0.2069055	0.1640330	0.2411711	0.3291057	0.3442313	0.2118109	0.3272780	0.2815917	0.2588793
3232988138.2667475	0.1938158	0.2278048	0.1674054	0.2534698	0.1633072	0.2743400	0.1977895	0.2069087	0.1640375	0.2411424	0.3291206	0.3442443	0.2118012	0.3272866	0.2815780	0.2588835
3232988138.2766356	0.1938030	0.2277983	0.1674192	0.2534781	0.1633402	0.2743309	0.1977765	0.2069094	0.1640210	0.2411517	0.3291144	0.3441893	0.2118191	0.3272865	0.2815698	0.2588617
3232988138.2865238	0.1938129	0.2277840	0.1674022	0.2534771	0.1633366	0.2743261	0.1977853	0.2069338	0.1640164	0.2411402	0.3291293	0.3442137	0.2118080	0.3272905	0.2816081	0.2588487
3232988138.2964101	0.1937846	0.2277846	0.1674068	0.2534733	0.1633363	0.2743219	0.1977928	0.2069130	0.1640243	0.2411566	0.3291304	0.3442186	0.2118269	0.3272733	0.2815689	0.2588413
3232988138.3062983	0.1938166	0.2277974	0.1674187	0.2534723	0.1633421	0.2743055	0.1977716	0.2068921	0.1640360	0.2411616	0.3291160	0.3442366	0.2118072	0.3272878	0.2815869	0.2588554
3232988138.3161864	0.1938023	0.2277975	0.1674038	0.2534770	0.1633291	0.2743036	0.1977970	0.2069276	0.1640124	0.2411342	0.3291123	0.3442027	0.2118249	0.3272813	0.2815759	0.2588529
3232988138.3260746	0.1938008	0.2278068	0.1674176	0.2534689	0.1633361	0.2743132	0.1977775	0.2068955	0.1640265	0.2411448	0.3291101	0.3442263	0.2118128	0.3272803	0.2815787	0.2588701
3232988138.3359628	0.1938054	0.2277874	0.1674265	0.2534828	0.1633463	0.2743171	0.1977744	0.2069112	0.1640396	0.2411353	0.3291099	0.3441965	0.2118233	0.3272743	0.2815924	0.2588740
3232988138.3458509	0.1937990	0.2277917	0.1674052	0.2534679	0.1633401	0.2743391	0.1977812	0.2069185	0.1640204	0.2411507	0.3291021	0.3442172	0.2118161	0.3272724	0.2815843	0.2588651
3232988138.3557391	0.1937895	0.2277844	0.1674237	0.2534891	0.1633349	0.2743169	0.1977859	0.2069158	0.1640208	0.2411236	0.3291094	0.3442044	0.2118046	0.3272901	0.2815767	0.2588594
3232988138.3656273	0.1938104	0.2277949	0.1674033	0.2534661	0.1633429	0.2743207	0.1977856	0.2069068	0.1640117	0.2411357	0.3291127	0.3441979	0.2117898	0.3272611	0.2815759	0.2588438
3232988138.3755155	0.1937914	0.2277925	0.1674047	0.2534694	0.1633467	0.2743182	0.1977827	0.2068877	0.1640192	0.2411260	0.3291100	0.3441753	0.2117881	0.3272742	0.2815791	0.2588664
3232988138.3854036	0.1938097	0.2277706	0.1674175	0.2534669	0.1633486	0.2743111	0.1977834	0.2069027	0.1640218	0.2411472	0.3291018	0.3442028	0.2118114	0.3272599	0.2815709	0.2588765
3232988138.3952899	0.1938052	0.2277992	0.1674144	0.2534787	0.1633344	0.2743193	0.1977963	0.2068994	0.1640211	0.2411200	0.3291099	0.3442108	0.2117910	0.3272759	0.2815921	0.2588442
3232988138.4051781	0.1937968	0.2277882	0.1674327	0.2534820	0.1633528	0.2743302	0.1977772	0.2069028	0.1640092	0.2411291	0.3291171	0.3442060	0.2118033	0.3272650	0.2815659	0.2588715
3232988138.4150662	0.1937974	0.2277961	0.1674005	0.2534779	0.1633282	0.2743241	0.1977856	0.2068977	0.1640230	0.2411364	0.3291116	0.3442346	0.2118140	0.3272707	0.2815814	0.2588731
3232988138.4249544	0.1937930	0.2277964	0.1674021	0.2534715	0.1633412	0.2743169	0.1977872	0.2069003	0.1640299	0.2411361	0.3291008	0.3442085	0.2118248	0.3272692	0.2815640	0.2588717
3232988138.4348426	0.1938033	0.2277672	0.1674106	0.2534609	0.1633394	0.2743215	0.1977790	0.2069035	0.1640117	0.2411123	0.3291130	0.3441998	0.2118066	0.3272881	0.2815832	0.2588527
3232988138.4447308	0.1938186	0.2278068	0.1674136	0.2534643	0.1633448	0.2742977	0.1978006	0.2069088	0.1640119	0.2411392	0.3291074	0.3442008	0.2118106	0.3272670	0.2815781	0.2588737
3232988138.4546189	0.1938133	0.2277887	0.1674236	0.2534738	0.1633444	0.2743146	0.1977800	0.2068999	0.1640227	0.2411349	0.3290914	0.3442076	0.2118028	0.3272755	0.2815739	0.2588550
3232988138.4645071	0.1938020	0.2277964	0.1674132	0.2534664	0.1633354	0.2743223	0.1977807	0.2068921	0.1640086	0.2411393	0.3291022	0.3441972	0.2118188	0.3272559	0.2815777	0.2588542
3232988138.4743953	0.1937906	0.2277958	0.1674126	0.2534663	0.1633314	0.2743225	0.1977729	0.2068837	0.1640218	0.2411339	0.3291176	0.3442104	0.2117985	0.3272717	0.2815798	0.2588418
3232988138.4842834	0.1937989	0.2277797	0.1674006	0.2534664	0.1633370	0.2743226	0.1977935	0.2069195	0.1640295	0.2411210	0.3291256	0.3441953	0.2117979	0.3272868	0.2815855	0.2588641
3232988138.4941702	0.1938051	0.2277793	0.1674155	0.2534820	0.1633362	0.2743333	0.1977755	0.2069162	0.1640253	0.2411220	0.3291130	0.3442228	0.2118045	0.3272712	0.2815771	0.2588640
3232988138.5040584	0.1938050	0.2277844	0.1674185	0.2534652	0.1633433	0.2743128	0.1977955	0.2068998	0.1640183	0.2411095	0.3291155	0.3442011	0.2118152	0.3272888	0.2815722	0.2588487
3232988138.5139465	0.1938056	0.2277710	0.1674097	0.2534613	0.1633251	0.2743303	0.1977885	0.2068976	0.1640281	0.2411285	0.3291327	0.3442072	0.2118142	0.3272671	0.2815850	0.2588566
3232988138.5238347	0.1937956	0.2277782	0.1674136	0.2534459	0.1633387	0.2742938	0.1977763	0.2069045	0.1640073	0.2411244	0.3291101	0.3442062	0.2118247	0.3272681	0.2815727	0.2588761
3232988138.5337229	0.1938120	0.2277912	0.1674058	0.2534578	0.1633275	0.2743108	0.1977835	0.2069075	0.1640127	0.2411179	0.3291136	0.3442043	0.2118008	0.3272432	0.2815686	0.2588462
3232988138.5436110	0.1937999	0.2278003	0.1674253	0.2534626	0.1633213	0.2743204	0.1977723	0.2069188	0.1640073	0.2411335	0.3291109	0.3441944	0.2118020	0.3272851	0.2815811	0.2588634
3232988138.5534992	0.1938149	0.2277842	0.1674313	0.2534860	0.1633439	0.2743036	0.1977979	0.2068986	0.1640144	0.2411227	0.3291056	0.3441897	0.2118183	0.3272656	0.2815882	0.2588715
3232988138.5633874	0.1937844	0.2277788	0.1674081	0.2534701	0.1633313	0.2743042	0.1977729	0.2069099	0.1640271	0.2411306	0.3291225	0.3441892	0.2118034	0.3272757	0.2815690	0.2588314
3232988138.5732756	0.1937947	0.2277754	0.1674122	0.2534747	0.1633286	0.2743069	0.1977776	0.2068981	0.1640283	0.2411217	0.3291158	0.3442055	0.2118148	0.3272677	0.2815697	0.2588698
3232988138.5831637	0.1938161	0.2277824	0.1674094	0.2534576	0.1633555	0.2743185	0.1977706	0.2069041	0.1640255	0.2411177	0.3291132	0.3442063	0.2118049	0.3272805	0.2815464	0.2588606
3232988138.5930500	0.1938083	0.2277821	0.1673982	0.2534712	0.1633325	0.2743129	0.1977908	0.2069084	0.1640322	0.2411230	0.3291067	0.3442101	0.2118147	0.3272535	0.2815771	0.2588587
3232988138.6029382	0.1937781	0.2277749	0.1674134	0.2534599	0.1633408	0.2743116	0.1977866	0.2069048	0.1640199	0.2411333	0.3291095	0.3441940	0.2117795	0.3272792	0.2815826	0.2588566
3232988138.6128263	0.1938134	0.2277956	0.1674126	0.2534796	0.1633455	0.2743334	0.1977819	0.2069100	0.1640135	0.2411435	0.3291149	0.3441883	0.2118107	0.3272573	0.2815855	0.2588729
3232988138.6227145	0.1937948	0.2277875	0.1674145	0.2534678	0.1633189	0.2743048	0.1977861	0.2068977	0.1640167	0.2411238	0.3291113	0.3441887	0.2118054	0.3272491	0.2815867	0.2588536
3232988138.6326027	0.1937819	0.2277845	0.1674041	0.2534619	0.1633194	0.2743084	0.1977721	0.2068790	0.1640247	0.2411170	0.3291062	0.3441789	0.2118101	0.3272608	0.2815763	0.2588647
3232988138.6424909	0.1938036	0.2277608	0.1674168	0.2534549	0.1633192	0.2743136	0.1977923	0.2069056	0.1640162	0.2411226	0.3291157	0.3441997	0.2118073	0.3272735	0.2816091	0.2588467
3232988138.6523790	0.1937930	0.2277857	0.1674080	0.2534608	0.1633417	0.2743169	0.1977945	0.2068891	0.1640169	0.2411196	0.3291096	0.3441965	0.2118129	0.3272798	0.2815780	0.2588554
3232988138.6622672	0.1937792	0.2277728	0.1674040	0.2534674	0.1633389	0.2743144	0.1977700	0.2068885	0.1640318	0.2411367	0.3291127	0.3442181	0.2118118	0.3272624	0.2815957	0.2588368
3232988138.6721554	0.1938013	0.2277837	0.1674006	0.2534622	0.1633379	0.2742996	0.1977660	0.2068790	0.1640287	0.2411209	0.3291240	0.3441866	0.2118069	0.3272754	0.2815907	0.2588569
3232988138.6820436	0.1937846	0.2277814	0.1674095	0.2534518	0.1633252	0.2742929	0.1977610	0.2068886	0.1640188	0.2411405	0.3291184	0.3441973	0.2118185	0.3272711	0.2815893	0.2588666
3232988138.6919303	0.1938160	0.2277904	0.1673918	0.2534639	0.1633205	0.2743269	0.1977715	0.2068875	0.1640221	0.2411351	0.3291225	0.3441931	0.2118185	0.3272577	0.2815823	0.2588534
3232988138.7018185	0.1938081	0.2277680	0.1674112	0.2534434	0.1633358	0.2742838	0.1977773	0.2068961	0.1640297	0.2411310	0.3291245	0.3442221	0.2118041	0.3272603	0.2815783	0.2588440
3232988138.7117066	0.1937976	0.2277821	0.1673999	0.2534551	0.1633466	0.2743012	0.1977916	0.2068895	0.1640107	0.2411348	0.3291232	0.3441909	0.2118067	0.3272585	0.2815787	0.2588534
3232988138.7215948	0.1938113	0.2277794	0.1674090	0.2534379	0.1633323	0.2742894	0.1977764	0.2068893	0.1640268	0.2411333	0.3291242	0.3442015	0.2118097	0.3272558	0.2815887	0.2588624
3232988138.7314830	0.1937792	0.2277950	0.1674105	0.2534684	0.1633465	0.2742943	0.1977683	0.2069135	0.1640294	0.2411270	0.3291225	0.3441968	0.2118311	0.3272600	0.2815937	0.2588440
3232988138.7413712	0.1937777	0.2277673	0.1674093	0.2534559	0.1633327	0.2742836	0.1977766	0.2068740	0.1640335	0.2411117	0.3291258	0.3441892	0.2118200	0.3272573	0.2815883	0.2588522
3232988138.7512593	0.1937950	0.2277804	0.1673984	0.2534353	0.1633388	0.2743105	0.1977575	0.2068908	0.1640321	0.2411185	0.3291111	0.3441830	0.2117978	0.3272583	0.2815757	0.2588600
3232988138.7611475	0.1937957	0.2277722	0.1674074	0.2534603	0.1633251	0.2742961	0.1977724	0.2069085	0.1640101	0.2411290	0.3291153	0.3442050	0.2118068	0.3272729	0.2815710	0.2588663
3232988138.7710357	0.1937955	0.2277902	0.1674224	0.2534785	0.1633408	0.2742983	0.1977721	0.2068961	0.1640139	0.2411174	0.3291169	0.3441867	0.2118182	0.3272768	0.2816011	0.2588506
3232988138.7809238	0.1937893	0.2277691	0.1674223	0.2534594	0.1633550	0.2743068	0.1977908	0.2068821	0.1640208	0.2411314	0.3291188	0.3441783	0.2118079	0.3272585	0.2815969	0.2588413
3232988138.7908101	0.1937846	0.2277740	0.1674062	0.2534441	0.1633178	0.2743082	0.1977603	0.2068920	0.1640250	0.2411090	0.3291078	0.3442104	0.2117957	0.3272550	0.2815749	0.2588490
3232988138.8006983	0.1937976	0.2277854	0.1674051	0.2534586	0.1633426	0.2743011	0.1977603	0.2068844	0.1640173	0.2411181	0.3291131	0.3441912	0.2117930	0.3272535	0.2815816	0.2588497
3232988138.8105865	0.1938074	0.2277794	0.1674225	0.2534445	0.1633375	0.2742882	0.1977807	0.2068995	0.1640120	0.2411222	0.3291099	0.3441886	0.2117979	0.3272518	0.2815776	0.2588513
3232988138.8204746	0.1937752	0.2277690	0.1673888	0.2534594	0.1633362	0.2742961	0.1977971	0.2068852	0.1640056	0.2411173	0.3291268	0.3441952	0.2118014	0.3272554	0.2815578	0.2588225
3232988138.8303628	0.1937983	0.2277759	0.1674013	0.2534490	0.1633443	0.2743086	0.1977708	0.2068795	0.1640396	0.2411313	0.3291121	0.3442096	0.2117969	0.3272541	0.2815727	0.2588452
3232988138.8402510	0.1937973	0.2277671	0.1674252	0.2534392	0.1633258	0.2742758	0.1977920	0.2068913	0.1640257	0.2411279	0.3291128	0.3441839	0.2118021	0.3272584	0.2815680	0.2588505
3232988138.8501391	0.1937968	0.2277590	0.1674096	0.2534695	0.1633319	0.2742973	0.1977678	0.2068776	0.1640139	0.2411213	0.3291203	0.3441927	0.2118068	0.3272459	0.2815664	0.2588491
3232988138.8600273	0.1937980	0.2277742	0.1674166	0.2534563	0.1633387	0.2743101	0.1977839	0.2068971	0.1640097	0.2411246	0.3291213	0.3441758	0.2118043	0.3272566	0.2815897	0.2588480
3232988138.8699155	0.1937927	0.2277683	0.1674025	0.2534427	0.1633596	0.2743038	0.1977661	0.2069015	0.1640376	0.2411220	0.3291197	0.3441956	0.2118008	0.3272496	0.2815866	0.2588645
3232988138.8798037	0.1937840	0.2277840	0.1674182	0.2534378	0.1633195	0.2742911	0.1977538	0.2069016	0.1640206	0.2411281	0.3290944	0.3441722	0.2117985	0.3272586	0.2815750	0.2588432
3232988138.8896899	0.1937763	0.2277763	0.1673903	0.2534428	0.1633366	0.2742840	0.1977656	0.2068865	0.1640094	0.2411268	0.3291027	0.3441932	0.2118196	0.3272327	0.2815852	0.2588365
3232988138.8995781	0.1937907	0.2277647	0.1674176	0.2534530	0.1633210	0.2742971	0.1977715	0.2069086	0.1640198	0.2411044	0.3291135	0.3441792	0.2117944	0.3272614	0.2815650	0.2588405
3232988138.9094663	0.1938043	0.2277629	0.1673855	0.2534477	0.1633366	0.2742967	0.1977837	0.2068709	0.1640113	0.2411214	0.3291072	0.3441906	0.2118029	0.3272496	0.2815739	0.2588317
3232988138.9193544	0.1937991	0.2277749	0.1674035	0.2534677	0.1633306	0.2742963	0.1977741	0.2069001	0.1640215	0.2411170	0.3290981	0.3441907	0.2118096	0.3272831	0.2815864	0.2588402
3232988138.9292426	0.1937941	0.2277797	0.1674152	0.2534600	0.1633353	0.2742771	0.1977847	0.2069030	0.1640261	0.2411422	0.3291196	0.3441846	0.2118170	0.3272259	0.2815654	0.2588396
3232988138.9391308	0.1938065	0.2277755	0.1674207	0.2534526	0.1633397	0.2743085	0.1977782	0.2068848	0.1640301	0.2411086	0.3291058	0.3441764	0.2117964	0.3272264	0.2815827	0.2588359
3232988138.9490190	0.1937910	0.2277618	0.1674066	0.2534499	0.1633301	0.2742909	0.1977909	0.2068898	0.1640142	0.2411196	0.3291060	0.3441782	0.2118033	0.3272313	0.2815841	0.2588543
3232988138.9589071	0.1937934	0.2277638	0.1673930	0.2534403	0.1633176	0.2742849	0.1977620	0.2068908	0.1640224	0.2411137	0.3291106	0.3441859	0.2118167	0.3272485	0.2815878	0.2588309
3232988138.9687953	0.1938042	0.2277638	0.1674124	0.2534595	0.1633214	0.2742907	0.1977842	0.2068980	0.1640177	0.2411181	0.3291239	0.3441722	0.2118109	0.3272498	0.2815613	0.2588583
3232988138.9786835	0.1938009	0.2277547	0.1674205	0.2534453	0.1633406	0.2742934	0.1977881	0.2068903	0.1640391	0.2411043	0.3290899	0.3441798	0.2117963	0.3272346	0.2815754	0.2588386
3232988138.9885702	0.1937913	0.2277574	0.1674042	0.2534567	0.1633361	0.2742782	0.1977809	0.2068821	0.1640258	0.2411052	0.3290940	0.3441847	0.2117998	0.3272307	0.2815619	0.2588556
3232988138.9984584	0.1937995	0.2277802	0.1674077	0.2534503	0.1633143	0.2742942	0.1977814	0.2069006	0.1640232	0.2411082	0.3290930	0.3441685	0.2117978	0.3272441	0.2815530	0.2588191
3232988139.0083466	0.1937748	0.2277558	0.1674096	0.2534616	0.1633393	0.2742853	0.1977640	0.2069007	0.1640193	0.2411199	0.3291085	0.3441788	0.2117977	0.3272654	0.2815793	0.2588328
3232988139.0182347	0.1937815	0.2277512	0.1674257	0.2534570	0.1633213	0.2742843	0.1977830	0.2068757	0.1640228	0.2411237	0.3291142	0.3441790	0.2117937	0.3272539	0.2815756	0.2588416
3232988139.0281229	0.1938122	0.2277638	0.1674063	0.2534440	0.1633345	0.2743074	0.1977859	0.2068835	0.1640096	0.2411149	0.3291141	0.3441730	0.2117953	0.3272352	0.2815877	0.2588460
3232988139.0380111	0.1938019	0.2277645	0.1673998	0.2534550	0.1633328	0.2743051	0.1977741	0.2068832	0.1640305	0.2411287	0.3291172	0.3441746	0.2118278	0.3272366	0.2815957	0.2588170
3232988139.0478992	0.1937924	0.2277704	0.1674009	0.2534428	0.1633484	0.2742794	0.1977669	0.2068773	0.1640129	0.2411064	0.3290991	0.3441851	0.2117990	0.3272430	0.2815631	0.2588479
3232988139.0577874	0.1937877	0.2277593	0.1673987	0.2534521	0.1633397	0.2742802	0.1977609	0.2068783	0.1640373	0.2411134	0.3291071	0.3441575	0.2118185	0.3272308	0.2815854	0.2588332
3232988139.0676756	0.1937933	0.2277596	0.1673961	0.2534720	0.1633225	0.2742761	0.1977783	0.2069003	0.1640300	0.2411108	0.3291064	0.3441845	0.2117992	0.3272499	0.2815839	0.2588348
3232988139.0775638	0.1937879	0.2277681	0.1674061	0.2534388	0.1633215	0.2742815	0.1977691	0.2068765	0.1640312	0.2411289	0.3290909	0.3441759	0.2117977	0.3272406	0.2815833	0.2588503
3232988139.0874500	0.1937973	0.2277762	0.1674171	0.2534472	0.1633347	0.2743013	0.1977809	0.2068896	0.1640216	0.2411177	0.3291022	0.3441660	0.2118200	0.3272499	0.2815712	0.2588464
3232988139.0973382	0.1937983	0.2277647	0.1674180	0.2534354	0.1633440	0.2742902	0.1977733	0.2068912	0.1640113	0.2411271	0.3291045	0.3441537	0.2117981	0.3272503	0.2815723	0.2588465
3232988139.1072264	0.1937797	0.2277816	0.1674048	0.2534456	0.1633306	0.2742919	0.1977728	0.2068861	0.1640299	0.2411195	0.3290930	0.3441691	0.2117995	0.3272548	0.2815688	0.2588340
3232988139.1171145	0.1937991	0.2277610	0.1673966	0.2534533	0.1633393	0.2742869	0.1977727	0.2068838	0.1640291	0.2411191	0.3290941	0.3441759	0.2118058	0.3272385	0.2815862	0.2588236
3232988139.1270027	0.1938002	0.2277980	0.1674170	0.2534383	0.1633504	0.2742834	0.1977879	0.2068931	0.1640127	0.2411193	0.3290912	0.3441839	0.2117974	0.3272387	0.2815636	0.2588362
3232988139.1368909	0.1937798	0.2277707	0.1673948	0.2534521	0.1633517	0.2742918	0.1977731	0.2069128	0.1640086	0.2411191	0.3291007	0.3441671	0.2117946	0.3272168	0.2815668	0.2588294
3232988139.1467791	0.1937887	0.2277693	0.1673918	0.2534338	0.1633175	0.2742975	0.1977805	0.2068962	0.1640058	0.2411080	0.3290905	0.3441696	0.2118020	0.3272487	0.2815693	0.2588305
3232988139.1566672	0.1937871	0.2277647	0.1674019	0.2534284	0.1633272	0.2742675	0.1977642	0.2068871	0.1640181	0.2411057	0.3291194	0.3441666	0.2118005	0.3272301	0.2815638	0.2588359
3232988139.1665554	0.1937904	0.2277613	0.1674076	0.2534480	0.1633090	0.2742784	0.1977725	0.2068837	0.1640127	0.2411100	0.3291064	0.3441655	0.2117902	0.3272290	0.2815796	0.2588295
3232988139.1764436	0.1937790	0.2277518	0.1674005	0.2534445	0.1633279	0.2742874	0.1977808	0.2068835	0.1640029	0.2411185	0.3290997	0.3441650	0.2117958	0.3272436	0.2815695	0.2588443
3232988139.1863303	0.1937999	0.2277679	0.1674062	0.2534462	0.1633308	0.2742903	0.1977735	0.2068744	0.1640231	0.2411272	0.3290863	0.3441758	0.2117880	0.3272434	0.2815792	0.2588499
3232988139.1962185	0.1937991	0.2277806	0.1674265	0.2534440	0.1633228	0.2742883	0.1977736	0.2068983	0.1640244	0.2411176	0.3291081	0.3441661	0.2118006	0.3272515	0.2815622	0.2588414
3232988139.2061067	0.1937978	0.2277570	0.1674128	0.2534367	0.1633498	0.2742926	0.1977835	0.2068718	0.1640004	0.2411095	0.3291040	0.3441585	0.2117903	0.3272403	0.2815571	0.2588424
3232988139.2159948	0.1937731	0.2277724	0.1673858	0.2534492	0.1633290	0.2742711	0.1977673	0.2068738	0.1640379	0.2411020	0.3291310	0.3441508	0.2117951	0.3272234	0.2815527	0.2588459
3232988139.2258830	0.1937801	0.2277742	0.1673998	0.2534455	0.1633203	0.2743003	0.1977600	0.2068884	0.1640191	0.2411111	0.3291117	0.3441628	0.2117873	0.3272394	0.2815797	0.2588060
3232988139.2357712	0.1937864	0.2277538	0.1673995	0.2534485	0.1633325	0.2742788	0.1977754	0.2068740	0.1640070	0.2410997	0.3291166	0.3441725	0.2118051	0.3272369	0.2815541	0.2588461
3232988139.2456593	0.1937903	0.2277677	0.1673961	0.2534467	0.1633264	0.2742837	0.1977729	0.2068833	0.1639924	0.2411202	0.3290997	0.3441713	0.2117933	0.3272395	0.2815696	0.2588335
3232988139.2555475	0.1937903	0.2277543	0.1673983	0.2534472	0.1633352	0.2742911	0.1977833	0.2068678	0.1640061	0.2411072	0.3291148	0.3441680	0.2118046	0.3272454	0.2815587	0.2588456
3232988139.2654357	0.1937811	0.2277743	0.1674125	0.2534285	0.1633167	0.2742892	0.1977615	0.2068719	0.1640193	0.2411079	0.3291171	0.3441802	0.2118025	0.3272297	0.2815620	0.2588187
3232988139.2753239	0.1937880	0.2277713	0.1673930	0.2534310	0.1633129	0.2742840	0.1977678	0.2068786	0.1640211	0.2411041	0.3291089	0.3441788	0.2118096	0.3272377	0.2815645	0.2588430
3232988139.2852101	0.1937914	0.2277597	0.1674001	0.2534284	0.1633195	0.2742841	0.1977733	0.2068904	0.1640196	0.2411057	0.3291045	0.3441784	0.2118044	0.3272341	0.2815755	0.2588412
3232988139.2950983	0.1938199	0.2277603	0.1674232	0.2534567	0.1633460	0.2742852	0.1977607	0.2068724	0.1640033	0.2411012	0.3290981	0.3441626	0.2117967	0.3272420	0.2815707	0.2588239
3232988139.3049865	0.1937828	0.2277599	0.1674103	0.2534560	0.1633354	0.2742837	0.1977738	0.2068675	0.1640244	0.2411197	0.3291030	0.3441723	0.2117879	0.3272364	0.2815623	0.2588285
3232988139.3148746	0.1937836	0.2277757	0.1674226	0.2534483	0.1633249	0.2742857	0.1977760	0.2068828	0.1640211	0.2410988	0.3290950	0.3441602	0.2117943	0.3272433	0.2815712	0.2588308
3232988139.3247628	0.1937823	0.2277531	0.1673977	0.2534485	0.1633118	0.2742957	0.1977650	0.2068662	0.1640154	0.2411144	0.3290874	0.3441597	0.2117905	0.3272494	0.2815720	0.2588353
3232988139.3346510	0.1937963	0.2277721	0.1673983	0.2534379	0.1633211	0.2742944	0.1977779	0.2069008	0.1640051	0.2411003	0.3290969	0.3441714	0.2118126	0.3272305	0.2815687	0.2588291
3232988139.3445392	0.1938020	0.2277573	0.1674046	0.2534421	0.1633357	0.2742873	0.1977813	0.2068872	0.1640032	0.2411068	0.3291112	0.3441574	0.2117791	0.3272511	0.2815682	0.2588461
3232988139.3544273	0.1937773	0.2277875	0.1674067	0.2534330	0.1633399	0.2742826	0.1977777	0.2069015	0.1640114	0.2411065	0.3291115	0.3441733	0.2117999	0.3272027	0.2815686	0.2588422
3232988139.3643155	0.1937756	0.2277473	0.1673953	0.2534521	0.1633305	0.2742827	0.1977725	0.2068637	0.1640248	0.2411165	0.3291040	0.3441680	0.2117996	0.3272281	0.2815663	0.2588378
3232988139.3742037	0.1938001	0.2277654	0.1673995	0.2534446	0.1633190	0.2742807	0.1977809	0.2068758	0.1639991	0.2411013	0.3290805	0.3441623	0.2117898	0.3272362	0.2815626	0.2588243
3232988139.3840899	0.1937913	0.2277474	0.1674044	0.2534287	0.1633179	0.2742708	0.1977594	0.2068729	0.1640128	0.2411326	0.3291013	0.3441538	0.2118019	0.3272367	0.2815694	0.2588365
3232988139.3939781	0.1937859	0.2277632	0.1674168	0.2534422	0.1633333	0.2742680	0.1977704	0.2068888	0.1640185	0.2411018	0.3290950	0.3441662	0.2118058	0.3272396	0.2815644	0.2588218
3232988139.4038663	0.1938117	0.2277526	0.1674057	0.2534436	0.1633325	0.2742860	0.1977806	0.2068975	0.1639958	0.2411000	0.3290894	0.3441534	0.2118009	0.3272219	0.2815783	0.2588162
3232988139.4137545	0.1937787	0.2277738	0.1674028	0.2534283	0.1633160	0.2742974	0.1977841	0.2068834	0.1640416	0.2410968	0.3290858	0.3441761	0.2117947	0.3272245	0.2815693	0.2588369
3232988139.4236426	0.1937834	0.2277651	0.1674019	0.2534403	0.1633082	0.2742730	0.1977651	0.2068816	0.1640109	0.2411076	0.3291124	0.3441646	0.2117977	0.3272433	0.2815744	0.2588515
3232988139.4335308	0.1937903	0.2277524	0.1673974	0.2534358	0.1633212	0.2742855	0.1977704	0.2068751	0.1640176	0.2410926	0.3291118	0.3441509	0.2118068	0.3272356	0.2815701	0.2588406
3232988139.4434190	0.1937982	0.2277677	0.1673884	0.2534396	0.1633416	0.2742837	0.1977751	0.2068776	0.1640198	0.2410908	0.3290930	0.3441639	0.2118108	0.3272165	0.2815687	0.2588208
3232988139.4533071	0.1937963	0.2277716	0.1674190	0.2534506	0.1633314	0.2742757	0.1977721	0.2068837	0.1640112	0.2410971	0.3291220	0.3441730	0.2117864	0.3272301	0.2815724	0.2588217
3232988139.4631953	0.1938008	0.2277617	0.1674021	0.2534449	0.1633492	0.2742788	0.1977732	0.2068728	0.1640113	0.2411117	0.3291209	0.3441638	0.2117972	0.3272230	0.2815631	0.2588372
3232988139.4730835	0.1937994	0.2277718	0.1674146	0.2534250	0.1633332	0.2742869	0.1977793	0.2068918	0.1640107	0.2411164	0.3290974	0.3441555	0.2118019	0.3272496	0.2815871	0.2588335
3232988139.4829702	0.1937856	0.2277542	0.1674032	0.2534255	0.1633240	0.2742628	0.1977681	0.2068663	0.1640103	0.2410997	0.3290966	0.3441469	0.2118055	0.3272252	0.2815659	0.2588280
3232988139.4928584	0.1937892	0.2277684	0.1674124	0.2534255	0.1633438	0.2742818	0.1977593	0.2068822	0.1640084	0.2411030	0.3291233	0.3441375	0.2117896	0.3272444	0.2815644	0.2588326
3232988139.5027466	0.1937877	0.2277492	0.1674090	0.2534354	0.1633468	0.2742640	0.1977887	0.2068935	0.1640069	0.2411039	0.3291119	0.3441504	0.2117942	0.3272239	0.2815732	0.2588260
3232988139.5126348	0.1937907	0.2277605	0.1674128	0.2534363	0.1633218	0.2742604	0.1977675	0.2068892	0.1640196	0.2411051	0.3290885	0.3441797	0.2118009	0.3272270	0.2815709	0.2588314
3232988139.5225229	0.1937842	0.2277585	0.1673968	0.2534436	0.1633241	0.2742610	0.1977651	0.2068807	0.1640195	0.2410976	0.3290892	0.3441567	0.2118080	0.3272133	0.2815885	0.2588430
3232988139.5324111	0.1937824	0.2277343	0.1674011	0.2534276	0.1633388	0.2742697	0.1977697	0.2068770	0.1640240	0.2410980	0.3291106	0.3441638	0.2117919	0.3272240	0.2815815	0.2588259
3232988139.5422993	0.1937860	0.2277440	0.1673968	0.2534190	0.1633193	0.2742890	0.1977713	0.2068798	0.1640158	0.2410951	0.3291138	0.3441677	0.2117979	0.3272152	0.2815783	0.2588127
3232988139.5521874	0.1937927	0.2277581	0.1674122	0.2534448	0.1633259	0.2742936	0.1977882	0.2068696	0.1640155	0.2411010	0.3290978	0.3441620	0.2118032	0.3272152	0.2815644	0.2588280
3232988139.5620756	0.1938059	0.2277639	0.1674055	0.2534253	0.1633339	0.2742909	0.1977707	0.2068732	0.1640149	0.2410888	0.3291104	0.3441486	0.2118196	0.3272278	0.2815759	0.2588286
3232988139.5719638	0.1937787	0.2277581	0.1673992	0.2534350	0.1633322	0.2742861	0.1977657	0.2068781	0.1640127	0.2411029	0.3291079	0.3441502	0.2117800	0.3272140	0.2815783	0.2588302
3232988139.5818500	0.1937862	0.2277565	0.1673930	0.2534332	0.1633350	0.2742623	0.1977846	0.2068721	0.1640150	0.2410972	0.3291064	0.3441624	0.2118028	0.3272223	0.2815699	0.2588254
3232988139.5917382	0.1937966	0.2277642	0.1674097	0.2534254	0.1633409	0.2742817	0.1977497	0.2068761	0.1640062	0.2411011	0.3290914	0.3441548	0.2117838	0.3272155	0.2815722	0.2588158
3232988139.6016264	0.1937828	0.2277704	0.1674008	0.2534409	0.1633242	0.2742615	0.1977752	0.2068577	0.1640039	0.2411003	0.3291062	0.3441506	0.2117961	0.3272240	0.2815657	0.2588467
3232988139.6115146	0.1937946	0.2277454	0.1674048	0.2534286	0.1633223	0.2742840	0.1978037	0.2068794	0.1640308	0.2410960	0.3290995	0.3441603	0.2117838	0.3272208	0.2815702	0.2588269
3232988139.6214027	0.1937942	0.2277436	0.1674042	0.2534294	0.1633232	0.2742622	0.1977722	0.2068814	0.1640153	0.2410975	0.3290956	0.3441600	0.2118005	0.3272125	0.2815713	0.2588077
3232988139.6312909	0.1937757	0.2277547	0.1673776	0.2534135	0.1633408	0.2742784	0.1977811	0.2068786	0.1640195	0.2411019	0.3291019	0.3441481	0.2118006	0.3272046	0.2815600	0.2588236
3232988139.6411791	0.1937816	0.2277673	0.1674079	0.2534279	0.1633387	0.2742839	0.1977523	0.2068658	0.1640095	0.2411102	0.3290924	0.3441569	0.2117837	0.3272339	0.2815727	0.2588190
3232988139.6510673	0.1937961	0.2277404	0.1674051	0.2534321	0.1633189	0.2742698	0.1977711	0.2068822	0.1640105	0.2410828	0.3291002	0.3441621	0.2117859	0.3272169	0.2815705	0.2588175
3232988139.6609554	0.1938010	0.2277589	0.1674055	0.2534346	0.1633191	0.2742692	0.1977570	0.2068946	0.1640168	0.2411053	0.3291121	0.3441612	0.2118014	0.3272193	0.2815733	0.2588130
3232988139.6708436	0.1937839	0.2277615	0.1673962	0.2534380	0.1633471	0.2742843	0.1977734	0.2068821	0.1640212	0.2411059	0.3290859	0.3441609	0.2117920	0.3272314	0.2815879	0.2588193
3232988139.6807299	0.1937821	0.2277573	0.1674019	0.2534229	0.1633175	0.2742807	0.1977651	0.2068774	0.1640053	0.2410905	0.3290994	0.3441560	0.2117894	0.3272364	0.2815911	0.2588222
3232988139.6906180	0.1937832	0.2277560	0.1673996	0.2534260	0.1633508	0.2742732	0.1977640	0.2068599	0.1640142	0.2411071	0.3290967	0.3441493	0.2117900	0.3272241	0.2815550	0.2588103
3232988139.7005062	0.1937905	0.2277598	0.1674014	0.2534314	0.1633248	0.2742939	0.1977685	0.2068459	0.1640193	0.2410878	0.3290930	0.3441600	0.2118086	0.3272250	0.2815697	0.2588162
3232988139.7103944	0.1937691	0.2277428	0.1674048	0.2534292	0.1633524	0.2742753	0.1977725	0.2068831	0.1640121	0.2411028	0.3291012	0.3441695	0.2117880	0.3272265	0.2815696	0.2588313
3232988139.7202826	0.1937894	0.2277711	0.1673960	0.2534345	0.1633410	0.2742866	0.1977660	0.2068912	0.1640280	0.2410887	0.3291060	0.3441657	0.2118091	0.3272251	0.2815770	0.2588414
3232988139.7301707	0.1938067	0.2277480	0.1674055	0.2534244	0.1633292	0.2742739	0.1977745	0.2068837	0.1640121	0.2411035	0.3291089	0.3441649	0.2118025	0.3272136	0.2815651	0.2588173
3232988139.7400589	0.1937885	0.2277630	0.1673955	0.2534472	0.1633357	0.2742981	0.1977776	0.2068825	0.1640051	0.2411011	0.3290992	0.3441509	0.2118126	0.3272285	0.2815649	0.2588262
3232988139.7499471	0.1937725	0.2277571	0.1673866	0.2534383	0.1633325	0.2742772	0.1977666	0.2068747	0.1640337	0.2411056	0.3291095	0.3441571	0.2117826	0.3272204	0.2815765	0.2588185
3232988139.7598352	0.1937779	0.2277757	0.1673972	0.2534292	0.1633266	0.2742764	0.1977557	0.2068746	0.1640078	0.2410742	0.3291036	0.3441583	0.2118043	0.3272184	0.2815685	0.2588196
3232988139.7697234	0.1937911	0.2277637	0.1673980	0.2534385	0.1633249	0.2742586	0.1977617	0.2068655	0.1640199	0.2411229	0.3290996	0.3441676	0.2118053	0.3272311	0.2815784	0.2588222
3232988139.7796102	0.1937820	0.2277489	0.1673865	0.2534314	0.1633256	0.2742790	0.1977650	0.2068760	0.1640256	0.2411036	0.3291132	0.3441572	0.2117907	0.3272232	0.2815693	0.2588347
3232988139.7894983	0.1937930	0.2277553	0.1674126	0.2534309	0.1633299	0.2742926	0.1977607	0.2068711	0.1640254	0.2410866	0.3291070	0.3441638	0.2118091	0.3272161	0.2815845	0.2588177
3232988139.7993865	0.1937792	0.2277367	0.1674055	0.2534418	0.1633155	0.2742780	0.1977658	0.2068971	0.1640162	0.2410992	0.3290962	0.3441537	0.2117962	0.3272326	0.2815702	0.2588181
3232988139.8092747	0.1937935	0.2277498	0.1674117	0.2534346	0.1633307	0.2742824	0.1977781	0.2068802	0.1639996	0.2411098	0.3290981	0.3441551	0.2117928	0.3272424	0.2815518	0.2588186
3232988139.8191628	0.1937837	0.2277571	0.1673822	0.2534538	0.1633149	0.2742731	0.1977605	0.2068733	0.1640077	0.2410951	0.3291029	0.3441482	0.2118101	0.3272321	0.2815732	0.2588315
3232988139.8290510	0.1937782	0.2277540	0.1674114	0.2534182	0.1632952	0.2742706	0.1977885	0.2068849	0.1640146	0.2411049	0.3290796	0.3441506	0.2118031	0.3272203	0.2815628	0.2588272
3232988139.8389392	0.1937905	0.2277601	0.1674108	0.2534461	0.1632983	0.2742576	0.1977753	0.2068834	0.1640146	0.2411044	0.3291107	0.3441499	0.2117962	0.3272395	0.2815707	0.2588153
3232988139.8488274	0.1937972	0.2277556	0.1674084	0.2534290	0.1633095	0.2742758	0.1977700	0.2068698	0.1640176	0.2411141	0.3290817	0.3441530	0.2117916	0.3272129	0.2815834	0.2588226
3232988139.8587155	0.1937871	0.2277450	0.1673974	0.2534217	0.1633286	0.2742717	0.1977578	0.2068810	0.1640245	0.2410969	0.3290862	0.3441606	0.2117841	0.3272208	0.2815779	0.2588132
3232988139.8686037	0.1937806	0.2277557	0.1673965	0.2534156	0.1633236	0.2742845	0.1977633	0.2068710	0.1640172	0.2411064	0.3291004	0.3441566	0.2117860	0.3272148	0.2815722	0.2588207
3232988139.8784900	0.1937900	0.2277498	0.1673988	0.2534210	0.1633324	0.2742919	0.1977854	0.2068703	0.1640233	0.2411020	0.3291117	0.3441629	0.2117940	0.3272413	0.2815771	0.2588023
3232988139.8883781	0.1937946	0.2277351	0.1674191	0.2534440	0.1633283	0.2742741	0.1977806	0.2068831	0.1640234	0.2411178	0.3291116	0.3441515	0.2117948	0.3272272	0.2815610	0.2588161
3232988139.8982663	0.1937909	0.2277480	0.1674025	0.2534302	0.1633220	0.2742679	0.1977739	0.2068730	0.1639937	0.2411088	0.3291011	0.3441466	0.2117839	0.3272079	0.2815756	0.2588386
3232988139.9081545	0.1937773	0.2277488	0.1674125	0.2534317	0.1633231	0.2742937	0.1977719	0.2068760	0.1640181	0.2411050	0.3290910	0.3441393	0.2117891	0.3272093	0.2815767	0.2588217
3232988139.9180427	0.1937754	0.2277634	0.1673953	0.2534184	0.1633201	0.2742819	0.1977696	0.2068730	0.1640137	0.2410990	0.3290874	0.3441548	0.2117856	0.3272135	0.2815609	0.2588231
3232988139.9279308	0.1937793	0.2277473	0.1674172	0.2534364	0.1633284	0.2742701	0.1977667	0.2068630	0.1640141	0.2411108	0.3290970	0.3441455	0.2117942	0.3272248	0.2815611	0.2588295
3232988139.9378190	0.1937740	0.2277580	0.1674017	0.2534425	0.1633240	0.2742790	0.1977637	0.2068803	0.1639952	0.2411012	0.3290940	0.3441527	0.2118078	0.3272359	0.2815614	0.2588309
3232988139.9477072	0.1937837	0.2277420	0.1674056	0.2534514	0.1633112	0.2742734	0.1977670	0.2068639	0.1640339	0.2410935	0.3291179	0.3441386	0.2117971	0.3272116	0.2815718	0.2588309
3232988139.9575953	0.1937856	0.2277531	0.1673867	0.2534151	0.1633368	0.2742790	0.1977458	0.2068661	0.1640033	0.2411150	0.3290991	0.3441653	0.2117694	0.3272225	0.2815633	0.2588232
3232988139.9674835	0.1937802	0.2277496	0.1673827	0.2534216	0.1633250	0.2742668	0.1977822	0.2068501	0.1640207	0.2411159	0.3290918	0.3441467	0.2117994	0.3272095	0.2815711	0.2588305
3232988139.9773703	0.1937836	0.2277519	0.1674034	0.2534321	0.1633293	0.2742704	0.1977528	0.2068935	0.1640314	0.2410993	0.3290994	0.3441449	0.2117926	0.3272093	0.2815793	0.2588290
3232988139.9872584	0.1937875	0.2277322	0.1674042	0.2534388	0.1633318	0.2742553	0.1977552	0.2068654	0.1640261	0.2411159	0.3290944	0.3441511	0.2117989	0.3272327	0.2815550	0.2588524
3232988139.9971466	0.1937762	0.2277526	0.1673993	0.2534363	0.1633203	0.2742727	0.1977598	0.2068831	0.1640056	0.2410902	0.3290810	0.3441533	0.2117956	0.3272226	0.2815582	0.2588298
3232988140.0070348	0.1937974	0.2277570	0.1673914	0.2534274	0.1633444	0.2742577	0.1977671	0.2068762	0.1640201	0.2410944	0.3290992	0.3441495	0.2118117	0.3272284	0.2815463	0.2588188
3232988140.0169229	0.1937707	0.2277464	0.1673837	0.2534288	0.1633149	0.2742675	0.1977443	0.2068650	0.1640161	0.2410914	0.3290923	0.3441498	0.2117951	0.3272141	0.2815654	0.2588125
3232988140.0268111	0.1937817	0.2277443	0.1673919	0.2534204	0.1633253	0.2742643	0.1977635	0.2068729	0.1640219	0.2411099	0.3290705	0.3441451	0.2117903	0.3272205	0.2815442	0.2588229
3232988140.0366993	0.1937835	0.2277340	0.1674099	0.2534210	0.1633298	0.2742991	0.1977614	0.2068628	0.1640117	0.2411192	0.3291021	0.3441358	0.2118080	0.3272082	0.2815810	0.2588176
3232988140.0465875	0.1937853	0.2277503	0.1674049	0.2534396	0.1633284	0.2742730	0.1977652	0.2068715	0.1640330	0.2410840	0.3290908	0.3441500	0.2117924	0.3272145	0.2815687	0.2588253
3232988140.0564756	0.1937866	0.2277645	0.1674037	0.2534140	0.1633271	0.2742592	0.1977675	0.2068841	0.1640039	0.2410869	0.3290715	0.3441292	0.2117895	0.3272127	0.2815629	0.2588090
3232988140.0663638	0.1937788	0.2277458	0.1674110	0.2534272	0.1633193	0.2742635	0.1977657	0.2068538	0.1640122	0.2410664	0.3290738	0.3441384	0.2117904	0.3272277	0.2815605	0.2588396
3232988140.0762501	0.1937835	0.2277519	0.1673898	0.2534279	0.1633153	0.2742586	0.1977514	0.2068867	0.1640152	0.2410899	0.3290903	0.3441527	0.2118088	0.3272229	0.2815705	0.2588142
3232988140.0861382	0.1937894	0.2277376	0.1673903	0.2534326	0.1633121	0.2742575	0.1977705	0.2068628	0.1640199	0.2410893	0.3290830	0.3441353	0.2117750	0.3272026	0.2815552	0.2588261
3232988140.0960264	0.1937838	0.2277462	0.1673850	0.2534208	0.1633278	0.2742740	0.1977709	0.2068727	0.1640216	0.2410879	0.3290667	0.3441385	0.2117896	0.3272183	0.2815586	0.2588064
3232988140.1059146	0.1937731	0.2277481	0.1674028	0.2534146	0.1633253	0.2742860	0.1977592	0.2068475	0.1640074	0.2410972	0.3290708	0.3441337	0.2118003	0.3272189	0.2815449	0.2588386
3232988140.1158028	0.1937817	0.2277411	0.1673973	0.2534250	0.1633271	0.2742631	0.1977551	0.2068779	0.1640126	0.2410779	0.3290719	0.3441333	0.2117924	0.3272180	0.2815621	0.2588282
3232988140.1256909	0.1937672	0.2277366	0.1673830	0.2534166	0.1633363	0.2742645	0.1977662	0.2068560	0.1640169	0.2410965	0.3290644	0.3441453	0.2117860	0.3272149	0.2815398	0.2588188
3232988140.1355791	0.1937784	0.2277380	0.1674028	0.2534343	0.1633236	0.2742786	0.1977557	0.2068717	0.1639983	0.2410944	0.3290775	0.3441491	0.2117767	0.3272132	0.2815553	0.2588041
3232988140.1454673	0.1937626	0.2277319	0.1673870	0.2534498	0.1633246	0.2742792	0.1977438	0.2068767	0.1640149	0.2411016	0.3290946	0.3441225	0.2117879	0.3272286	0.2815491	0.2588029
3232988140.1553555	0.1937951	0.2277398	0.1674001	0.2534302	0.1633262	0.2742767	0.1977722	0.2068654	0.1640099	0.2410839	0.3290826	0.3441426	0.2117724	0.3272123	0.2815548	0.2588210
3232988140.1652436	0.1937809	0.2277557	0.1674092	0.2534233	0.1633134	0.2742714	0.1977492	0.2068748	0.1640042	0.2410885	0.3290811	0.3441308	0.2117909	0.3272149	0.2815524	0.2587978
3232988140.1751299	0.1937712	0.2277417	0.1673896	0.2534294	0.1633171	0.2742556	0.1977676	0.2068518	0.1640189	0.2410856	0.3290704	0.3441218	0.2117781	0.3271977	0.2815578	0.2588085
3232988140.1850181	0.1937886	0.2277473	0.1673812	0.2534234	0.1633166	0.2742518	0.1977500	0.2068765	0.1639925	0.2410917	0.3290823	0.3441306	0.2118080	0.3272090	0.2815610	0.2588215
3232988140.1949062	0.1937788	0.2277679	0.1673852	0.2534323	0.1633136	0.2742821	0.1977665	0.2068659	0.1639996	0.2411017	0.3290707	0.3441398	0.2117713	0.3272158	0.2815529	0.2588087
3232988140.2047944	0.1937745	0.2277547	0.1673831	0.2534270	0.1633254	0.2742434	0.1977654	0.2068589	0.1639939	0.2410878	0.3290780	0.3441360	0.2118063	0.3271945	0.2815589	0.2588519
3232988140.2146826	0.1937738	0.2277489	0.1673868	0.2534043	0.1633089	0.2742888	0.1977601	0.2068588	0.1639986	0.2410810	0.3290750	0.3441447	0.2117804	0.3272062	0.2815652	0.2588143
3232988140.2245707	0.1937798	0.2277482	0.1673976	0.2534276	0.1633090	0.2742668	0.1977581	0.2068888	0.1640186	0.2410852	0.3290635	0.3441433	0.2117820	0.3271978	0.2815315	0.2588156
3232988140.2344589	0.1937739	0.2277421	0.1673925	0.2534110	0.1633164	0.2742540	0.1977555	0.2068753	0.1639887	0.2411015	0.3290878	0.3441506	0.2117788	0.3272211	0.2815612	0.2587975
3232988140.2443471	0.1937745	0.2277637	0.1673793	0.2534209	0.1632925	0.2742655	0.1977557	0.2068591	0.1640041	0.2410950	0.3290933	0.3441335	0.2117814	0.3272149	0.2815635	0.2588170
3232988140.2542353	0.1937824	0.2277462	0.1673916	0.2534245	0.1633301	0.2742611	0.1977555	0.2068658	0.1640126	0.2411036	0.3290772	0.3441292	0.2117828	0.3272053	0.2815701	0.2588170
3232988140.2641234	0.1937864	0.2277437	0.1673874	0.2534298	0.1633085	0.2742727	0.1977615	0.2068626	0.1640136	0.2410822	0.3290835	0.3441279	0.2117880	0.3272200	0.2815401	0.2588035
3232988140.2740102	0.1937855	0.2277580	0.1674028	0.2534205	0.1633121	0.2742617	0.1977473	0.2068687	0.1640089	0.2410987	0.3290602	0.3441328	0.2117909	0.3272080	0.2815708	0.2588218
3232988140.2838984	0.1937717	0.2277379	0.1674013	0.2534180	0.1633192	0.2742676	0.1977530	0.2068639	0.1640101	0.2410908	0.3290800	0.3441246	0.2117703	0.3272032	0.2815412	0.2588227
3232988140.2937865	0.1937848	0.2277407	0.1673979	0.2534014	0.1633129	0.2742626	0.1977682	0.2068590	0.1640187	0.2410847	0.3290760	0.3441332	0.2117774	0.3272079	0.2815363	0.2588152
3232988140.3036747	0.1937731	0.2277403	0.1674163	0.2534391	0.1633443	0.2742660	0.1977644	0.2068592	0.1639972	0.2411112	0.3290683	0.3441385	0.2117986	0.3272158	0.2815592	0.2588271
3232988140.3135629	0.1937871	0.2277462	0.1673986	0.2534241	0.1633276	0.2742691	0.1977372	0.2068682	0.1640162	0.2410903	0.3290545	0.3441171	0.2117593	0.3272184	0.2815502	0.2588205
3232988140.3234510	0.1937779	0.2277493	0.1674066	0.2534160	0.1633208	0.2742645	0.1977625	0.2068627	0.1639940	0.2411020	0.3290749	0.3441266	0.2117772	0.3272091	0.2815474	0.2588128
3232988140.3333392	0.1937729	0.2277318	0.1673978	0.2534074	0.1633118	0.2742679	0.1977625	0.2068594	0.1640104	0.2410787	0.3290838	0.3441318	0.2117614	0.3272113	0.2815519	0.2588203
3232988140.3432274	0.1937790	0.2277419	0.1673881	0.2534177	0.1633197	0.2742537	0.1977531	0.2068797	0.1640128	0.2410929	0.3290845	0.3441393	0.2117635	0.3271850	0.2815476	0.2588261
3232988140.3531156	0.1937792	0.2277419	0.1673971	0.2534309	0.1633279	0.2742712	0.1977602	0.2068571	0.1640127	0.2411008	0.3290702	0.3441259	0.2117790	0.3272195	0.2815756	0.2588036
3232988140.3630037	0.1937749	0.2277401	0.1673999	0.2534327	0.1633311	0.2742649	0.1977499	0.2068847	0.1640183	0.2410889	0.3290950	0.3441399	0.2117844	0.3272159	0.2815456	0.2588119
3232988140.3728900	0.1937719	0.2277463	0.1673736	0.2534170	0.1633215	0.2742737	0.1977379	0.2068634	0.1639865	0.2410609	0.3290741	0.3441353	0.2117705	0.3272192	0.2815545	0.2588049
3232988140.3827782	0.1937833	0.2277612	0.1673885	0.2534116	0.1633189	0.2742629	0.1977406	0.2068549	0.1639844	0.2410987	0.3290738	0.3441402	0.2117822	0.3271892	0.2815447	0.2588337
3232988140.3926663	0.1937826	0.2277354	0.1673894	0.2534297	0.1633041	0.2742571	0.1977562	0.2068653	0.1640011	0.2410888	0.3290658	0.3441308	0.2117942	0.3272242	0.2815611	0.2588141
3232988140.4025545	0.1937700	0.2277407	0.1673995	0.2534290	0.1633163	0.2742653	0.1977455	0.2068663	0.1640043	0.2410780	0.3290633	0.3441387	0.2118057	0.3272069	0.2815366	0.2588220
3232988140.4124427	0.1937869	0.2277558	0.1674036	0.2534159	0.1633308	0.2742672	0.1977764	0.2068711	0.1640146	0.2411023	0.3290818	0.3441582	0.2117863	0.3272281	0.2815441	0.2588274
3232988140.4223309	0.1937814	0.2277445	0.1674002	0.2534426	0.1633397	0.2742619	0.1977628	0.2068657	0.1640047	0.2410935	0.3290807	0.3441380	0.2117959	0.3272196	0.2815321	0.2588156
3232988140.4322190	0.1937802	0.2277267	0.1673921	0.2534301	0.1633177	0.2742585	0.1977580	0.2068568	0.1640116	0.2410987	0.3290728	0.3441680	0.2117668	0.3272055	0.2815688	0.2588210
3232988140.4421072	0.1937699	0.2277370	0.1673817	0.2534146	0.1632923	0.2742571	0.1977471	0.2068650	0.1640064	0.2410936	0.3290682	0.3441324	0.2117747	0.3271941	0.2815480	0.2588412
3232988140.4519954	0.1937735	0.2277547	0.1673792	0.2534080	0.1633262	0.2742574	0.1977485	0.2068597	0.1640006	0.2410794	0.3290746	0.3441360	0.2118011	0.3271957	0.2815602	0.2588024
3232988140.4618835	0.1937789	0.2277510	0.1673846	0.2534165	0.1633124	0.2742814	0.1977618	0.2068634	0.1640149	0.2411006	0.3290780	0.3441418	0.2117668	0.3272089	0.2815595	0.2588240
3232988140.4717703	0.1937771	0.2277482	0.1674071	0.2534274	0.1633092	0.2742618	0.1977648	0.2068519	0.1640015	0.2410970	0.3290692	0.3441591	0.2117708	0.3272196	0.2815544	0.2588170
3232988140.4816585	0.1937741	0.2277461	0.1673906	0.2534150	0.1633148	0.2742807	0.1977589	0.2068703	0.1640033	0.2411103	0.3290906	0.3441514	0.2117908	0.3272168	0.2815626	0.2588151
3232988140.4915466	0.1937599	0.2277646	0.1674122	0.2534123	0.1633130	0.2742394	0.1977590	0.2068457	0.1640223	0.2411042	0.3290806	0.3441428	0.2117936	0.3272140	0.2815514	0.2588089
3232988140.5014348	0.1937778	0.2277443	0.1673940	0.2534224	0.1633080	0.2742602	0.1977388	0.2068720	0.1640226	0.2410977	0.3290939	0.3441473	0.2117815	0.3272135	0.2815579	0.2588061
3232988140.5113230	0.1937855	0.2277334	0.1673857	0.2534215	0.1633172	0.2742523	0.1977542	0.2068478	0.1640329	0.2410955	0.3290983	0.3441437	0.2117894	0.3271906	0.2815496	0.2587956
3232988140.5212111	0.1937719	0.2277442	0.1674039	0.2534293	0.1633315	0.2742846	0.1977678	0.2068583	0.1640171	0.2410870	0.3290796	0.3441304	0.2117886	0.3272237	0.2815670	0.2588168
3232988140.5310993	0.1937678	0.2277387	0.1674221	0.2534245	0.1633313	0.2742553	0.1977459	0.2068535	0.1640032	0.2411000	0.3290654	0.3441471	0.2117849	0.3272083	0.2815519	0.2588359
3232988140.5409875	0.1937878	0.2277424	0.1674062	0.2534119	0.1633262	0.2742585	0.1977392	0.2068666	0.1640069	0.2410968	0.3290840	0.3441345	0.2117812	0.3271996	0.2815720	0.2588159
3232988140.5508757	0.1937794	0.2277398	0.1673917	0.2534190	0.1633163	0.2742563	0.1977477	0.2068532	0.1639929	0.2411049	0.3290892	0.3441317	0.2117826	0.3272089	0.2815672	0.2588369
3232988140.5607638	0.1937627	0.2277455	0.1673997	0.2534337	0.1633261	0.2742719	0.1977597	0.2068624	0.1640009	0.2411036	0.3290934	0.3441328	0.2117849	0.3272038	0.2815489	0.2588008
3232988140.5706501	0.1937709	0.2277404	0.1673902	0.2534160	0.1633158	0.2742520	0.1977560	0.2068751	0.1640241	0.2411090	0.3290867	0.3441455	0.2117919	0.3272189	0.2815555	0.2588089
3232988140.5805383	0.1937834	0.2277323	0.1673853	0.2534228	0.1633264	0.2742590	0.1977662	0.2068717	0.1639999	0.2410848	0.3290920	0.3441335	0.2117834	0.3272045	0.2815561	0.2588036
3232988140.5904264	0.1937846	0.2277466	0.1673898	0.2534305	0.1633126	0.2742640	0.1977538	0.2068526	0.1640195	0.2410861	0.3290817	0.3441280	0.2117895	0.3271953	0.2815562	0.2588154
3232988140.6003146	0.1937652	0.2277541	0.1673864	0.2534267	0.1633011	0.2742669	0.1977421	0.2068728	0.1640165	0.2410863	0.3290698	0.3441294	0.2117911	0.3271979	0.2815512	0.2588034
3232988140.6102028	0.1937718	0.2277462	0.1673853	0.2534357	0.1632948	0.2742616	0.1977597	0.2068693	0.1640055	0.2410973	0.3290699	0.3441307	0.2117981	0.3272288	0.2815505	0.2588146
3232988140.6200910	0.1937876	0.2277537	0.1673868	0.2534176	0.1632890	0.2742428	0.1977418	0.2068817	0.1639978	0.2410893	0.3290601	0.3441269	0.2117766	0.3272093	0.2815489	0.2587961
3232988140.6299791	0.1937800	0.2277354	0.1673843	0.2534097	0.1633222	0.2742701	0.1977608	0.2068825	0.1640066	0.2410906	0.3290879	0.3441312	0.2117710	0.3272056	0.2815320	0.2588200
3232988140.6398673	0.1937860	0.2277365	0.1674007	0.2534233	0.1633148	0.2742624	0.1977490	0.2068755	0.1640114	0.2410698	0.3290625	0.3441298	0.2117975	0.3272014	0.2815375	0.2588189
3232988140.6497555	0.1937655	0.2277312	0.1673828	0.2534244	0.1633255	0.2742433	0.1977671	0.2068627	0.1640070	0.2410714	0.3290486	0.3441123	0.2117664	0.3271888	0.2815509	0.2588042
3232988140.6596436	0.1937474	0.2277520	0.1673773	0.2534135	0.1633106	0.2742362	0.1977673	0.2068692	0.1640044	0.2410859	0.3290659	0.3441488	0.2117719	0.3271961	0.2815443	0.2588103
3232988140.6695299	0.1937733	0.2277272	0.1673826	0.2534183	0.1633321	0.2742559	0.1977744	0.2068839	0.1640116	0.2410686	0.3290766	0.3441278	0.2117935	0.3272133	0.2815402	0.2587989
3232988140.6794181	0.1937861	0.2277406	0.1673861	0.2534213	0.1633285	0.2742789	0.1977536	0.2068664	0.1640059	0.2410638	0.3290878	0.3441277	0.2117867	0.3272066	0.2815601	0.2587996
3232988140.6893063	0.1937824	0.2277348	0.1673791	0.2534265	0.1633262	0.2742511	0.1977354	0.2068537	0.1640165	0.2410878	0.3290690	0.3441276	0.2117834	0.3272043	0.2815649	0.2588156
3232988140.6991944	0.1937820	0.2277389	0.1673933	0.2534131	0.1633228	0.2742693	0.1977768	0.2068490	0.1639972	0.2410818	0.3290688	0.3441388	0.2117863	0.3271928	0.2815559	0.2587992
3232988140.7090826	0.1937672	0.2277297	0.1673960	0.2534409	0.1633286	0.2742312	0.1977320	0.2068765	0.1639974	0.2410721	0.3290829	0.3441453	0.2117914	0.3271939	0.2815528	0.2587952
3232988140.7189708	0.1937709	0.2277455	0.1673986	0.2534102	0.1633213	0.2742372	0.1977618	0.2068646	0.1639974	0.2410927	0.3290740	0.3441463	0.2117751	0.3271967	0.2815455	0.2587988
3232988140.7288589	0.1937835	0.2277290	0.1673946	0.2534382	0.1633253	0.2742585	0.1977535	0.2068609	0.1639998	0.2410871	0.3290895	0.3441393	0.2117873	0.3271993	0.2815383	0.2588021
3232988140.7387471	0.1937884	0.2277392	0.1674012	0.2534199	0.1633202	0.2742636	0.1977615	0.2068603	0.1639947	0.2410875	0.3291037	0.3441483	0.2117879	0.3272122	0.2815513	0.2588073
3232988140.7486353	0.1937651	0.2277587	0.1673765	0.2534188	0.1633198	0.2742598	0.1977479	0.2068813	0.1640112	0.2410739	0.3290853	0.3441239	0.2117950	0.3272089	0.2815548	0.2588122
3232988140.7585235	0.1937574	0.2277433	0.1673926	0.2534302	0.1633112	0.2742550	0.1977573	0.2068613	0.1639943	0.2410812	0.3290845	0.3441397	0.2117593	0.3272171	0.2815459	0.2588052
3232988140.7684102	0.1937922	0.2277417	0.1673920	0.2533895	0.1633217	0.2742464	0.1977587	0.2068597	0.1639960	0.2410767	0.3290961	0.3441464	0.2117896	0.3272169	0.2815405	0.2588227
3232988140.7782984	0.1937688	0.2277429	0.1673846	0.2534188	0.1633321	0.2742408	0.1977603	0.2068605	0.1640151	0.2410869	0.3290929	0.3441623	0.2117717	0.3272047	0.2815505	0.2588052
3232988140.7881865	0.1937845	0.2277559	0.1673963	0.2534122	0.1633075	0.2742519	0.1977520	0.2068530	0.1640031	0.2410864	0.3290866	0.3441327	0.2117823	0.3272055	0.2815402	0.2588056
3232988140.7980747	0.1937733	0.2277224	0.1673895	0.2534050	0.1633232	0.2742673	0.1977438	0.2068679	0.1639989	0.2410752	0.3290857	0.3441490	0.2117860	0.3272057	0.2815554	0.2588168
3232988140.8079629	0.1937538	0.2277407	0.1673976	0.2534113	0.1633201	0.2742543	0.1977420	0.2068535	0.1639955	0.2410762	0.3290775	0.3441194	0.2117848	0.3272225	0.2815619	0.2588244
3232988140.8178511	0.1937811	0.2277417	0.1673783	0.2534010	0.1633208	0.2742622	0.1977552	0.2068492	0.1640111	0.2410862	0.3290931	0.3441481	0.2117908	0.3272104	0.2815590	0.2587946
3232988140.8277392	0.1937736	0.2277331	0.1674000	0.2534290	0.1633008	0.2742499	0.1977551	0.2068589	0.1640132	0.2410674	0.3290629	0.3441124	0.2117816	0.3272126	0.2815484	0.2588167
3232988140.8376274	0.1937727	0.2277372	0.1674005	0.2534260	0.1633214	0.2742663	0.1977497	0.2068342	0.1640098	0.2410912	0.3290950	0.3441276	0.2117819	0.3271968	0.2815491	0.2588067
3232988140.8475156	0.1937788	0.2277638	0.1674048	0.2534103	0.1633110	0.2742625	0.1977587	0.2068686	0.1640263	0.2410894	0.3290769	0.3441314	0.2117729	0.3272365	0.2815398	0.2588155
3232988140.8574038	0.1937669	0.2277515	0.1673818	0.2534034	0.1633172	0.2742626	0.1977605	0.2068558	0.1640042	0.2410719	0.3290779	0.3441522	0.2117787	0.3272039	0.2815390	0.2588081
3232988140.8672900	0.1937488	0.2277389	0.1673909	0.2534070	0.1633214	0.2742547	0.1977530	0.2068703	0.1640005	0.2410893	0.3290841	0.3441240	0.2117896	0.3272036	0.2815537	0.2588066
3232988140.8771782	0.1937631	0.2277371	0.1673941	0.2534159	0.1633188	0.2742611	0.1977728	0.2068515	0.1640100	0.2410911	0.3290842	0.3441296	0.2117858	0.3272025	0.2815679	0.2587974
3232988140.8870664	0.1937594	0.2277380	0.1673833	0.2534183	0.1633179	0.2742533	0.1977533	0.2068526	0.1640159	0.2410904	0.3290810	0.3441446	0.2118076	0.3271867	0.2815509	0.2588128
3232988140.8969545	0.1937964	0.2277474	0.1673949	0.2534183	0.1633284	0.2742479	0.1977558	0.2068686	0.1640086	0.2410713	0.3290796	0.3441459	0.2118000	0.3272078	0.2815486	0.2587913
3232988140.9068427	0.1937737	0.2277353	0.1673915	0.2534256	0.1633147	0.2742638	0.1977546	0.2068381	0.1640022	0.2410713	0.3290778	0.3441279	0.2117996	0.3272122	0.2815479	0.2587957
3232988140.9167309	0.1937829	0.2277466	0.1673919	0.2534138	0.1633201	0.2742433	0.1977477	0.2068598	0.1639938	0.2410759	0.3290806	0.3441325	0.2117859	0.3271961	0.2815578	0.2587903
3232988140.9266191	0.1937806	0.2277464	0.1673797	0.2534060	0.1633106	0.2742508	0.1977616	0.2068600	0.1639987	0.2410591	0.3290843	0.3441212	0.2117942	0.3272123	0.2815472	0.2588127
3232988140.9365072	0.1937791	0.2277471	0.1673765	0.2534129	0.1633217	0.2742538	0.1977528	0.2068539	0.1640000	0.2410766	0.3290745	0.3441293	0.2117808	0.3271992	0.2815478	0.2587963
3232988140.9463954	0.1937703	0.2277344	0.1673842	0.2533985	0.1633113	0.2742630	0.1977613	0.2068539	0.1640085	0.2410680	0.3290907	0.3441349	0.2117601	0.3271978	0.2815356	0.2588103
3232988140.9562836	0.1937672	0.2277348	0.1673823	0.2534267	0.1633199	0.2742448	0.1977702	0.2068416	0.1640056	0.2410675	0.3290539	0.3441286	0.2117800	0.3271943	0.2815515	0.2588180
3232988140.9661703	0.1937740	0.2277319	0.1673958	0.2534107	0.1633113	0.2742705	0.1977456	0.2068681	0.1639881	0.2410873	0.3290806	0.3441353	0.2117809	0.3272222	0.2815665	0.2587889
3232988140.9760585	0.1937611	0.2277310	0.1673857	0.2534214	0.1633187	0.2742381	0.1977493	0.2068516	0.1640044	0.2410735	0.3290888	0.3441239	0.2117843	0.3271895	0.2815431	0.2588195
3232988140.9859467	0.1937828	0.2277175	0.1673858	0.2533977	0.1633220	0.2742453	0.1977404	0.2068666	0.1640100	0.2410916	0.3290767	0.3441401	0.2117794	0.3271975	0.2815496	0.2588158
3232988140.9958348	0.1937935	0.2277425	0.1673943	0.2534114	0.1633282	0.2742467	0.1977570	0.2068597	0.1639992	0.2410709	0.3290859	0.3441405	0.2118033	0.3271790	0.2815566	0.2588090
3232988141.0057230	0.1937817	0.2277497	0.1673987	0.2534114	0.1633150	0.2742503	0.1977666	0.2068746	0.1639961	0.2410744	0.3290576	0.3441239	0.2117746	0.3271943	0.2815446	0.2587935
3232988141.0156112	0.1937710	0.2277217	0.1673849	0.2534023	0.1633130	0.2742581	0.1977514	0.2068545	0.1639747	0.2410905	0.3290701	0.3441325	0.2117791	0.3271942	0.2815453	0.2588105
3232988141.0254993	0.1937775	0.2277404	0.1673740	0.2534038	0.1632955	0.2742351	0.1977617	0.2068740	0.1640041	0.2410919	0.3290732	0.3441294	0.2117736	0.3272048	0.2815559	0.2587963
3232988141.0353875	0.1937644	0.2277123	0.1673911	0.2534006	0.1633193	0.2742474	0.1977487	0.2068651	0.1639871	0.2410731	0.3290712	0.3441274	0.2117804	0.3271947	0.2815464	0.2588037
3232988141.0452757	0.1937857	0.2277495	0.1673878	0.2534065	0.1633113	0.2742503	0.1977551	0.2068640	0.1640075	0.2410601	0.3290772	0.3441477	0.2117837	0.3272003	0.2815541	0.2588096
3232988141.0551639	0.1937869	0.2277449	0.1674028	0.2534181	0.1633167	0.2742600	0.1977656	0.2068420	0.1640011	0.2410804	0.3290782	0.3441332	0.2117858	0.3272132	0.2815427	0.2588278
3232988141.0650501	0.1937624	0.2277336	0.1673963	0.2534269	0.1633400	0.2742605	0.1977458	0.2068588	0.1639829	0.2410771	0.3290755	0.3441351	0.2117645	0.3271903	0.2815482	0.2588015
3232988141.0749383	0.1937678	0.2277468	0.1673775	0.2534215	0.1633352	0.2742725	0.1977335	0.2068552	0.1640163	0.2410875	0.3290783	0.3441420	0.2117714	0.3271847	0.2815454	0.2587815
3232988141.0848265	0.1937682	0.2277366	0.1673835	0.2534048	0.1633308	0.2742507	0.1977556	0.2068685	0.1640221	0.2410832	0.3290644	0.3441106	0.2117874	0.3272007	0.2815395	0.2588214
3232988141.0947146	0.1937744	0.2277228	0.1673867	0.2533972	0.1633227	0.2742586	0.1977687	0.2068462	0.1640124	0.2410900	0.3290764	0.3441342	0.2117828	0.3272142	0.2815568	0.2588138
3232988141.1046028	0.1937884	0.2277293	0.1673937	0.2534106	0.1633279	0.2742537	0.1977540	0.2068622	0.1640181	0.2410891	0.3290855	0.3441363	0.2117992	0.3271903	0.2815620	0.2587936
3232988141.1144910	0.1937923	0.2277431	0.1673870	0.2534110	0.1633182	0.2742456	0.1977555	0.2068535	0.1640166	0.2410832	0.3290791	0.3441211	0.2117850	0.3271995	0.2815617	0.2588133
3232988141.1243792	0.1937637	0.2277223	0.1673964	0.2534141	0.1633105	0.2742581	0.1977428	0.2068636	0.1639958	0.2410680	0.3290759	0.3441500	0.2117713	0.3271779	0.2815430	0.2588008
3232988141.1342673	0.1937825	0.2277201	0.1673943	0.2534091	0.1633234	0.2742568	0.1977616	0.2068514	0.1640002	0.2410755	0.3290744	0.3441319	0.2117744	0.3272012	0.2815445	0.2587956
3232988141.1441555	0.1937663	0.2277301	0.1673731	0.2533928	0.1632977	0.2742367	0.1977455	0.2068881	0.1640011	0.2410786	0.3290784	0.3441282	0.2117858	0.3271837	0.2815583	0.2587803
3232988141.1540437	0.1937723	0.2277398	0.1673934	0.2534316	0.1633313	0.2742575	0.1977471	0.2068420	0.1640053	0.2410732	0.3290703	0.3441141	0.2117877	0.3272022	0.2815434	0.2588188
3232988141.1639299	0.1937847	0.2277206	0.1673954	0.2534199	0.1633248	0.2742728	0.1977576	0.2068731	0.1639992	0.2410824	0.3290676	0.3441427	0.2117883	0.3271970	0.2815518	0.2587971
3232988141.1738181	0.1937637	0.2277306	0.1673819	0.2534076	0.1633045	0.2742433	0.1977624	0.2068512	0.1640067	0.2410896	0.3290674	0.3441331	0.2117777	0.3271844	0.2815486	0.2588182
3232988141.1837063	0.1937627	0.2277226	0.1673958	0.2534115	0.1633051	0.2742493	0.1977459	0.2068592	0.1640048	0.2410886	0.3290695	0.3441315	0.2117829	0.3271985	0.2815545	0.2588008
3232988141.1935945	0.1937755	0.2277282	0.1673995	0.2534002	0.1633071	0.2742511	0.1977419	0.2068534	0.1639968	0.2410739	0.3290629	0.3441470	0.2117763	0.3271959	0.2815440	0.2588209
3232988141.2034826	0.1937654	0.2277267	0.1674046	0.2534120	0.1633025	0.2742616	0.1977674	0.2068519	0.1640149	0.2410969	0.3290808	0.3441363	0.2117789	0.3271989	0.2815606	0.2588057
3232988141.2133708	0.1937798	0.2277283	0.1673959	0.2534204	0.1633068	0.2742561	0.1977692	0.2068596	0.1640202	0.2410857	0.3290935	0.3441347	0.2117766	0.3272071	0.2815420	0.2588273
3232988141.2232590	0.1937602	0.2277309	0.1673934	0.2534091	0.1633088	0.2742450	0.1977487	0.2068729	0.1639974	0.2410815	0.3290843	0.3441430	0.2117876	0.3272033	0.2815536	0.2587992
3232988141.2331471	0.1937639	0.2277279	0.1673887	0.2534004	0.1633127	0.2742528	0.1977542	0.2068492	0.1640019	0.2410633	0.3290878	0.3441250	0.2117802	0.3272083	0.2815464	0.2587934
3232988141.2430353	0.1937714	0.2277324	0.1673859	0.2534218	0.1633203	0.2742693	0.1977423	0.2068526	0.1639845	0.2410735	0.3290868	0.3441308	0.2117869	0.3272135	0.2815345	0.2588082
3232988141.2529235	0.1937824	0.2277370	0.1673854	0.2534060	0.1633014	0.2742517	0.1977554	0.2068672	0.1640036	0.2410851	0.3290846	0.3441363	0.2117859	0.3272022	0.2815457	0.2588113
3232988141.2628102	0.1937588	0.2277333	0.1673961	0.2534240	0.1633097	0.2742428	0.1977648	0.2068527	0.1639953	0.2411058	0.3290696	0.3441278	0.2117899	0.3271945	0.2815571	0.2587922
3232988141.2726984	0.1937907	0.2277212	0.1674093	0.2534159	0.1633267	0.2742489	0.1977616	0.2068576	0.1639745	0.2410701	0.3291016	0.3441269	0.2117701	0.3272006	0.2815538	0.2587817
3232988141.2825866	0.1937903	0.2277137	0.1673789	0.2534120	0.1633082	0.2742660	0.1977587	0.2068721	0.1639990	0.2410772	0.3290784	0.3441319	0.2117801	0.3272004	0.2815500	0.2588058
3232988141.2924747	0.1937670	0.2277480	0.1673782	0.2534025	0.1633170	0.2742431	0.1977543	0.2068508	0.1640151	0.2410716	0.3290761	0.3441147	0.2117912	0.3272067	0.2815293	0.2588077
3232988141.3023629	0.1937796	0.2277407	0.1674017	0.2534139	0.1633064	0.2742565	0.1977524	0.2068614	0.1640139	0.2410769	0.3290887	0.3441363	0.2117821	0.3272296	0.2815624	0.2588027
3232988141.3122511	0.1937746	0.2277201	0.1673976	0.2534357	0.1633196	0.2742547	0.1977735	0.2068782	0.1639978	0.2410756	0.3290711	0.3441452	0.2117896	0.3271841	0.2815675	0.2587955
3232988141.3221393	0.1937855	0.2277179	0.1674043	0.2534168	0.1633306	0.2742479	0.1977763	0.2068446	0.1639943	0.2410706	0.3290696	0.3441311	0.2117852	0.3271932	0.2815562	0.2588292
3232988141.3320274	0.1937875	0.2277553	0.1673850	0.2534052	0.1633240	0.2742444	0.1977486	0.2068825	0.1640003	0.2410753	0.3290722	0.3441249	0.2117812	0.3271882	0.2815314	0.2588001
3232988141.3419156	0.1937628	0.2277318	0.1673795	0.2534147	0.1633173	0.2742466	0.1977384	0.2068693	0.1639956	0.2410814	0.3290748	0.3441214	0.2117664	0.3271927	0.2815506	0.2588084
3232988141.3518038	0.1937784	0.2277469	0.1673863	0.2533952	0.1633136	0.2742608	0.1977440	0.2068630	0.1640057	0.2410689	0.3290814	0.3441133	0.2117577	0.3271759	0.2815560	0.2588025
3232988141.3616900	0.1938000	0.2277429	0.1673971	0.2534143	0.1633169	0.2742630	0.1977574	0.2068590	0.1640035	0.2410861	0.3290972	0.3441252	0.2117972	0.3272104	0.2815352	0.2588027
3232988141.3715782	0.1937769	0.2277510	0.1673941	0.2534228	0.1633109	0.2742559	0.1977448	0.2068623	0.1640058	0.2410737	0.3290839	0.3441395	0.2117819	0.3272128	0.2815553	0.2588203
3232988141.3814664	0.1937811	0.2277284	0.1673951	0.2534024	0.1633217	0.2742514	0.1977489	0.2068579	0.1640017	0.2410934	0.3290771	0.3441235	0.2117830	0.3271856	0.2815672	0.2587947
3232988141.3913546	0.1937763	0.2277428	0.1674005	0.2534192	0.1633172	0.2742543	0.1977572	0.2068554	0.1640081	0.2410832	0.3290534	0.3441171	0.2117697	0.3271950	0.2815549	0.2588119
3232988141.4012427	0.1937731	0.2277537	0.1673797	0.2534161	0.1633192	0.2742529	0.1977474	0.2068615	0.1639993	0.2410736	0.3290582	0.3441331	0.2117871	0.3272061	0.2815386	0.2587991
3232988141.4111309	0.1937815	0.2277392	0.1673850	0.2534179	0.1633166	0.2742477	0.1977556	0.2068542	0.1639973	0.2410913	0.3290797	0.3441169	0.2117674	0.3272101	0.2815334	0.2588218
3232988141.4210191	0.1937840	0.2277490	0.1674061	0.2534326	0.1633192	0.2742427	0.1977706	0.2068474	0.1640111	0.2410806	0.3290737	0.3441444	0.2117660	0.3272143	0.2815560	0.2587955
3232988141.4309072	0.1937694	0.2277364	0.1673892	0.2534320	0.1633154	0.2742648	0.1977560	0.2068705	0.1640302	0.2410855	0.3290752	0.3441263	0.2117755	0.3272297	0.2815550	0.2587986
3232988141.4407954	0.1937698	0.2277244	0.1673944	0.2534096	0.1633150	0.2742608	0.1977584	0.2068606	0.1640010	0.2410995	0.3290752	0.3441472	0.2117694	0.3272143	0.2815416	0.2588207
3232988141.4506836	0.1937759	0.2277324	0.1673803	0.2534079	0.1632957	0.2742556	0.1977224	0.2068647	0.1639934	0.2410896	0.3290917	0.3441209	0.2117702	0.3272024	0.2815513	0.2588191
3232988141.4605703	0.1937770	0.2277263	0.1673799	0.2534181	0.1633193	0.2742572	0.1977445	0.2068409	0.1639947	0.2410840	0.3290793	0.3441352	0.2117930	0.3272047	0.2815335	0.2587838
3232988141.4704585	0.1937837	0.2277462	0.1673871	0.2534247	0.1633307	0.2742501	0.1977549	0.2068791	0.1639954	0.2410807	0.3290685	0.3441351	0.2117960	0.3272142	0.2815576	0.2588190
3232988141.4803467	0.1937539	0.2277402	0.1673843	0.2533953	0.1633056	0.2742545	0.1977690	0.2068647	0.1640039	0.2410980	0.3290721	0.3441275	0.2117849	0.3272071	0.2815525	0.2588028
3232988141.4902348	0.1937808	0.2277429	0.1674016	0.2534192	0.1633129	0.2742561	0.1977657	0.2068703	0.1640063	0.2410823	0.3290665	0.3441304	0.2117889	0.3272113	0.2815697	0.2588043
3232988141.5001230	0.1937873	0.2277353	0.1673763	0.2534350	0.1633007	0.2742495	0.1977734	0.2068423	0.1640005	0.2410969	0.3290741	0.3441330	0.2117943	0.3271949	0.2815415	0.2588113
3232988141.5100112	0.1937497	0.2277569	0.1673910	0.2534152	0.1633138	0.2742395	0.1977508	0.2068659	0.1639952	0.2410716	0.3290699	0.3441347	0.2117953	0.3272122	0.2815576	0.2588098
3232988141.5198994	0.1937824	0.2277248	0.1673923	0.2534115	0.1633248	0.2742498	0.1977562	0.2068512	0.1640095	0.2410792	0.3290879	0.3441430	0.2117815	0.3272026	0.2815382	0.2588245
3232988141.5297875	0.1937940	0.2277572	0.1673982	0.2534160	0.1633146	0.2742563	0.1977728	0.2068579	0.1640071	0.2410798	0.3290726	0.3441244	0.2118071	0.3272042	0.2815440	0.2588191
3232988141.5396757	0.1937602	0.2277524	0.1673908	0.2534085	0.1633188	0.2742679	0.1977501	0.2068534	0.1639912	0.2410817	0.3290751	0.3441204	0.2118020	0.3272116	0.2815419	0.2588118
3232988141.5495639	0.1937783	0.2277328	0.1673806	0.2533978	0.1633158	0.2742660	0.1977525	0.2068688	0.1640034	0.2410764	0.3290604	0.3441481	0.2117924	0.3272083	0.2815473	0.2588126
3232988141.5594501	0.1937785	0.2277299	0.1673900	0.2534203	0.1632882	0.2742460	0.1977438	0.2068749	0.1640034	0.2410781	0.3290753	0.3441495	0.2117752	0.3271985	0.2815539	0.2587926
3232988141.5693383	0.1937714	0.2277270	0.1674038	0.2534058	0.1633267	0.2742631	0.1977645	0.2068764	0.1639884	0.2410778	0.3290805	0.3441206	0.2117789	0.3272154	0.2815370	0.2588120
3232988141.5792265	0.1937699	0.2277380	0.1673833	0.2534176	0.1633276	0.2742514	0.1977643	0.2068647	0.1639911	0.2410785	0.3290635	0.3441331	0.2117590	0.3271998	0.2815326	0.2587972
3232988141.5891147	0.1937836	0.2277356	0.1674012	0.2534234	0.1633057	0.2742562	0.1977599	0.2068622	0.1639897	0.2410956	0.3290803	0.3441205	0.2117878	0.3272041	0.2815483	0.2588022
3232988141.5990028	0.1937795	0.2277376	0.1673823	0.2534161	0.1633198	0.2742639	0.1977618	0.2068545	0.1640059	0.2410910	0.3290683	0.3441228	0.2117772	0.3272141	0.2815592	0.2587842
3232988141.6088910	0.1937602	0.2277297	0.1673838	0.2534325	0.1633135	0.2742564	0.1977343	0.2068482	0.1640082	0.2410892	0.3290762	0.3441241	0.2117754	0.3271984	0.2815519	0.2588186
3232988141.6187792	0.1937705	0.2277442	0.1673811	0.2534178	0.1632998	0.2742578	0.1977538	0.2068480	0.1639968	0.2410835	0.3290717	0.3441385	0.2117817	0.3272155	0.2815290	0.2588187
3232988141.6286674	0.1937756	0.2277263	0.1673984	0.2534084	0.1633079	0.2742441	0.1977557	0.2068677	0.1640095	0.2410708	0.3290624	0.3441255	0.2117939	0.3272181	0.2815560	0.2587935
3232988141.6385555	0.1937836	0.2277461	0.1673957	0.2534070	0.1633043	0.2742549	0.1977513	0.2068553	0.1640121	0.2410852	0.3290740	0.3441348	0.2117951	0.3272043	0.2815647	0.2588170
3232988141.6484437	0.1937600	0.2277483	0.1673988	0.2534194	0.1633199	0.2742464	0.1977674	0.2068675	0.1640122	0.2410991	0.3290656	0.3441238	0.2117572	0.3272035	0.2815565	0.2588022
