3232988799.4080901	0.3598896	0.4383130	0.0881642	0.1558848	0.3161720	0.5037648	0.1317428	0.0903446	0.3006102	0.3644162	0.1316788	0.1048015	0.2913770	0.3756474	0.1411121	0.0941264
3232988799.4179783	0.3598669	0.4383110	0.0881604	0.1558752	0.3161753	0.5037657	0.1317211	0.0903512	0.3006169	0.3644281	0.1316829	0.1047722	0.2913876	0.3756608	0.1411330	0.0941350
3232988799.4278665	0.3598721	0.4383007	0.0881614	0.1558906	0.3161729	0.5037525	0.1317253	0.0903601	0.3006158	0.3644382	0.1316723	0.1047663	0.2913828	0.3756549	0.1411492	0.0941372
3232988799.4377546	0.3599062	0.4383063	0.0881633	0.1558734	0.3161831	0.5037761	0.1317468	0.0903301	0.3006197	0.3644407	0.1316657	0.1047841	0.2913651	0.3756605	0.1411162	0.0941267
3232988799.4476428	0.3598959	0.4383173	0.0881567	0.1558953	0.3161925	0.5037642	0.1317415	0.0903650	0.3006000	0.3644224	0.1316790	0.1047994	0.2913788	0.3756750	0.1411176	0.0941580
3232988799.4575310	0.3598817	0.4383097	0.0881661	0.1558785	0.3161723	0.5037752	0.1317478	0.0903702	0.3006011	0.3644038	0.1316900	0.1047954	0.2913751	0.3756484	0.1411218	0.0941208
3232988799.4674191	0.3598980	0.4383122	0.0881539	0.1559017	0.3161800	0.5037536	0.1317418	0.0903567	0.3006061	0.3644328	0.1316818	0.1047767	0.2913815	0.3756435	0.1411045	0.0941278
3232988799.4773073	0.3598937	0.4383088	0.0881582	0.1558680	0.3161760	0.5037574	0.1317290	0.0903522	0.3005994	0.3644111	0.1316871	0.1047582	0.2913710	0.3756566	0.1411257	0.0941415
3232988799.4871955	0.3598983	0.4382975	0.0881507	0.1558905	0.3161741	0.5037550	0.1317455	0.0903532	0.3006084	0.3644344	0.1316873	0.1047937	0.2913524	0.3756574	0.1411134	0.0941376
3232988799.4970837	0.3598894	0.4383088	0.0881596	0.1558976	0.3161755	0.5037769	0.1317528	0.0903506	0.3006069	0.3644036	0.1316748	0.1047852	0.2913735	0.3756701	0.1411223	0.0941493
3232988799.5069699	0.3599195	0.4383213	0.0881490	0.1558958	0.3162072	0.5037713	0.1317643	0.0903644	0.3006119	0.3644328	0.1316795	0.1047958	0.2913766	0.3756580	0.1411201	0.0941368
3232988799.5168581	0.3598997	0.4383170	0.0881508	0.1558922	0.3161844	0.5037717	0.1317555	0.0903570	0.3006204	0.3644283	0.1316720	0.1048004	0.2913784	0.3756543	0.1411210	0.0941393
3232988799.5267463	0.3598947	0.4383090	0.0881736	0.1558911	0.3161706	0.5037604	0.1317309	0.0903471	0.3006186	0.3644192	0.1316761	0.1047832	0.2913546	0.3756444	0.1411216	0.0941449
3232988799.5366344	0.3598819	0.4383122	0.0881615	0.1558869	0.3161683	0.5037798	0.1317325	0.0903611	0.3005904	0.3644175	0.1316725	0.1047780	0.2913908	0.3756511	0.1411137	0.0941301
3232988799.5465226	0.3599112	0.4383116	0.0881614	0.1558852	0.3161946	0.5037626	0.1317603	0.0903626	0.3006041	0.3644215	0.1316810	0.1047702	0.2913728	0.3756535	0.1411438	0.0941492
3232988799.5564108	0.3598997	0.4383136	0.0881631	0.1558796	0.3161758	0.5037683	0.1317377	0.0903713	0.3006105	0.3644211	0.1316991	0.1047980	0.2913779	0.3756653	0.1411219	0.0941264
3232988799.5662990	0.3598937	0.4383044	0.0881650	0.1558900	0.3161811	0.5037611	0.1317342	0.0903458	0.3006062	0.3644330	0.1316843	0.1047861	0.2913742	0.3756441	0.1411210	0.0941418
3232988799.5761871	0.3598832	0.4383111	0.0881802	0.1558915	0.3161837	0.5037866	0.1317498	0.0903590	0.3006306	0.3644549	0.1316791	0.1048052	0.2913603	0.3756656	0.1411181	0.0941480
3232988799.5860753	0.3598910	0.4383124	0.0881773	0.1558921	0.3161747	0.5037759	0.1317431	0.0903526	0.3006130	0.3644163	0.1316793	0.1047988	0.2913700	0.3756487	0.1411070	0.0941371
3232988799.5959635	0.3599207	0.4383019	0.0881680	0.1559049	0.3161870	0.5037562	0.1317333	0.0903599	0.3006010	0.3644247	0.1316700	0.1048109	0.2913611	0.3756701	0.1411114	0.0941417
3232988799.6058502	0.3598930	0.4383139	0.0881589	0.1558878	0.3161942	0.5037676	0.1317416	0.0903647	0.3006160	0.3644264	0.1316802	0.1047972	0.2913687	0.3756763	0.1411225	0.0941554
3232988799.6157384	0.3598886	0.4383256	0.0881723	0.1558810	0.3161907	0.5037886	0.1317470	0.0903562	0.3006071	0.3644413	0.1317048	0.1048049	0.2913720	0.3756633	0.1411163	0.0941489
3232988799.6256266	0.3598932	0.4383111	0.0881654	0.1559003	0.3161603	0.5037880	0.1317468	0.0903656	0.3005978	0.3644546	0.1316985	0.1047870	0.2913707	0.3756616	0.1411218	0.0941496
3232988799.6355147	0.3598889	0.4383068	0.0881586	0.1558874	0.3161714	0.5037932	0.1317455	0.0903734	0.3006038	0.3644421	0.1316787	0.1047863	0.2913763	0.3756742	0.1411182	0.0941396
3232988799.6454029	0.3598925	0.4383295	0.0881657	0.1558901	0.3161666	0.5037852	0.1317230	0.0903551	0.3006344	0.3644363	0.1316795	0.1047962	0.2913643	0.3756665	0.1411137	0.0941310
3232988799.6552911	0.3598888	0.4383326	0.0881796	0.1558868	0.3161702	0.5037753	0.1317498	0.0903509	0.3006166	0.3644377	0.1316909	0.1047804	0.2913743	0.3756704	0.1411244	0.0941524
3232988799.6651793	0.3598986	0.4383207	0.0881783	0.1559045	0.3161910	0.5037738	0.1317271	0.0903325	0.3006151	0.3644563	0.1317024	0.1048084	0.2913830	0.3756616	0.1411294	0.0941546
3232988799.6750674	0.3599027	0.4383281	0.0881566	0.1558947	0.3161656	0.5037772	0.1317459	0.0903582	0.3006162	0.3644301	0.1316657	0.1048127	0.2913656	0.3756777	0.1411366	0.0941397
3232988799.6849556	0.3598865	0.4383099	0.0881640	0.1559012	0.3161788	0.5037735	0.1317452	0.0903720	0.3006145	0.3644416	0.1316805	0.1047888	0.2913779	0.3756717	0.1411140	0.0941546
3232988799.6948438	0.3598890	0.4383147	0.0881661	0.1558855	0.3161727	0.5037670	0.1317485	0.0903646	0.3006268	0.3644432	0.1316967	0.1047889	0.2913763	0.3756625	0.1411322	0.0941427
3232988799.7047300	0.3598906	0.4383189	0.0881729	0.1558752	0.3161840	0.5037976	0.1317281	0.0903638	0.3006099	0.3644530	0.1316844	0.1048110	0.2913591	0.3756649	0.1411176	0.0941432
3232988799.7146182	0.3598830	0.4383089	0.0881762	0.1558919	0.3161785	0.5037715	0.1317505	0.0903690	0.3006146	0.3644343	0.1316847	0.1048022	0.2913763	0.3756655	0.1411161	0.0941415
3232988799.7245064	0.3598918	0.4383116	0.0881466	0.1559033	0.3161734	0.5037621	0.1317386	0.0903651	0.3006053	0.3644514	0.1316956	0.1047966	0.2913659	0.3756559	0.1411185	0.0941525
3232988799.7343945	0.3598964	0.4383209	0.0881654	0.1559090	0.3161625	0.5037798	0.1317178	0.0903885	0.3006081	0.3644362	0.1316927	0.1048083	0.2913800	0.3756725	0.1411168	0.0941322
3232988799.7442827	0.3598933	0.4383224	0.0881530	0.1559012	0.3161561	0.5037733	0.1317387	0.0903492	0.3006219	0.3644474	0.1316720	0.1047915	0.2913631	0.3756597	0.1411235	0.0941488
3232988799.7541709	0.3598807	0.4383244	0.0881633	0.1559041	0.3161652	0.5037684	0.1317377	0.0903848	0.3006297	0.3644371	0.1316692	0.1047818	0.2913742	0.3756864	0.1411096	0.0941432
3232988799.7640591	0.3598951	0.4383259	0.0881621	0.1558945	0.3161812	0.5037607	0.1317443	0.0903721	0.3006054	0.3644389	0.1316780	0.1047816	0.2913950	0.3756786	0.1411323	0.0941474
3232988799.7739472	0.3598795	0.4383388	0.0881757	0.1558842	0.3161795	0.5037809	0.1317541	0.0903702	0.3006125	0.3644410	0.1316673	0.1047847	0.2913544	0.3756849	0.1411301	0.0941388
3232988799.7838354	0.3598833	0.4383201	0.0881452	0.1559049	0.3161709	0.5037695	0.1317570	0.0903767	0.3006312	0.3644538	0.1316925	0.1047977	0.2913911	0.3756705	0.1411285	0.0941348
3232988799.7937236	0.3599006	0.4383215	0.0881588	0.1558858	0.3161896	0.5037714	0.1317216	0.0903650	0.3006204	0.3644461	0.1316935	0.1048060	0.2913711	0.3756768	0.1411240	0.0941335
3232988799.8036103	0.3598920	0.4383353	0.0881782	0.1558895	0.3161785	0.5037753	0.1317457	0.0903632	0.3006154	0.3644586	0.1317057	0.1047911	0.2913651	0.3756772	0.1411132	0.0941727
3232988799.8134985	0.3598902	0.4383252	0.0881745	0.1558747	0.3161903	0.5037813	0.1317507	0.0903621	0.3006184	0.3644480	0.1316864	0.1047883	0.2913743	0.3756790	0.1411303	0.0941228
3232988799.8233867	0.3598867	0.4383296	0.0881595	0.1558956	0.3161721	0.5037817	0.1317407	0.0903611	0.3006119	0.3644463	0.1316801	0.1047906	0.2913786	0.3756712	0.1411050	0.0941451
3232988799.8332748	0.3598769	0.4383241	0.0881565	0.1559088	0.3161635	0.5037955	0.1317268	0.0903661	0.3006024	0.3644458	0.1316679	0.1048019	0.2913581	0.3756665	0.1411214	0.0941475
3232988799.8431630	0.3598763	0.4383280	0.0881551	0.1558891	0.3161851	0.5037813	0.1317399	0.0903461	0.3006002	0.3644419	0.1316736	0.1047744	0.2913525	0.3756826	0.1411362	0.0941557
3232988799.8530512	0.3598818	0.4383384	0.0881409	0.1558793	0.3161709	0.5037753	0.1317435	0.0903581	0.3006183	0.3644336	0.1316674	0.1047825	0.2913661	0.3756688	0.1411112	0.0941326
3232988799.8629394	0.3598977	0.4383376	0.0881664	0.1558912	0.3161594	0.5037995	0.1317341	0.0903667	0.3006141	0.3644395	0.1316813	0.1047969	0.2913745	0.3756719	0.1411112	0.0941548
3232988799.8728275	0.3598889	0.4383255	0.0881588	0.1558951	0.3161637	0.5037952	0.1317482	0.0903543	0.3006109	0.3644476	0.1316803	0.1047866	0.2913646	0.3756741	0.1411085	0.0941629
3232988799.8827157	0.3598874	0.4383268	0.0881713	0.1558967	0.3161783	0.5037974	0.1317418	0.0903427	0.3006108	0.3644573	0.1316873	0.1047864	0.2913612	0.3756858	0.1411194	0.0941439
3232988799.8926039	0.3598942	0.4383279	0.0881633	0.1559027	0.3161810	0.5037983	0.1317578	0.0903585	0.3005967	0.3644437	0.1316871	0.1047808	0.2913577	0.3756687	0.1411122	0.0941250
3232988799.9024901	0.3598863	0.4383423	0.0881652	0.1558942	0.3161676	0.5037787	0.1317206	0.0903633	0.3006237	0.3644345	0.1316836	0.1048080	0.2913826	0.3756681	0.1411271	0.0941334
3232988799.9123783	0.3598847	0.4383196	0.0881595	0.1558904	0.3161660	0.5037825	0.1317406	0.0903489	0.3006114	0.3644306	0.1316800	0.1048066	0.2913659	0.3756697	0.1411056	0.0941425
3232988799.9222665	0.3599051	0.4383204	0.0881668	0.1559083	0.3161938	0.5038031	0.1317458	0.0903551	0.3006007	0.3644539	0.1316757	0.1048037	0.2913626	0.3756695	0.1411148	0.0941172
3232988799.9321547	0.3598994	0.4383324	0.0881820	0.1558958	0.3161660	0.5037774	0.1317369	0.0903634	0.3006123	0.3644465	0.1316963	0.1047872	0.2913852	0.3756538	0.1411228	0.0941532
3232988799.9420428	0.3598712	0.4383275	0.0881830	0.1559162	0.3161600	0.5037977	0.1317380	0.0903652	0.3006048	0.3644300	0.1316790	0.1048034	0.2913612	0.3756527	0.1411079	0.0941255
3232988799.9519310	0.3598999	0.4383282	0.0881648	0.1558970	0.3161728	0.5037818	0.1317331	0.0903640	0.3006114	0.3644313	0.1316778	0.1048003	0.2913535	0.3756652	0.1411108	0.0941376
3232988799.9618192	0.3598857	0.4383295	0.0881657	0.1559107	0.3161711	0.5037933	0.1317354	0.0903701	0.3006001	0.3644463	0.1316699	0.1047905	0.2913530	0.3756615	0.1411222	0.0941304
3232988799.9717073	0.3598587	0.4383264	0.0881645	0.1559072	0.3161740	0.5038063	0.1317322	0.0903535	0.3006028	0.3644429	0.1316662	0.1047909	0.2913581	0.3756790	0.1411166	0.0941333
3232988799.9815955	0.3598907	0.4383293	0.0881662	0.1559088	0.3161767	0.5037743	0.1317350	0.0903613	0.3005957	0.3644330	0.1316723	0.1047822	0.2913588	0.3756680	0.1411258	0.0941280
3232988799.9914837	0.3599012	0.4383359	0.0881547	0.1559161	0.3161840	0.5037929	0.1317431	0.0903633	0.3005922	0.3644322	0.1316835	0.1047772	0.2913651	0.3756661	0.1411099	0.0941418
3232988800.0013700	0.3598940	0.4383334	0.0881650	0.1559021	0.3161881	0.5037988	0.1317352	0.0903477	0.3005984	0.3644313	0.1316807	0.1047970	0.2913465	0.3756508	0.1411062	0.0941378
3232988800.0112581	0.3598969	0.4383237	0.0881573	0.1559062	0.3161712	0.5037854	0.1317372	0.0903624	0.3005953	0.3644376	0.1316715	0.1047837	0.2913578	0.3756502	0.1411065	0.0941108
3232988800.0211463	0.3598835	0.4383366	0.0881567	0.1558902	0.3161638	0.5037884	0.1317440	0.0903674	0.3005827	0.3644394	0.1316793	0.1048080	0.2913665	0.3756585	0.1411113	0.0941392
3232988800.0310345	0.3599035	0.4383402	0.0881503	0.1558954	0.3161722	0.5038111	0.1317410	0.0903546	0.3005867	0.3644341	0.1316653	0.1048020	0.2913447	0.3756910	0.1411096	0.0941437
3232988800.0409226	0.3599030	0.4383438	0.0881581	0.1558999	0.3161725	0.5037917	0.1317534	0.0903551	0.3005890	0.3644369	0.1316632	0.1047867	0.2913521	0.3756578	0.1411152	0.0941455
3232988800.0508108	0.3598843	0.4383217	0.0881519	0.1559069	0.3161715	0.5037895	0.1317236	0.0903597	0.3006043	0.3644309	0.1316865	0.1047887	0.2913599	0.3756781	0.1411152	0.0941541
3232988800.0606990	0.3598956	0.4383193	0.0881490	0.1559129	0.3161653	0.5037844	0.1317387	0.0903646	0.3005982	0.3644198	0.1316788	0.1047904	0.2913613	0.3756624	0.1411140	0.0941437
3232988800.0705872	0.3598885	0.4383362	0.0881525	0.1559017	0.3161680	0.5037933	0.1317407	0.0903577	0.3005823	0.3644416	0.1316696	0.1047954	0.2913571	0.3756906	0.1411057	0.0941483
3232988800.0804753	0.3598817	0.4383233	0.0881567	0.1558977	0.3161762	0.5038022	0.1317452	0.0903689	0.3005907	0.3644311	0.1316849	0.1048123	0.2913554	0.3756535	0.1411285	0.0941456
3232988800.0903635	0.3599004	0.4383373	0.0881622	0.1559181	0.3161644	0.5038012	0.1317387	0.0903631	0.3006166	0.3644455	0.1316890	0.1047845	0.2913432	0.3756788	0.1411183	0.0941551
3232988800.1002502	0.3598911	0.4383160	0.0881553	0.1558998	0.3161611	0.5037806	0.1317416	0.0903428	0.3005995	0.3644562	0.1316848	0.1047873	0.2913592	0.3756804	0.1411335	0.0941294
3232988800.1101384	0.3599001	0.4383418	0.0881599	0.1559098	0.3161541	0.5038020	0.1317350	0.0903501	0.3006178	0.3644350	0.1316898	0.1047965	0.2913534	0.3756731	0.1411317	0.0941404
3232988800.1200266	0.3598984	0.4383437	0.0881683	0.1559049	0.3161611	0.5037967	0.1317459	0.0903650	0.3005841	0.3644389	0.1316743	0.1048046	0.2913703	0.3756861	0.1411323	0.0941501
3232988800.1299148	0.3598727	0.4383428	0.0881586	0.1558998	0.3161808	0.5038038	0.1317460	0.0903809	0.3005990	0.3644558	0.1316927	0.1047973	0.2913658	0.3757027	0.1411106	0.0941532
3232988800.1398029	0.3598908	0.4383469	0.0881490	0.1559053	0.3161710	0.5038153	0.1317451	0.0903564	0.3006079	0.3644505	0.1316905	0.1048098	0.2913746	0.3756845	0.1411327	0.0941483
3232988800.1496911	0.3598778	0.4383488	0.0881635	0.1558998	0.3161862	0.5037985	0.1317316	0.0903638	0.3006164	0.3644469	0.1316875	0.1048058	0.2913654	0.3756916	0.1411075	0.0941494
3232988800.1595793	0.3598900	0.4383398	0.0881730	0.1559069	0.3161779	0.5037875	0.1317330	0.0903541	0.3005998	0.3644488	0.1316678	0.1048088	0.2913806	0.3757083	0.1411069	0.0941521
3232988800.1694674	0.3598820	0.4383406	0.0881591	0.1559129	0.3161482	0.5038091	0.1317390	0.0903649	0.3006225	0.3644666	0.1316925	0.1047918	0.2913549	0.3756953	0.1411323	0.0941466
3232988800.1793556	0.3598879	0.4383367	0.0881806	0.1559051	0.3161755	0.5037904	0.1317398	0.0903637	0.3006092	0.3644464	0.1316810	0.1048069	0.2913513	0.3756957	0.1411201	0.0941533
3232988800.1892438	0.3598780	0.4383322	0.0881701	0.1559106	0.3161757	0.5038116	0.1317393	0.0903684	0.3006187	0.3644733	0.1317002	0.1047919	0.2913717	0.3756789	0.1411311	0.0941438
3232988800.1991301	0.3598784	0.4383344	0.0881617	0.1559124	0.3161751	0.5038087	0.1317588	0.0903699	0.3006106	0.3644613	0.1316810	0.1048163	0.2913835	0.3756884	0.1411143	0.0941424
3232988800.2090182	0.3598958	0.4383489	0.0881601	0.1559063	0.3161669	0.5038032	0.1317298	0.0903609	0.3006113	0.3644559	0.1316890	0.1048064	0.2913776	0.3757064	0.1411456	0.0941538
3232988800.2189064	0.3598847	0.4383500	0.0881622	0.1558907	0.3161677	0.5038058	0.1317426	0.0903737	0.3006029	0.3644451	0.1316813	0.1048068	0.2913689	0.3756747	0.1411197	0.0941423
3232988800.2287946	0.3598989	0.4383495	0.0881472	0.1559154	0.3161675	0.5037975	0.1317397	0.0903816	0.3005979	0.3644560	0.1316819	0.1048076	0.2913640	0.3756850	0.1411171	0.0941681
3232988800.2386827	0.3598972	0.4383360	0.0881675	0.1559125	0.3161918	0.5038008	0.1317464	0.0903682	0.3006096	0.3644651	0.1316771	0.1047974	0.2913737	0.3756961	0.1411239	0.0941315
3232988800.2485709	0.3598935	0.4383408	0.0881668	0.1559008	0.3161711	0.5038068	0.1317469	0.0903716	0.3006286	0.3644686	0.1316845	0.1048071	0.2913610	0.3756993	0.1411062	0.0941533
3232988800.2584591	0.3598871	0.4383533	0.0881618	0.1558981	0.3161733	0.5037999	0.1317401	0.0903848	0.3005864	0.3644535	0.1316846	0.1048108	0.2913626	0.3756880	0.1411462	0.0941348
3232988800.2683473	0.3599058	0.4383640	0.0881584	0.1558989	0.3161814	0.5038081	0.1317420	0.0903968	0.3006136	0.3644609	0.1316750	0.1047970	0.2913572	0.3757121	0.1411156	0.0941339
3232988800.2782354	0.3599074	0.4383545	0.0881629	0.1558834	0.3161762	0.5038229	0.1317557	0.0903585	0.3006097	0.3644454	0.1316860	0.1048005	0.2913543	0.3756958	0.1411123	0.0941547
3232988800.2881236	0.3598954	0.4383576	0.0881709	0.1558974	0.3161548	0.5038110	0.1317492	0.0903669	0.3006295	0.3644699	0.1316967	0.1047914	0.2913617	0.3756968	0.1411149	0.0941631
3232988800.2980099	0.3598939	0.4383514	0.0881601	0.1559113	0.3161918	0.5038195	0.1317424	0.0903641	0.3006211	0.3644612	0.1316792	0.1047854	0.2913659	0.3757064	0.1411255	0.0941567
3232988800.3078980	0.3598977	0.4383531	0.0881708	0.1559091	0.3161965	0.5038437	0.1317483	0.0903770	0.3006317	0.3644594	0.1316952	0.1048146	0.2913526	0.3757077	0.1411174	0.0941376
3232988800.3177862	0.3598914	0.4383602	0.0881724	0.1558975	0.3161910	0.5038231	0.1317358	0.0903502	0.3006167	0.3644707	0.1316884	0.1047973	0.2913837	0.3757060	0.1411224	0.0941390
3232988800.3276744	0.3598759	0.4383600	0.0881664	0.1559145	0.3161817	0.5038094	0.1317351	0.0903802	0.3006179	0.3644675	0.1316901	0.1048148	0.2913546	0.3756858	0.1411098	0.0941275
3232988800.3375626	0.3599012	0.4383635	0.0881752	0.1559122	0.3161834	0.5038232	0.1317522	0.0903643	0.3006187	0.3644645	0.1316848	0.1048175	0.2913723	0.3756870	0.1411395	0.0941440
3232988800.3474507	0.3599004	0.4383537	0.0881642	0.1559135	0.3161751	0.5038102	0.1317425	0.0903473	0.3005957	0.3644614	0.1316786	0.1048002	0.2913888	0.3757093	0.1411250	0.0941473
3232988800.3573389	0.3599053	0.4383620	0.0881799	0.1559109	0.3161809	0.5038217	0.1317497	0.0903777	0.3006256	0.3644763	0.1316900	0.1048017	0.2913635	0.3756838	0.1411084	0.0941573
3232988800.3672271	0.3599032	0.4383540	0.0881668	0.1559227	0.3161673	0.5038119	0.1317166	0.0903807	0.3006115	0.3644534	0.1316844	0.1048037	0.2913678	0.3757260	0.1411044	0.0941735
3232988800.3771152	0.3598813	0.4383356	0.0881596	0.1559020	0.3161694	0.5038149	0.1317384	0.0903543	0.3006037	0.3644838	0.1316861	0.1048114	0.2913712	0.3756978	0.1411165	0.0941439
3232988800.3870034	0.3598872	0.4383660	0.0881623	0.1558943	0.3161813	0.5038183	0.1317408	0.0903812	0.3006164	0.3644593	0.1317012	0.1048028	0.2913680	0.3757143	0.1411285	0.0941471
3232988800.3968902	0.3599189	0.4383711	0.0881708	0.1559218	0.3161725	0.5038152	0.1317451	0.0903587	0.3006071	0.3644752	0.1316787	0.1048235	0.2913696	0.3756771	0.1411142	0.0941572
3232988800.4067783	0.3599146	0.4383576	0.0881638	0.1559158	0.3161623	0.5038387	0.1317364	0.0903787	0.3006324	0.3644679	0.1316877	0.1048114	0.2913678	0.3757082	0.1411248	0.0941426
3232988800.4166665	0.3599024	0.4383663	0.0881773	0.1559274	0.3161943	0.5038345	0.1317246	0.0903562	0.3006090	0.3644913	0.1316700	0.1048141	0.2913700	0.3757259	0.1411118	0.0941467
3232988800.4265547	0.3598865	0.4383580	0.0881592	0.1558965	0.3162025	0.5038361	0.1317425	0.0903646	0.3006164	0.3644678	0.1316836	0.1047973	0.2913858	0.3756999	0.1411082	0.0941645
3232988800.4364428	0.3599074	0.4383656	0.0881696	0.1559269	0.3161941	0.5038269	0.1317428	0.0903725	0.3006089	0.3644799	0.1316925	0.1047955	0.2913623	0.3757041	0.1411289	0.0941478
3232988800.4463310	0.3598933	0.4383728	0.0881594	0.1558923	0.3161776	0.5038343	0.1317371	0.0903661	0.3006248	0.3644758	0.1316961	0.1048076	0.2913712	0.3757170	0.1411324	0.0941541
3232988800.4562192	0.3599030	0.4383492	0.0881680	0.1559099	0.3161755	0.5038141	0.1317538	0.0903729	0.3006163	0.3644866	0.1316826	0.1048060	0.2913732	0.3756967	0.1411207	0.0941818
3232988800.4661074	0.3599024	0.4383834	0.0881780	0.1559078	0.3161840	0.5038475	0.1317580	0.0903623	0.3006052	0.3644744	0.1316886	0.1048141	0.2913753	0.3757037	0.1411393	0.0941552
3232988800.4759955	0.3598979	0.4383680	0.0881645	0.1559192	0.3161835	0.5038351	0.1317493	0.0903709	0.3006123	0.3644872	0.1316729	0.1048126	0.2913617	0.3757044	0.1411139	0.0941836
3232988800.4858837	0.3598888	0.4383608	0.0881533	0.1558977	0.3161604	0.5038492	0.1317630	0.0903737	0.3006116	0.3644915	0.1316900	0.1047927	0.2913756	0.3757156	0.1411313	0.0941507
3232988800.4957700	0.3598887	0.4383794	0.0881786	0.1558990	0.3161897	0.5038357	0.1317411	0.0903631	0.3006086	0.3644744	0.1316683	0.1048190	0.2913794	0.3757134	0.1411238	0.0941479
3232988800.5056581	0.3599062	0.4383927	0.0881957	0.1559266	0.3161847	0.5038432	0.1317550	0.0903819	0.3006042	0.3644808	0.1316839	0.1048051	0.2913755	0.3757149	0.1411201	0.0941440
3232988800.5155463	0.3598919	0.4383723	0.0881692	0.1559262	0.3162016	0.5038407	0.1317581	0.0903656	0.3006243	0.3644679	0.1316906	0.1048143	0.2913816	0.3757114	0.1411226	0.0941692
3232988800.5254345	0.3599138	0.4383548	0.0881743	0.1559322	0.3161698	0.5038459	0.1317446	0.0903757	0.3006035	0.3644789	0.1317019	0.1047936	0.2913788	0.3756987	0.1411387	0.0941474
3232988800.5353227	0.3599088	0.4383557	0.0881720	0.1559149	0.3162059	0.5038348	0.1317497	0.0903717	0.3006195	0.3644694	0.1316898	0.1047945	0.2913721	0.3757182	0.1411224	0.0941779
3232988800.5452108	0.3599034	0.4383791	0.0881902	0.1559106	0.3161963	0.5038449	0.1317347	0.0903701	0.3006177	0.3644828	0.1316905	0.1047808	0.2913797	0.3757118	0.1411196	0.0941746
3232988800.5550990	0.3598961	0.4383617	0.0881555	0.1559225	0.3161949	0.5038437	0.1317415	0.0903580	0.3006354	0.3644858	0.1316793	0.1048215	0.2913769	0.3756982	0.1411221	0.0941680
3232988800.5649872	0.3599222	0.4383741	0.0881627	0.1559127	0.3161993	0.5038421	0.1317671	0.0903734	0.3006206	0.3644765	0.1317189	0.1048192	0.2913749	0.3757076	0.1411424	0.0941391
3232988800.5748754	0.3599097	0.4383687	0.0881827	0.1559198	0.3161917	0.5038502	0.1317571	0.0903709	0.3006289	0.3644915	0.1316763	0.1047920	0.2913827	0.3757219	0.1411135	0.0941470
3232988800.5847635	0.3599135	0.4383882	0.0881478	0.1559232	0.3161843	0.5038313	0.1317535	0.0903670	0.3006209	0.3644862	0.1316981	0.1047998	0.2913857	0.3757253	0.1411317	0.0941519
3232988800.5946503	0.3599126	0.4383656	0.0881496	0.1559279	0.3162021	0.5038411	0.1317434	0.0903750	0.3006187	0.3645049	0.1316835	0.1048015	0.2913741	0.3757178	0.1411079	0.0941704
3232988800.6045384	0.3599182	0.4383888	0.0881747	0.1559226	0.3161809	0.5038468	0.1317406	0.0903687	0.3006296	0.3644776	0.1316714	0.1048212	0.2913705	0.3757270	0.1411306	0.0941597
3232988800.6144266	0.3599022	0.4383776	0.0881629	0.1559300	0.3161972	0.5038415	0.1317373	0.0903894	0.3006037	0.3644868	0.1316971	0.1048026	0.2913810	0.3757128	0.1411324	0.0941574
3232988800.6243148	0.3599119	0.4383862	0.0881750	0.1559258	0.3161831	0.5038573	0.1317600	0.0903865	0.3006060	0.3644821	0.1316954	0.1047843	0.2913797	0.3757207	0.1411215	0.0941708
3232988800.6342030	0.3598977	0.4383862	0.0881598	0.1559001	0.3161851	0.5038354	0.1317525	0.0903730	0.3006249	0.3644924	0.1317020	0.1048138	0.2913786	0.3757169	0.1411448	0.0941707
3232988800.6440911	0.3598950	0.4383732	0.0881755	0.1559034	0.3161909	0.5038594	0.1317350	0.0903801	0.3006238	0.3644681	0.1316803	0.1048077	0.2913862	0.3757109	0.1411318	0.0941527
3232988800.6539793	0.3598977	0.4383773	0.0881658	0.1559256	0.3161870	0.5038427	0.1317457	0.0903716	0.3006131	0.3644931	0.1316757	0.1048087	0.2913846	0.3757187	0.1411261	0.0941608
3232988800.6638675	0.3598915	0.4383777	0.0881710	0.1559205	0.3161834	0.5038436	0.1317422	0.0903690	0.3006427	0.3644901	0.1316913	0.1048186	0.2913768	0.3757031	0.1411336	0.0941566
3232988800.6737556	0.3599080	0.4383851	0.0881919	0.1559227	0.3162143	0.5038491	0.1317594	0.0903722	0.3006262	0.3644909	0.1316900	0.1048160	0.2913675	0.3757253	0.1411269	0.0941442
3232988800.6836438	0.3599027	0.4383986	0.0881757	0.1559114	0.3161973	0.5038436	0.1317554	0.0903832	0.3006205	0.3644985	0.1316875	0.1048169	0.2913928	0.3757396	0.1411225	0.0941579
3232988800.6935301	0.3599251	0.4383894	0.0881764	0.1559097	0.3161877	0.5038441	0.1317398	0.0903772	0.3006129	0.3644943	0.1316860	0.1048066	0.2913900	0.3757264	0.1411148	0.0941526
3232988800.7034183	0.3599031	0.4383957	0.0881589	0.1559168	0.3161868	0.5038559	0.1317363	0.0903965	0.3006071	0.3645036	0.1316922	0.1048222	0.2913801	0.3757284	0.1411192	0.0941633
3232988800.7133064	0.3598863	0.4383923	0.0881727	0.1559154	0.3161761	0.5038414	0.1317558	0.0903691	0.3006076	0.3644998	0.1316814	0.1048304	0.2913720	0.3757199	0.1411374	0.0941551
3232988800.7231946	0.3599060	0.4383953	0.0881750	0.1559272	0.3161899	0.5038682	0.1317520	0.0904060	0.3006265	0.3644932	0.1316892	0.1048297	0.2913797	0.3757291	0.1411074	0.0941710
3232988800.7330828	0.3599001	0.4383871	0.0881692	0.1559224	0.3161898	0.5038485	0.1317409	0.0903683	0.3006251	0.3644966	0.1316790	0.1048017	0.2913800	0.3757278	0.1411222	0.0941533
3232988800.7429709	0.3598949	0.4383888	0.0881785	0.1559269	0.3161779	0.5038616	0.1317409	0.0903911	0.3006086	0.3645051	0.1316739	0.1048177	0.2913745	0.3757343	0.1411418	0.0941540
3232988800.7528591	0.3598964	0.4383861	0.0881798	0.1559292	0.3161990	0.5038570	0.1317524	0.0903914	0.3006301	0.3644918	0.1316736	0.1047999	0.2913836	0.3757232	0.1411224	0.0941529
3232988800.7627473	0.3598983	0.4384001	0.0881561	0.1559085	0.3161916	0.5038551	0.1317601	0.0903622	0.3006307	0.3644880	0.1316858	0.1048098	0.2913760	0.3757241	0.1411420	0.0941501
3232988800.7726355	0.3599180	0.4384071	0.0881722	0.1559084	0.3161765	0.5038758	0.1317505	0.0903748	0.3006242	0.3644946	0.1316866	0.1048223	0.2913699	0.3757410	0.1411398	0.0941689
3232988800.7825236	0.3599116	0.4383958	0.0881670	0.1559363	0.3161826	0.5038679	0.1317654	0.0903885	0.3006286	0.3645021	0.1316904	0.1048180	0.2913802	0.3757440	0.1411245	0.0941661
3232988800.7924099	0.3599118	0.4384076	0.0881700	0.1559203	0.3161975	0.5038607	0.1317560	0.0903559	0.3006271	0.3644964	0.1316854	0.1048128	0.2913908	0.3757346	0.1411419	0.0941620
3232988800.8022981	0.3599034	0.4384035	0.0881564	0.1559259	0.3161825	0.5038458	0.1317286	0.0903995	0.3006258	0.3644908	0.1316881	0.1048239	0.2913961	0.3757361	0.1411389	0.0941523
3232988800.8121862	0.3599036	0.4384094	0.0881832	0.1559311	0.3161906	0.5038458	0.1317451	0.0903916	0.3006211	0.3645052	0.1316822	0.1048046	0.2913712	0.3757236	0.1411324	0.0941615
3232988800.8220744	0.3599038	0.4384060	0.0881645	0.1559305	0.3161773	0.5038749	0.1317407	0.0903818	0.3006253	0.3645200	0.1316887	0.1048341	0.2913700	0.3757379	0.1411247	0.0941548
3232988800.8319626	0.3599289	0.4384063	0.0881781	0.1559203	0.3161950	0.5038675	0.1317524	0.0903821	0.3006280	0.3644931	0.1316876	0.1048289	0.2913705	0.3757378	0.1411351	0.0941527
3232988800.8418508	0.3599207	0.4384001	0.0881731	0.1559177	0.3161847	0.5038851	0.1317523	0.0903635	0.3006086	0.3645079	0.1316914	0.1048196	0.2913592	0.3757457	0.1411263	0.0941689
3232988800.8517389	0.3598960	0.4383913	0.0881739	0.1559333	0.3161856	0.5038655	0.1317515	0.0903597	0.3006264	0.3644907	0.1316900	0.1048156	0.2913834	0.3757571	0.1411408	0.0941662
3232988800.8616271	0.3599102	0.4384015	0.0881643	0.1559337	0.3161993	0.5038654	0.1317523	0.0903820	0.3006158	0.3645000	0.1316870	0.1048103	0.2913820	0.3757343	0.1411304	0.0941590
3232988800.8715153	0.3599315	0.4383938	0.0881616	0.1559133	0.3161922	0.5038692	0.1317550	0.0903696	0.3006182	0.3645095	0.1317006	0.1048183	0.2913750	0.3757134	0.1411369	0.0941696
3232988800.8814034	0.3599284	0.4384075	0.0881779	0.1559389	0.3161876	0.5038772	0.1317383	0.0903958	0.3006369	0.3645036	0.1316963	0.1048062	0.2913843	0.3757509	0.1411238	0.0941574
3232988800.8912902	0.3599187	0.4384072	0.0881721	0.1559242	0.3162003	0.5038853	0.1317473	0.0903873	0.3006269	0.3645189	0.1316818	0.1048196	0.2913885	0.3757340	0.1411298	0.0941677
3232988800.9011784	0.3599082	0.4384094	0.0881795	0.1559335	0.3161892	0.5038767	0.1317405	0.0903753	0.3006323	0.3645046	0.1316945	0.1048076	0.2913818	0.3757423	0.1411313	0.0941364
3232988800.9110665	0.3598989	0.4383978	0.0881586	0.1559203	0.3161941	0.5038635	0.1317329	0.0903786	0.3006394	0.3644988	0.1316898	0.1048256	0.2913778	0.3757398	0.1411400	0.0941624
3232988800.9209547	0.3598974	0.4384078	0.0881760	0.1559264	0.3161824	0.5038848	0.1317512	0.0903635	0.3005943	0.3645120	0.1316848	0.1047988	0.2913805	0.3757311	0.1411282	0.0941603
3232988800.9308429	0.3599255	0.4384228	0.0881578	0.1559186	0.3161850	0.5038781	0.1317399	0.0903861	0.3006175	0.3645059	0.1316946	0.1048095	0.2913751	0.3757439	0.1411333	0.0941718
3232988800.9407310	0.3598954	0.4384134	0.0881796	0.1559171	0.3161893	0.5038950	0.1317481	0.0903819	0.3006301	0.3645019	0.1317009	0.1048098	0.2913920	0.3757324	0.1411127	0.0941566
3232988800.9506192	0.3599154	0.4384114	0.0881779	0.1559251	0.3162138	0.5038771	0.1317451	0.0903709	0.3006318	0.3645159	0.1316915	0.1048277	0.2913756	0.3757378	0.1411457	0.0941722
3232988800.9605074	0.3599068	0.4384168	0.0881840	0.1559326	0.3161909	0.5038789	0.1317455	0.0903781	0.3006367	0.3645202	0.1316841	0.1048168	0.2913998	0.3757426	0.1411209	0.0941660
3232988800.9703956	0.3598990	0.4384126	0.0881697	0.1559252	0.3162037	0.5038877	0.1317444	0.0903668	0.3006155	0.3645082	0.1316831	0.1048280	0.2913663	0.3757477	0.1411452	0.0941508
3232988800.9802837	0.3599101	0.4384143	0.0881719	0.1559345	0.3162035	0.5039019	0.1317454	0.0903995	0.3006352	0.3645087	0.1316766	0.1048264	0.2913607	0.3757511	0.1411367	0.0941598
3232988800.9901700	0.3599290	0.4384208	0.0881817	0.1559298	0.3161990	0.5038905	0.1317395	0.0903987	0.3006101	0.3645246	0.1316945	0.1048191	0.2913782	0.3757486	0.1411252	0.0941574
3232988801.0000582	0.3599074	0.4384301	0.0881654	0.1559250	0.3161979	0.5038882	0.1317432	0.0903870	0.3006160	0.3645235	0.1316809	0.1048311	0.2913775	0.3757439	0.1411277	0.0941627
3232988801.0099463	0.3598969	0.4384299	0.0881699	0.1559199	0.3161834	0.5038783	0.1317433	0.0903789	0.3006184	0.3645279	0.1316987	0.1048017	0.2913836	0.3757387	0.1411210	0.0941712
3232988801.0198345	0.3599231	0.4384070	0.0881635	0.1559131	0.3161945	0.5039008	0.1317457	0.0903940	0.3006157	0.3645186	0.1316842	0.1048321	0.2913844	0.3757390	0.1411217	0.0941437
3232988801.0297227	0.3599036	0.4384112	0.0881630	0.1559310	0.3161917	0.5038813	0.1317477	0.0903787	0.3006249	0.3645341	0.1316983	0.1048091	0.2913670	0.3757526	0.1411271	0.0941783
3232988801.0396109	0.3599019	0.4384100	0.0881601	0.1559596	0.3161999	0.5038829	0.1317339	0.0903850	0.3006316	0.3645209	0.1317042	0.1048252	0.2913978	0.3757482	0.1411386	0.0941534
3232988801.0494990	0.3599300	0.4384240	0.0881942	0.1559254	0.3162110	0.5038830	0.1317614	0.0903733	0.3006233	0.3645210	0.1316845	0.1048076	0.2913937	0.3757505	0.1411148	0.0941737
3232988801.0593872	0.3599122	0.4384268	0.0881469	0.1559365	0.3162173	0.5038930	0.1317578	0.0903913	0.3006273	0.3645010	0.1317016	0.1048327	0.2913854	0.3757559	0.1411359	0.0941555
3232988801.0692754	0.3599105	0.4384262	0.0881452	0.1559308	0.3161823	0.5038820	0.1317701	0.0903831	0.3006194	0.3645191	0.1316780	0.1048142	0.2913858	0.3757355	0.1411169	0.0941668
3232988801.0791635	0.3599210	0.4384114	0.0881756	0.1559227	0.3161816	0.5039018	0.1317285	0.0903883	0.3006355	0.3645087	0.1316970	0.1048043	0.2913968	0.3757701	0.1411308	0.0941785
3232988801.0890503	0.3599208	0.4384209	0.0881641	0.1559342	0.3161956	0.5038866	0.1317457	0.0903899	0.3006382	0.3645166	0.1316971	0.1048194	0.2913858	0.3757543	0.1411364	0.0941593
3232988801.0989385	0.3599357	0.4384284	0.0881724	0.1559221	0.3161984	0.5039275	0.1317564	0.0903872	0.3006388	0.3645239	0.1316979	0.1048191	0.2914088	0.3757400	0.1411303	0.0941735
3232988801.1088266	0.3599136	0.4384271	0.0881889	0.1559303	0.3161949	0.5038877	0.1317404	0.0903994	0.3006454	0.3645310	0.1317093	0.1048143	0.2913753	0.3757624	0.1411209	0.0941670
3232988801.1187148	0.3599214	0.4384231	0.0881656	0.1559238	0.3161862	0.5038957	0.1317449	0.0903785	0.3006149	0.3645374	0.1316931	0.1048180	0.2913771	0.3757564	0.1411374	0.0941499
3232988801.1286030	0.3599110	0.4384341	0.0881610	0.1559508	0.3161950	0.5039001	0.1317405	0.0903852	0.3006225	0.3645301	0.1316845	0.1048028	0.2913746	0.3757654	0.1411250	0.0941640
3232988801.1384912	0.3599065	0.4384330	0.0881609	0.1559264	0.3161952	0.5038878	0.1317460	0.0903751	0.3006282	0.3645291	0.1316947	0.1048182	0.2914043	0.3757682	0.1411194	0.0941451
3232988801.1483793	0.3599217	0.4384062	0.0881676	0.1559376	0.3161983	0.5039050	0.1317476	0.0903917	0.3006307	0.3645110	0.1316732	0.1048176	0.2914002	0.3757487	0.1411291	0.0941552
3232988801.1582675	0.3599076	0.4384328	0.0881763	0.1559197	0.3161896	0.5039079	0.1317561	0.0903777	0.3006204	0.3645449	0.1316818	0.1048161	0.2913895	0.3757640	0.1411406	0.0941795
3232988801.1681557	0.3599021	0.4384224	0.0881698	0.1559423	0.3162117	0.5039072	0.1317588	0.0903900	0.3006251	0.3645265	0.1316909	0.1048368	0.2913998	0.3757635	0.1411277	0.0941722
3232988801.1780438	0.3599137	0.4384297	0.0881669	0.1559234	0.3161905	0.5038829	0.1317418	0.0903862	0.3006212	0.3645138	0.1316914	0.1048285	0.2913914	0.3757707	0.1411450	0.0941629
3232988801.1879301	0.3599172	0.4384468	0.0881535	0.1559387	0.3161872	0.5038915	0.1317696	0.0903789	0.3006375	0.3645392	0.1316953	0.1048346	0.2913725	0.3757540	0.1411100	0.0941519
3232988801.1978183	0.3599104	0.4384361	0.0881657	0.1559377	0.3161982	0.5039290	0.1317527	0.0903885	0.3006151	0.3645387	0.1316940	0.1048305	0.2913816	0.3757750	0.1411250	0.0941523
3232988801.2077064	0.3599094	0.4384264	0.0881650	0.1559414	0.3162038	0.5039021	0.1317413	0.0903899	0.3006133	0.3645360	0.1316743	0.1048110	0.2913735	0.3757664	0.1411331	0.0941669
3232988801.2175946	0.3598949	0.4384159	0.0881702	0.1559346	0.3161891	0.5039148	0.1317434	0.0903798	0.3006156	0.3645174	0.1316979	0.1048305	0.2913753	0.3757766	0.1411222	0.0941767
3232988801.2274828	0.3599225	0.4384452	0.0881622	0.1559435	0.3161839	0.5038910	0.1317269	0.0903739	0.3006338	0.3645101	0.1316949	0.1048158	0.2913712	0.3757544	0.1411185	0.0941516
3232988801.2373710	0.3599188	0.4384596	0.0881869	0.1559399	0.3161916	0.5039046	0.1317607	0.0903985	0.3006101	0.3645415	0.1317035	0.1048115	0.2913728	0.3757573	0.1411339	0.0941761
3232988801.2472591	0.3599133	0.4384423	0.0881695	0.1559383	0.3161739	0.5039259	0.1317489	0.0903835	0.3006326	0.3645306	0.1316877	0.1048134	0.2913938	0.3757480	0.1411173	0.0941782
3232988801.2571473	0.3599279	0.4384439	0.0881734	0.1559434	0.3161917	0.5039328	0.1317452	0.0903963	0.3006222	0.3645392	0.1316876	0.1048139	0.2913813	0.3757602	0.1411213	0.0941763
3232988801.2670355	0.3599138	0.4384249	0.0881622	0.1559413	0.3161978	0.5039079	0.1317529	0.0903825	0.3006233	0.3645485	0.1316998	0.1048013	0.2913843	0.3757749	0.1411291	0.0941843
3232988801.2769237	0.3599072	0.4384141	0.0881880	0.1559276	0.3161938	0.5039096	0.1317611	0.0903947	0.3006493	0.3645357	0.1316784	0.1048081	0.2913826	0.3757741	0.1411163	0.0941403
3232988801.2868099	0.3599052	0.4384420	0.0881740	0.1559343	0.3161932	0.5038870	0.1317498	0.0903780	0.3006343	0.3645223	0.1316909	0.1048058	0.2913657	0.3757748	0.1411188	0.0941728
3232988801.2966981	0.3599195	0.4384413	0.0881802	0.1559246	0.3161993	0.5039081	0.1317427	0.0903839	0.3006239	0.3645371	0.1316706	0.1048242	0.2913829	0.3757763	0.1411238	0.0941613
3232988801.3065863	0.3599123	0.4384168	0.0881755	0.1559456	0.3161868	0.5039034	0.1317507	0.0903896	0.3006462	0.3645334	0.1316758	0.1048040	0.2913736	0.3757818	0.1411210	0.0941752
3232988801.3164744	0.3599177	0.4384216	0.0881794	0.1559364	0.3161896	0.5039134	0.1317626	0.0903851	0.3006302	0.3645379	0.1316789	0.1048181	0.2913820	0.3757587	0.1411268	0.0941700
3232988801.3263626	0.3599292	0.4384525	0.0881935	0.1559326	0.3161888	0.5038712	0.1317447	0.0903962	0.3006367	0.3645404	0.1316875	0.1048180	0.2913814	0.3757734	0.1411296	0.0941732
3232988801.3362508	0.3599139	0.4384238	0.0881663	0.1559225	0.3161992	0.5039065	0.1317561	0.0903870	0.3006241	0.3645384	0.1316930	0.1048240	0.2913860	0.3757769	0.1411221	0.0941915
3232988801.3461390	0.3599119	0.4384262	0.0881733	0.1559306	0.3161938	0.5039052	0.1317479	0.0903868	0.3006310	0.3645607	0.1316956	0.1048383	0.2913915	0.3757814	0.1411324	0.0941725
3232988801.3560271	0.3599311	0.4384249	0.0881643	0.1559384	0.3161853	0.5039131	0.1317506	0.0903853	0.3006151	0.3645468	0.1316941	0.1048251	0.2913974	0.3757725	0.1411360	0.0941716
3232988801.3659153	0.3599003	0.4384441	0.0881568	0.1559463	0.3162017	0.5039245	0.1317309	0.0903902	0.3006257	0.3645609	0.1316956	0.1048195	0.2913863	0.3757939	0.1411306	0.0941753
3232988801.3758035	0.3599116	0.4384284	0.0881593	0.1559483	0.3162109	0.5039336	0.1317611	0.0903845	0.3006301	0.3645375	0.1316775	0.1048350	0.2913856	0.3757755	0.1411462	0.0941656
3232988801.3856902	0.3599003	0.4384381	0.0881642	0.1559376	0.3161944	0.5038957	0.1317544	0.0903838	0.3006328	0.3645536	0.1316728	0.1048277	0.2913844	0.3757934	0.1411116	0.0941775
3232988801.3955784	0.3598994	0.4384285	0.0881704	0.1559274	0.3161901	0.5039296	0.1317429	0.0903797	0.3006272	0.3645483	0.1316814	0.1048122	0.2913865	0.3757594	0.1411257	0.0941753
3232988801.4054666	0.3599344	0.4384506	0.0881557	0.1559419	0.3161990	0.5039276	0.1317463	0.0903916	0.3006295	0.3645552	0.1317002	0.1048194	0.2913888	0.3757804	0.1411392	0.0941647
3232988801.4153547	0.3599350	0.4384546	0.0881693	0.1559459	0.3162052	0.5039159	0.1317428	0.0903907	0.3006401	0.3645412	0.1316865	0.1048313	0.2913918	0.3757696	0.1411281	0.0941708
3232988801.4252429	0.3599214	0.4384620	0.0881607	0.1559413	0.3162088	0.5039392	0.1317475	0.0903952	0.3006348	0.3645451	0.1316922	0.1048062	0.2913840	0.3757670	0.1411444	0.0941664
3232988801.4351311	0.3599016	0.4384572	0.0881580	0.1559441	0.3161784	0.5039275	0.1317551	0.0903868	0.3006256	0.3645587	0.1316888	0.1048373	0.2913969	0.3757719	0.1411333	0.0941798
3232988801.4450192	0.3599337	0.4384621	0.0881490	0.1559298	0.3162056	0.5039403	0.1317561	0.0903824	0.3006243	0.3645559	0.1316813	0.1048243	0.2913895	0.3757868	0.1411338	0.0941588
3232988801.4549074	0.3599285	0.4384663	0.0881539	0.1559511	0.3161877	0.5039329	0.1317601	0.0903939	0.3006196	0.3645585	0.1316921	0.1048300	0.2913905	0.3757606	0.1411288	0.0941646
3232988801.4647956	0.3599098	0.4384441	0.0881852	0.1559438	0.3161994	0.5039518	0.1317485	0.0903895	0.3006358	0.3645595	0.1316739	0.1048162	0.2913910	0.3758059	0.1411381	0.0941599
3232988801.4746838	0.3599312	0.4384539	0.0881862	0.1559680	0.3161960	0.5039459	0.1317545	0.0903844	0.3006347	0.3645435	0.1316707	0.1048367	0.2913974	0.3757930	0.1411297	0.0941847
3232988801.4845700	0.3599048	0.4384725	0.0881743	0.1559299	0.3161798	0.5039378	0.1317500	0.0903764	0.3006443	0.3645415	0.1316860	0.1048121	0.2913781	0.3757930	0.1411166	0.0941607
3232988801.4944582	0.3599128	0.4384660	0.0881671	0.1559369	0.3161936	0.5039530	0.1317431	0.0903869	0.3006260	0.3645437	0.1316920	0.1048398	0.2913842	0.3757877	0.1411471	0.0941847
3232988801.5043464	0.3599122	0.4384750	0.0881483	0.1559494	0.3161974	0.5039320	0.1317397	0.0903817	0.3006174	0.3645418	0.1316828	0.1048256	0.2913869	0.3757835	0.1411285	0.0941643
3232988801.5142345	0.3598950	0.4384596	0.0881727	0.1559516	0.3162098	0.5039404	0.1317427	0.0903900	0.3006250	0.3645705	0.1316800	0.1048414	0.2913876	0.3757816	0.1411162	0.0941750
3232988801.5241227	0.3599116	0.4384635	0.0881779	0.1559452	0.3161963	0.5039443	0.1317581	0.0903925	0.3006225	0.3645564	0.1316964	0.1048272	0.2913819	0.3757927	0.1411214	0.0941762
3232988801.5340109	0.3599120	0.4384552	0.0881736	0.1559451	0.3162053	0.5039209	0.1317356	0.0904003	0.3006325	0.3645616	0.1316747	0.1048426	0.2913883	0.3757774	0.1411330	0.0941773
3232988801.5438991	0.3599051	0.4384478	0.0881608	0.1559357	0.3161727	0.5039429	0.1317514	0.0903862	0.3006245	0.3645651	0.1316881	0.1048124	0.2913757	0.3758110	0.1411407	0.0941719
3232988801.5537872	0.3599126	0.4384623	0.0881844	0.1559449	0.3161787	0.5039432	0.1317419	0.0903933	0.3006177	0.3645887	0.1316931	0.1048198	0.2913832	0.3757765	0.1411299	0.0941889
3232988801.5636754	0.3598949	0.4384666	0.0881747	0.1559270	0.3161829	0.5039517	0.1317434	0.0904065	0.3006157	0.3645621	0.1316941	0.1048278	0.2913954	0.3757823	0.1411171	0.0941686
3232988801.5735636	0.3599222	0.4384752	0.0881680	0.1559424	0.3161938	0.5039442	0.1317431	0.0904130	0.3006298	0.3645760	0.1316850	0.1048301	0.2914086	0.3757963	0.1411341	0.0941857
3232988801.5834503	0.3599176	0.4384898	0.0881804	0.1559587	0.3161902	0.5039465	0.1317446	0.0903909	0.3006284	0.3645595	0.1316871	0.1048176	0.2913966	0.3757854	0.1411332	0.0941786
3232988801.5933385	0.3599158	0.4384668	0.0881746	0.1559506	0.3161887	0.5039384	0.1317478	0.0903986	0.3006438	0.3645668	0.1316980	0.1048261	0.2914001	0.3757815	0.1411224	0.0941864
3232988801.6032267	0.3599193	0.4384702	0.0881686	0.1559478	0.3161882	0.5039431	0.1317434	0.0903849	0.3005881	0.3645455	0.1316981	0.1048481	0.2913915	0.3757904	0.1411256	0.0941508
3232988801.6131148	0.3599280	0.4384668	0.0881629	0.1559441	0.3161972	0.5039531	0.1317367	0.0904157	0.3006267	0.3645655	0.1316898	0.1048382	0.2913844	0.3758016	0.1411332	0.0941880
3232988801.6230030	0.3599138	0.4384687	0.0881689	0.1559487	0.3162007	0.5039633	0.1317435	0.0904025	0.3006184	0.3645663	0.1317004	0.1048262	0.2913989	0.3757898	0.1411454	0.0941659
3232988801.6328912	0.3599296	0.4384724	0.0881686	0.1559529	0.3162087	0.5039479	0.1317439	0.0904087	0.3006250	0.3645843	0.1316953	0.1048393	0.2914031	0.3758080	0.1411485	0.0941835
3232988801.6427793	0.3599297	0.4384656	0.0881697	0.1559538	0.3161925	0.5039560	0.1317602	0.0903900	0.3006206	0.3645552	0.1316877	0.1048475	0.2913864	0.3757733	0.1411094	0.0941777
3232988801.6526675	0.3599073	0.4384703	0.0881538	0.1559498	0.3162017	0.5039412	0.1317422	0.0903915	0.3006378	0.3645548	0.1316905	0.1048189	0.2913913	0.3757809	0.1411284	0.0941740
3232988801.6625557	0.3599134	0.4384742	0.0881691	0.1559423	0.3161846	0.5039421	0.1317563	0.0903895	0.3006223	0.3645531	0.1317104	0.1048374	0.2914099	0.3757949	0.1411233	0.0941806
3232988801.6724439	0.3599231	0.4384690	0.0881853	0.1559761	0.3161931	0.5039420	0.1317720	0.0903793	0.3006208	0.3645755	0.1316719	0.1048440	0.2913691	0.3757862	0.1411428	0.0941845
3232988801.6823301	0.3599044	0.4384783	0.0881840	0.1559681	0.3162035	0.5039594	0.1317605	0.0903938	0.3006234	0.3645485	0.1316877	0.1048290	0.2913772	0.3757963	0.1411347	0.0941818
3232988801.6922183	0.3599195	0.4384707	0.0881792	0.1559440	0.3161751	0.5039397	0.1317536	0.0904005	0.3006442	0.3645635	0.1316882	0.1048168	0.2913993	0.3757973	0.1411312	0.0941720
3232988801.7021065	0.3599081	0.4384569	0.0881532	0.1559574	0.3162028	0.5039507	0.1317352	0.0903852	0.3006266	0.3645592	0.1316697	0.1048143	0.2913882	0.3757844	0.1411345	0.0941661
3232988801.7119946	0.3599124	0.4384583	0.0881599	0.1559446	0.3161940	0.5039473	0.1317508	0.0903918	0.3006202	0.3645623	0.1316854	0.1048277	0.2913766	0.3758042	0.1411341	0.0941698
3232988801.7218828	0.3599206	0.4384724	0.0881726	0.1559430	0.3161899	0.5039466	0.1317494	0.0903930	0.3006100	0.3645682	0.1317158	0.1048342	0.2913799	0.3757951	0.1411380	0.0941799
3232988801.7317710	0.3599185	0.4384987	0.0881802	0.1559578	0.3162100	0.5039535	0.1317606	0.0903966	0.3006415	0.3645676	0.1316989	0.1048415	0.2913818	0.3758031	0.1411227	0.0941812
3232988801.7416592	0.3598863	0.4384613	0.0881623	0.1559342	0.3161968	0.5039518	0.1317500	0.0903874	0.3006237	0.3645700	0.1316858	0.1048388	0.2913778	0.3758070	0.1411218	0.0941552
3232988801.7515473	0.3599065	0.4384844	0.0881729	0.1559726	0.3161820	0.5039453	0.1317581	0.0903832	0.3006282	0.3645668	0.1317048	0.1048402	0.2913881	0.3758051	0.1411293	0.0941715
3232988801.7614355	0.3598960	0.4384572	0.0881690	0.1559551	0.3161836	0.5039485	0.1317508	0.0903889	0.3006282	0.3645552	0.1316883	0.1048401	0.2913888	0.3757964	0.1411296	0.0941747
3232988801.7713237	0.3599083	0.4384787	0.0881526	0.1559596	0.3161908	0.5039607	0.1317584	0.0903808	0.3006267	0.3645625	0.1316934	0.1048429	0.2913706	0.3757997	0.1411261	0.0941767
3232988801.7812099	0.3599134	0.4384745	0.0881612	0.1559696	0.3161893	0.5039483	0.1317374	0.0903885	0.3006203	0.3645761	0.1316909	0.1048321	0.2913901	0.3757953	0.1411302	0.0941677
3232988801.7910981	0.3599044	0.4384796	0.0881756	0.1559400	0.3161981	0.5039610	0.1317602	0.0904072	0.3006377	0.3645658	0.1316729	0.1048300	0.2913747	0.3757974	0.1411409	0.0941882
3232988801.8009863	0.3599208	0.4384760	0.0881724	0.1559519	0.3161996	0.5039716	0.1317505	0.0903906	0.3006370	0.3645631	0.1316972	0.1048431	0.2913814	0.3757979	0.1411201	0.0941571
3232988801.8108745	0.3599185	0.4384706	0.0881770	0.1559560	0.3161777	0.5039578	0.1317392	0.0904048	0.3006289	0.3645687	0.1316760	0.1048251	0.2913837	0.3758040	0.1411216	0.0941731
3232988801.8207626	0.3599048	0.4384530	0.0881631	0.1559339	0.3161831	0.5039430	0.1317386	0.0903889	0.3006282	0.3645687	0.1316997	0.1048279	0.2913793	0.3757860	0.1411411	0.0941851
3232988801.8306508	0.3599348	0.4384739	0.0881646	0.1559660	0.3161895	0.5039423	0.1317418	0.0903929	0.3006178	0.3645503	0.1316936	0.1048297	0.2913612	0.3758138	0.1411266	0.0941856
3232988801.8405390	0.3599237	0.4384819	0.0881776	0.1559527	0.3162042	0.5039569	0.1317492	0.0903896	0.3006330	0.3645687	0.1316876	0.1048325	0.2913858	0.3758022	0.1411289	0.0941799
3232988801.8504271	0.3599180	0.4384789	0.0881486	0.1559609	0.3161850	0.5039466	0.1317585	0.0904024	0.3006366	0.3645536	0.1316946	0.1048370	0.2913974	0.3757961	0.1411432	0.0941821
3232988801.8603153	0.3599140	0.4384573	0.0881655	0.1559466	0.3161817	0.5039488	0.1317523	0.0903830	0.3006314	0.3645571	0.1316807	0.1048327	0.2913660	0.3757819	0.1411286	0.0941657
3232988801.8702035	0.3599197	0.4384963	0.0881674	0.1559374	0.3162019	0.5039534	0.1317445	0.0903821	0.3006083	0.3645638	0.1316844	0.1048452	0.2913867	0.3758105	0.1411364	0.0941820
3232988801.8800902	0.3599316	0.4384747	0.0881690	0.1559620	0.3161973	0.5039607	0.1317593	0.0904072	0.3006218	0.3645790	0.1316783	0.1048283	0.2913729	0.3757966	0.1411232	0.0941646
3232988801.8899784	0.3599240	0.4384740	0.0881785	0.1559534	0.3161730	0.5039419	0.1317498	0.0904207	0.3006244	0.3645707	0.1317023	0.1048429	0.2913973	0.3758048	0.1411371	0.0941622
3232988801.8998666	0.3599284	0.4384807	0.0881724	0.1559575	0.3161992	0.5039424	0.1317487	0.0904073	0.3006315	0.3645600	0.1316909	0.1048322	0.2913907	0.3757807	0.1411275	0.0941913
3232988801.9097548	0.3599121	0.4384586	0.0881702	0.1559412	0.3161916	0.5039537	0.1317473	0.0903966	0.3006207	0.3645596	0.1316856	0.1048368	0.2913736	0.3758007	0.1411394	0.0941651
3232988801.9196429	0.3599003	0.4384717	0.0881782	0.1559557	0.3161945	0.5039649	0.1317423	0.0903977	0.3006330	0.3645648	0.1316869	0.1048333	0.2913793	0.3757896	0.1411130	0.0941641
3232988801.9295311	0.3599100	0.4384780	0.0881523	0.1559571	0.3161858	0.5039525	0.1317423	0.0903948	0.3006306	0.3645467	0.1317002	0.1048208	0.2913910	0.3757805	0.1411307	0.0941815
3232988801.9394193	0.3599278	0.4384718	0.0881727	0.1559660	0.3161944	0.5039420	0.1317454	0.0904019	0.3006269	0.3645745	0.1316976	0.1048352	0.2913822	0.3757969	0.1411340	0.0941788
3232988801.9493074	0.3599204	0.4384686	0.0881760	0.1559503	0.3161882	0.5039550	0.1317546	0.0903890	0.3006385	0.3645709	0.1316819	0.1048259	0.2913759	0.3757987	0.1411502	0.0941719
3232988801.9591956	0.3599289	0.4384719	0.0881592	0.1559496	0.3161959	0.5039614	0.1317465	0.0903722	0.3006331	0.3645643	0.1317036	0.1048307	0.2913881	0.3758062	0.1411327	0.0941761
3232988801.9690838	0.3599070	0.4384725	0.0881765	0.1559358	0.3161822	0.5039492	0.1317476	0.0904013	0.3006275	0.3645705	0.1316972	0.1048423	0.2913713	0.3758039	0.1411153	0.0941606
3232988801.9789700	0.3599123	0.4384856	0.0881503	0.1559492	0.3161872	0.5039546	0.1317536	0.0903821	0.3006259	0.3645749	0.1316945	0.1048360	0.2913784	0.3757872	0.1411257	0.0941928
3232988801.9888582	0.3599127	0.4384630	0.0881759	0.1559398	0.3161846	0.5039573	0.1317594	0.0904041	0.3006195	0.3645573	0.1316832	0.1048195	0.2913708	0.3758015	0.1411280	0.0941717
3232988801.9987464	0.3599328	0.4384753	0.0881716	0.1559545	0.3162068	0.5039634	0.1317553	0.0904011	0.3006286	0.3645675	0.1316930	0.1048334	0.2913733	0.3758109	0.1411267	0.0941687
3232988802.0086346	0.3599010	0.4384720	0.0881795	0.1559343	0.3162007	0.5039581	0.1317727	0.0903901	0.3006142	0.3645610	0.1316862	0.1048277	0.2913981	0.3757732	0.1411085	0.0941806
3232988802.0185227	0.3598829	0.4384591	0.0881645	0.1559579	0.3161937	0.5039529	0.1317498	0.0903917	0.3006162	0.3645748	0.1316698	0.1048258	0.2913922	0.3758128	0.1411204	0.0941831
3232988802.0284109	0.3599116	0.4384666	0.0881644	0.1559430	0.3161867	0.5039573	0.1317464	0.0903926	0.3006215	0.3645636	0.1316874	0.1048275	0.2913820	0.3758159	0.1411378	0.0941653
3232988802.0382991	0.3599106	0.4384791	0.0881574	0.1559493	0.3161912	0.5039546	0.1317468	0.0903832	0.3006167	0.3645612	0.1316812	0.1048290	0.2913748	0.3758025	0.1411286	0.0941696
3232988802.0481873	0.3599151	0.4384780	0.0881667	0.1559645	0.3161947	0.5039645	0.1317660	0.0903940	0.3006143	0.3645745	0.1316780	0.1048328	0.2913827	0.3757942	0.1411199	0.0941836
3232988802.0580754	0.3599140	0.4384843	0.0881703	0.1559588	0.3161917	0.5039575	0.1317552	0.0903828	0.3006104	0.3645715	0.1316942	0.1048377	0.2913750	0.3758057	0.1411296	0.0941821
3232988802.0679636	0.3599109	0.4384653	0.0881602	0.1559518	0.3161924	0.5039543	0.1317433	0.0904137	0.3006265	0.3645548	0.1316916	0.1048355	0.2913739	0.3757943	0.1411473	0.0941931
3232988802.0778499	0.3599120	0.4384774	0.0881627	0.1559528	0.3161985	0.5039600	0.1317487	0.0903652	0.3006228	0.3645594	0.1316819	0.1048321	0.2913780	0.3758064	0.1411185	0.0941898
3232988802.0877380	0.3599221	0.4384847	0.0881640	0.1559336	0.3161805	0.5039437	0.1317412	0.0903915	0.3006270	0.3645753	0.1316877	0.1048208	0.2913746	0.3758128	0.1411314	0.0941741
3232988802.0976262	0.3599164	0.4384795	0.0881791	0.1559663	0.3162033	0.5039520	0.1317376	0.0903959	0.3006159	0.3645615	0.1316900	0.1048225	0.2913711	0.3757765	0.1411340	0.0941711
3232988802.1075144	0.3599031	0.4384827	0.0881645	0.1559432	0.3161978	0.5039573	0.1317605	0.0903830	0.3006263	0.3645663	0.1316932	0.1048262	0.2913665	0.3758081	0.1411319	0.0941858
3232988802.1174026	0.3599181	0.4384842	0.0881768	0.1559550	0.3161815	0.5039578	0.1317372	0.0904073	0.3006325	0.3645862	0.1316861	0.1048277	0.2913968	0.3758096	0.1411335	0.0941829
3232988802.1272907	0.3599039	0.4384790	0.0881649	0.1559583	0.3161878	0.5039455	0.1317531	0.0903788	0.3006259	0.3645637	0.1316949	0.1048462	0.2913742	0.3757972	0.1411214	0.0941897
3232988802.1371789	0.3599022	0.4384704	0.0881631	0.1559591	0.3161866	0.5039506	0.1317378	0.0903966	0.3006127	0.3645590	0.1316967	0.1048377	0.2913847	0.3757990	0.1411340	0.0941828
3232988802.1470671	0.3599110	0.4384816	0.0881757	0.1559366	0.3161938	0.5039561	0.1317591	0.0903867	0.3006099	0.3645794	0.1316863	0.1048333	0.2913672	0.3757884	0.1411476	0.0941946
3232988802.1569552	0.3599122	0.4384765	0.0881879	0.1559681	0.3161841	0.5039619	0.1317468	0.0903939	0.3006336	0.3645775	0.1316677	0.1048306	0.2913791	0.3757989	0.1411425	0.0941733
3232988802.1668434	0.3599159	0.4384636	0.0881740	0.1559427	0.3161837	0.5039614	0.1317437	0.0903818	0.3006234	0.3645704	0.1316867	0.1048296	0.2913543	0.3757828	0.1411150	0.0941764
3232988802.1767302	0.3599242	0.4384726	0.0881777	0.1559406	0.3161726	0.5039537	0.1317482	0.0903840	0.3006194	0.3645687	0.1316909	0.1048361	0.2913642	0.3758072	0.1411218	0.0941810
3232988802.1866183	0.3599048	0.4384778	0.0881621	0.1559527	0.3161901	0.5039698	0.1317397	0.0903935	0.3006113	0.3645717	0.1316851	0.1048225	0.2913757	0.3758055	0.1411180	0.0941773
3232988802.1965065	0.3599128	0.4385095	0.0881534	0.1559526	0.3161899	0.5039641	0.1317694	0.0903781	0.3006177	0.3645838	0.1316864	0.1048302	0.2913726	0.3758229	0.1411331	0.0941668
3232988802.2063947	0.3599133	0.4384767	0.0881552	0.1559568	0.3161885	0.5039562	0.1317652	0.0904044	0.3006242	0.3645821	0.1316880	0.1048185	0.2913655	0.3758113	0.1411167	0.0941813
3232988802.2162828	0.3599172	0.4384776	0.0881648	0.1559556	0.3162145	0.5039450	0.1317338	0.0903910	0.3006035	0.3645854	0.1317092	0.1048349	0.2913662	0.3758075	0.1411213	0.0941665
3232988802.2261710	0.3599194	0.4384721	0.0881565	0.1559412	0.3161826	0.5039668	0.1317453	0.0903933	0.3006112	0.3645640	0.1316752	0.1048196	0.2913849	0.3757999	0.1411439	0.0941803
3232988802.2360592	0.3599039	0.4384985	0.0881689	0.1559483	0.3161830	0.5039482	0.1317286	0.0903918	0.3006225	0.3645678	0.1316808	0.1048356	0.2913715	0.3757899	0.1411218	0.0941750
3232988802.2459474	0.3598913	0.4384644	0.0881764	0.1559539	0.3161978	0.5039624	0.1317427	0.0903748	0.3006060	0.3645625	0.1316957	0.1048423	0.2913744	0.3757981	0.1411273	0.0941870
3232988802.2558355	0.3599034	0.4384914	0.0881701	0.1559442	0.3161896	0.5039680	0.1317530	0.0903964	0.3006132	0.3645571	0.1316884	0.1048273	0.2913640	0.3758015	0.1411418	0.0941821
3232988802.2657237	0.3599055	0.4384953	0.0881660	0.1559398	0.3162032	0.5039750	0.1317457	0.0904037	0.3006065	0.3645770	0.1316759	0.1048382	0.2913757	0.3757891	0.1411208	0.0941796
3232988802.2756100	0.3599038	0.4384813	0.0881719	0.1559377	0.3161823	0.5039681	0.1317569	0.0903850	0.3006194	0.3645831	0.1316929	0.1048291	0.2913794	0.3757994	0.1411174	0.0941811
3232988802.2854981	0.3598919	0.4384838	0.0881744	0.1559469	0.3161818	0.5039543	0.1317381	0.0903774	0.3006074	0.3645669	0.1316874	0.1048329	0.2913746	0.3758135	0.1411224	0.0941848
3232988802.2953863	0.3598978	0.4384861	0.0881671	0.1559555	0.3161762	0.5039541	0.1317319	0.0903843	0.3006093	0.3645643	0.1316807	0.1048203	0.2913662	0.3758006	0.1411268	0.0941673
3232988802.3052745	0.3598925	0.4384953	0.0881692	0.1559566	0.3161783	0.5039352	0.1317247	0.0903852	0.3006089	0.3645704	0.1316782	0.1048107	0.2913669	0.3758204	0.1411123	0.0941827
3232988802.3151627	0.3599097	0.4384892	0.0881694	0.1559477	0.3161857	0.5039681	0.1317351	0.0903964	0.3006227	0.3645543	0.1316860	0.1048410	0.2913818	0.3758072	0.1411359	0.0941648
3232988802.3250508	0.3598968	0.4384743	0.0881715	0.1559488	0.3161875	0.5039550	0.1317459	0.0904051	0.3006170	0.3645623	0.1316962	0.1048231	0.2913652	0.3757968	0.1411242	0.0941789
3232988802.3349390	0.3598798	0.4384756	0.0881633	0.1559305	0.3161858	0.5039486	0.1317425	0.0904042	0.3006115	0.3645828	0.1316882	0.1048439	0.2913696	0.3757876	0.1411323	0.0941729
3232988802.3448272	0.3598881	0.4384795	0.0881605	0.1559297	0.3161768	0.5039638	0.1317438	0.0903956	0.3006179	0.3645622	0.1316889	0.1048287	0.2913691	0.3757927	0.1411314	0.0941919
3232988802.3547153	0.3598891	0.4384807	0.0881678	0.1559526	0.3161752	0.5039637	0.1317370	0.0904058	0.3006121	0.3645745	0.1316962	0.1048454	0.2913714	0.3757992	0.1411284	0.0941723
3232988802.3646035	0.3598867	0.4384856	0.0881558	0.1559489	0.3161782	0.5039576	0.1317399	0.0904100	0.3006223	0.3645886	0.1316946	0.1048338	0.2913848	0.3758045	0.1411346	0.0941740
3232988802.3744903	0.3599151	0.4384844	0.0881570	0.1559568	0.3161777	0.5039604	0.1317450	0.0903821	0.3006067	0.3645878	0.1316773	0.1048408	0.2913940	0.3758064	0.1411029	0.0941871
3232988802.3843784	0.3598928	0.4384983	0.0881680	0.1559692	0.3161774	0.5039470	0.1317381	0.0903957	0.3005998	0.3645753	0.1317073	0.1048291	0.2913792	0.3757966	0.1411352	0.0941859
3232988802.3942666	0.3599015	0.4384826	0.0881789	0.1559637	0.3161700	0.5039605	0.1317459	0.0903776	0.3006217	0.3645875	0.1316687	0.1048427	0.2913655	0.3757891	0.1411180	0.0941901
3232988802.4041548	0.3599056	0.4384924	0.0881554	0.1559515	0.3161767	0.5039685	0.1317405	0.0904019	0.3006076	0.3645661	0.1317025	0.1048293	0.2913809	0.3758147	0.1411305	0.0941714
3232988802.4140429	0.3599140	0.4384883	0.0881601	0.1559658	0.3161822	0.5039865	0.1317503	0.0903997	0.3006174	0.3645729	0.1316699	0.1048362	0.2913670	0.3758184	0.1411219	0.0941851
3232988802.4239311	0.3598911	0.4384840	0.0881785	0.1559518	0.3161813	0.5039607	0.1317478	0.0904148	0.3006136	0.3645635	0.1316884	0.1048343	0.2913796	0.3758027	0.1411294	0.0941858
3232988802.4338193	0.3598939	0.4384876	0.0881719	0.1559577	0.3162013	0.5039762	0.1317609	0.0904028	0.3006213	0.3645971	0.1317059	0.1048376	0.2913925	0.3758177	0.1411331	0.0941656
3232988802.4437075	0.3598897	0.4384760	0.0881611	0.1559298	0.3161768	0.5039539	0.1317432	0.0903966	0.3006202	0.3645710	0.1316757	0.1048398	0.2913646	0.3758071	0.1411227	0.0941680
3232988802.4535956	0.3599025	0.4384973	0.0881627	0.1559545	0.3161906	0.5039641	0.1317517	0.0903939	0.3006219	0.3645703	0.1316740	0.1048289	0.2913605	0.3758032	0.1411167	0.0941759
3232988802.4634838	0.3598824	0.4384875	0.0881549	0.1559657	0.3161769	0.5039688	0.1317514	0.0903834	0.3006052	0.3645780	0.1316752	0.1048494	0.2913795	0.3758224	0.1411216	0.0941944
3232988802.4733701	0.3598909	0.4384869	0.0881793	0.1559437	0.3161805	0.5039808	0.1317456	0.0904053	0.3006169	0.3645616	0.1316695	0.1048494	0.2913771	0.3758133	0.1411127	0.0941734
3232988802.4832582	0.3598943	0.4384906	0.0881571	0.1559731	0.3161827	0.5039549	0.1317534	0.0903976	0.3006266	0.3645732	0.1317033	0.1048483	0.2913839	0.3758067	0.1411217	0.0941797
3232988802.4931464	0.3598832	0.4384741	0.0881743	0.1559613	0.3161650	0.5039673	0.1317609	0.0903886	0.3006093	0.3645817	0.1316839	0.1048159	0.2913599	0.3758006	0.1411352	0.0941692
3232988802.5030346	0.3598761	0.4384910	0.0881732	0.1559449	0.3161754	0.5039630	0.1317347	0.0903940	0.3005971	0.3645666	0.1316781	0.1048245	0.2913529	0.3758026	0.1411169	0.0941823
3232988802.5129228	0.3598729	0.4384790	0.0881685	0.1559535	0.3161696	0.5039563	0.1317328	0.0903798	0.3006222	0.3645808	0.1316729	0.1048454	0.2913661	0.3758089	0.1411226	0.0941969
3232988802.5228109	0.3598926	0.4384872	0.0881696	0.1559785	0.3161756	0.5039845	0.1317647	0.0903951	0.3006014	0.3645654	0.1316935	0.1048347	0.2913704	0.3758182	0.1411375	0.0941695
3232988802.5326991	0.3598973	0.4384704	0.0881832	0.1559498	0.3161872	0.5039725	0.1317610	0.0904024	0.3006266	0.3645893	0.1316972	0.1048360	0.2913666	0.3758231	0.1411255	0.0941711
3232988802.5425873	0.3599012	0.4384989	0.0881677	0.1559489	0.3161873	0.5039646	0.1317475	0.0904024	0.3005927	0.3645720	0.1316836	0.1048280	0.2913686	0.3758093	0.1411170	0.0941756
3232988802.5524755	0.3598894	0.4384874	0.0881715	0.1559537	0.3161679	0.5039601	0.1317433	0.0903905	0.3006186	0.3645797	0.1316796	0.1048179	0.2913621	0.3757969	0.1411177	0.0941842
3232988802.5623636	0.3598907	0.4384863	0.0881589	0.1559358	0.3161962	0.5039564	0.1317270	0.0904023	0.3006133	0.3645777	0.1316853	0.1048477	0.2913646	0.3758054	0.1411120	0.0941667
3232988802.5722499	0.3598999	0.4384875	0.0881441	0.1559503	0.3161660	0.5039705	0.1317493	0.0903744	0.3006052	0.3645600	0.1316924	0.1048186	0.2913750	0.3758052	0.1411276	0.0941744
3232988802.5821381	0.3599014	0.4384962	0.0881666	0.1559578	0.3161697	0.5039533	0.1317391	0.0903987	0.3006146	0.3645635	0.1316840	0.1048521	0.2913704	0.3758068	0.1411385	0.0941689
3232988802.5920262	0.3598978	0.4384776	0.0881369	0.1559676	0.3161723	0.5039622	0.1317437	0.0904005	0.3006135	0.3645777	0.1316570	0.1048283	0.2913563	0.3758070	0.1411165	0.0941899
3232988802.6019144	0.3598971	0.4384654	0.0881703	0.1559607	0.3161823	0.5039847	0.1317416	0.0904022	0.3006247	0.3645731	0.1316775	0.1048301	0.2913772	0.3757983	0.1411460	0.0941881
3232988802.6118026	0.3598915	0.4384770	0.0881669	0.1559504	0.3161736	0.5039657	0.1317295	0.0903870	0.3006175	0.3645861	0.1316764	0.1048376	0.2913640	0.3758250	0.1411240	0.0941720
3232988802.6216907	0.3598910	0.4384734	0.0881565	0.1559588	0.3161813	0.5039635	0.1317435	0.0903944	0.3006209	0.3645920	0.1316840	0.1048113	0.2913786	0.3758168	0.1411280	0.0941870
3232988802.6315789	0.3598868	0.4384881	0.0881648	0.1559594	0.3161746	0.5039613	0.1317463	0.0904050	0.3006166	0.3645694	0.1316891	0.1048306	0.2913742	0.3758060	0.1411342	0.0941877
3232988802.6414671	0.3598761	0.4385051	0.0881681	0.1559405	0.3161768	0.5039516	0.1317085	0.0903796	0.3006142	0.3645780	0.1316626	0.1048525	0.2913693	0.3757973	0.1411351	0.0941825
3232988802.6513553	0.3598846	0.4384922	0.0881701	0.1559563	0.3161890	0.5039670	0.1317326	0.0903877	0.3006120	0.3645935	0.1316858	0.1048349	0.2913859	0.3758231	0.1411176	0.0941734
3232988802.6612434	0.3598728	0.4384925	0.0881686	0.1559432	0.3161650	0.5039483	0.1317362	0.0904023	0.3006065	0.3645736	0.1316705	0.1048301	0.2913614	0.3758070	0.1411177	0.0941813
3232988802.6711302	0.3598936	0.4384863	0.0881500	0.1559698	0.3161583	0.5039473	0.1317108	0.0903938	0.3006202	0.3645905	0.1316851	0.1048387	0.2913640	0.3758154	0.1411243	0.0941875
3232988802.6810184	0.3598994	0.4384926	0.0881695	0.1559529	0.3161681	0.5039614	0.1317472	0.0903742	0.3006176	0.3645741	0.1316695	0.1048231	0.2913751	0.3758164	0.1411111	0.0941785
3232988802.6909065	0.3598844	0.4384876	0.0881709	0.1559450	0.3161837	0.5039705	0.1317549	0.0904041	0.3006077	0.3645665	0.1316913	0.1048314	0.2913891	0.3758006	0.1411307	0.0941776
3232988802.7007947	0.3598803	0.4384895	0.0881784	0.1559548	0.3161849	0.5039719	0.1317267	0.0903959	0.3006380	0.3645751	0.1316888	0.1048306	0.2913620	0.3758101	0.1411172	0.0941908
3232988802.7106829	0.3598837	0.4384738	0.0881651	0.1559269	0.3161683	0.5039623	0.1317417	0.0903976	0.3006052	0.3645566	0.1316816	0.1048282	0.2913874	0.3758012	0.1411414	0.0941761
3232988802.7205710	0.3598892	0.4384851	0.0881507	0.1559754	0.3161628	0.5039664	0.1317499	0.0903904	0.3006091	0.3645596	0.1316856	0.1048273	0.2913597	0.3758097	0.1411183	0.0941783
3232988802.7304592	0.3599018	0.4384888	0.0881492	0.1559441	0.3161784	0.5039688	0.1317215	0.0903847	0.3006053	0.3645812	0.1316886	0.1048332	0.2913604	0.3757838	0.1411251	0.0941818
3232988802.7403474	0.3598824	0.4384820	0.0881701	0.1559496	0.3161810	0.5039563	0.1317457	0.0904011	0.3006162	0.3645654	0.1316790	0.1048330	0.2913703	0.3758158	0.1411394	0.0941803
3232988802.7502356	0.3599054	0.4384803	0.0881800	0.1559469	0.3161583	0.5039698	0.1317558	0.0903780	0.3006109	0.3645899	0.1316706	0.1048363	0.2913423	0.3757896	0.1411285	0.0941620
3232988802.7601237	0.3598889	0.4384759	0.0881475	0.1559837	0.3161643	0.5039637	0.1317414	0.0903926	0.3006031	0.3645643	0.1316760	0.1048409	0.2913561	0.3757915	0.1411248	0.0941766
3232988802.7700100	0.3598971	0.4384789	0.0881484	0.1559369	0.3161701	0.5039731	0.1317276	0.0903902	0.3006113	0.3645647	0.1316946	0.1048215	0.2913766	0.3757956	0.1411154	0.0941752
3232988802.7798982	0.3599016	0.4384980	0.0881517	0.1559557	0.3161567	0.5039591	0.1317460	0.0903952	0.3006109	0.3645846	0.1316937	0.1048176	0.2913481	0.3757945	0.1411201	0.0941664
3232988802.7897863	0.3598923	0.4384786	0.0881674	0.1559423	0.3161764	0.5039736	0.1317476	0.0904023	0.3006071	0.3645627	0.1316755	0.1048363	0.2913688	0.3757959	0.1411206	0.0941791
3232988802.7996745	0.3598770	0.4384847	0.0881809	0.1559675	0.3161699	0.5039509	0.1317442	0.0904019	0.3006072	0.3645761	0.1316726	0.1048203	0.2913593	0.3758106	0.1411309	0.0941918
3232988802.8095627	0.3598900	0.4384970	0.0881524	0.1559655	0.3161842	0.5039536	0.1317532	0.0903972	0.3006022	0.3645722	0.1316917	0.1048261	0.2913704	0.3758014	0.1411241	0.0941846
3232988802.8194509	0.3598764	0.4384883	0.0881615	0.1559477	0.3161635	0.5039688	0.1317444	0.0903819	0.3006091	0.3645714	0.1316713	0.1048320	0.2913563	0.3757934	0.1411135	0.0941810
3232988802.8293390	0.3598844	0.4384676	0.0881520	0.1559570	0.3161832	0.5039561	0.1317540	0.0903933	0.3006112	0.3645558	0.1316784	0.1048205	0.2913871	0.3758130	0.1411146	0.0941707
3232988802.8392272	0.3598920	0.4384748	0.0881655	0.1559595	0.3161910	0.5039532	0.1317464	0.0903977	0.3005819	0.3645569	0.1316898	0.1048360	0.2913498	0.3758061	0.1411337	0.0941886
3232988802.8491154	0.3598965	0.4384795	0.0881706	0.1559500	0.3161587	0.5039288	0.1317531	0.0903888	0.3005868	0.3645929	0.1316707	0.1048329	0.2913631	0.3757908	0.1411321	0.0941725
3232988802.8590035	0.3598915	0.4384850	0.0881764	0.1559591	0.3161754	0.5039600	0.1317423	0.0903873	0.3006248	0.3645765	0.1316780	0.1048386	0.2913645	0.3757887	0.1411207	0.0941795
3232988802.8688903	0.3598729	0.4384720	0.0881762	0.1559441	0.3161498	0.5039413	0.1317333	0.0903980	0.3006119	0.3645783	0.1316821	0.1048214	0.2913738	0.3758111	0.1411241	0.0941672
3232988802.8787785	0.3598814	0.4384662	0.0881633	0.1559370	0.3161723	0.5039466	0.1317262	0.0903820	0.3006026	0.3645577	0.1316958	0.1048223	0.2913710	0.3757999	0.1411100	0.0941768
3232988802.8886666	0.3598890	0.4384705	0.0881733	0.1559531	0.3161708	0.5039479	0.1317409	0.0903734	0.3006144	0.3645549	0.1316805	0.1048385	0.2913642	0.3757962	0.1411375	0.0941785
3232988802.8985548	0.3598757	0.4384694	0.0881728	0.1559541	0.3161813	0.5039591	0.1317411	0.0904069	0.3006026	0.3645813	0.1316934	0.1048420	0.2913817	0.3757891	0.1411200	0.0941757
3232988802.9084430	0.3598879	0.4384626	0.0881638	0.1559399	0.3161755	0.5039645	0.1317479	0.0903695	0.3006049	0.3645686	0.1316949	0.1048284	0.2913625	0.3758031	0.1411090	0.0941644
3232988802.9183311	0.3598635	0.4384569	0.0881600	0.1559391	0.3161590	0.5039516	0.1317391	0.0903886	0.3005997	0.3645719	0.1316855	0.1048399	0.2913563	0.3757946	0.1410995	0.0941811
3232988802.9282193	0.3598900	0.4384706	0.0881573	0.1559506	0.3161685	0.5039497	0.1317371	0.0903909	0.3006025	0.3645711	0.1316768	0.1048258	0.2913612	0.3757800	0.1411238	0.0941943
3232988802.9381075	0.3598816	0.4384536	0.0881691	0.1559603	0.3161647	0.5039529	0.1317422	0.0903826	0.3005915	0.3645513	0.1316750	0.1048245	0.2913531	0.3758024	0.1411225	0.0941787
3232988802.9479957	0.3598973	0.4384703	0.0881662	0.1559651	0.3161648	0.5039411	0.1317439	0.0903945	0.3006226	0.3645413	0.1316911	0.1048243	0.2913578	0.3758015	0.1411326	0.0941804
3232988802.9578838	0.3598956	0.4384846	0.0881760	0.1559628	0.3161623	0.5039442	0.1317479	0.0903898	0.3006002	0.3645675	0.1317032	0.1048395	0.2913776	0.3758001	0.1411353	0.0941730
3232988802.9677701	0.3598767	0.4384686	0.0881594	0.1559349	0.3161640	0.5039617	0.1317411	0.0903877	0.3006109	0.3645683	0.1316665	0.1048283	0.2913766	0.3758048	0.1411048	0.0941969
3232988802.9776583	0.3598691	0.4384582	0.0881595	0.1559363	0.3161602	0.5039549	0.1317342	0.0903892	0.3005900	0.3645543	0.1316692	0.1048244	0.2913720	0.3757997	0.1411278	0.0941695
3232988802.9875464	0.3598895	0.4384569	0.0881474	0.1559517	0.3161658	0.5039414	0.1317437	0.0903951	0.3005960	0.3645517	0.1316821	0.1048223	0.2913733	0.3758084	0.1411241	0.0941819
3232988802.9974346	0.3598935	0.4384717	0.0881660	0.1559443	0.3161783	0.5039513	0.1317431	0.0904012	0.3006082	0.3645570	0.1316800	0.1048284	0.2913614	0.3758065	0.1411314	0.0941738
3232988803.0073228	0.3598971	0.4384803	0.0881989	0.1559572	0.3161743	0.5039423	0.1317607	0.0903953	0.3006021	0.3645509	0.1316925	0.1048245	0.2913537	0.3757936	0.1411251	0.0941726
3232988803.0172110	0.3598883	0.4384815	0.0881676	0.1559398	0.3161593	0.5039383	0.1317444	0.0903862	0.3006061	0.3645462	0.1316767	0.1048284	0.2913593	0.3757884	0.1411166	0.0941639
3232988803.0270991	0.3598923	0.4384772	0.0881808	0.1559567	0.3161646	0.5039388	0.1317304	0.0903937	0.3006010	0.3645795	0.1316962	0.1048478	0.2913579	0.3758028	0.1411154	0.0941763
3232988803.0369873	0.3598943	0.4384680	0.0881712	0.1559364	0.3161740	0.5039626	0.1317353	0.0903792	0.3005975	0.3645394	0.1316803	0.1048248	0.2913586	0.3757838	0.1411148	0.0941704
3232988803.0468755	0.3598864	0.4384567	0.0881469	0.1559492	0.3161731	0.5039549	0.1317443	0.0903959	0.3005958	0.3645351	0.1316783	0.1048332	0.2913480	0.3757849	0.1410944	0.0941663
3232988803.0567636	0.3598977	0.4384627	0.0881708	0.1559341	0.3161725	0.5039358	0.1317315	0.0903788	0.3006082	0.3645762	0.1316948	0.1048190	0.2913413	0.3757707	0.1411303	0.0941739
3232988803.0666499	0.3598833	0.4384625	0.0881543	0.1559345	0.3161778	0.5039614	0.1317307	0.0903890	0.3006071	0.3645561	0.1316801	0.1048227	0.2913532	0.3758120	0.1411380	0.0941602
3232988803.0765381	0.3598883	0.4384584	0.0881544	0.1559598	0.3161662	0.5039516	0.1317345	0.0903862	0.3006120	0.3645732	0.1316825	0.1048238	0.2913685	0.3757836	0.1411357	0.0941577
3232988803.0864263	0.3598844	0.4384535	0.0881542	0.1559442	0.3161654	0.5039471	0.1317249	0.0903964	0.3005943	0.3645480	0.1316809	0.1048288	0.2913622	0.3757911	0.1411330	0.0941760
3232988803.0963144	0.3598858	0.4384546	0.0881725	0.1559314	0.3161725	0.5039503	0.1317340	0.0903894	0.3006107	0.3645555	0.1316819	0.1048375	0.2913606	0.3757901	0.1411242	0.0941812
3232988803.1062026	0.3599001	0.4384814	0.0881546	0.1559535	0.3161747	0.5039533	0.1317349	0.0904004	0.3006139	0.3645708	0.1316875	0.1048437	0.2913599	0.3757823	0.1411424	0.0941878
3232988803.1160908	0.3598991	0.4384666	0.0881766	0.1559476	0.3161921	0.5039266	0.1317431	0.0903855	0.3006028	0.3645516	0.1316798	0.1048258	0.2913604	0.3758021	0.1411210	0.0941811
3232988803.1259789	0.3598799	0.4384714	0.0881521	0.1559485	0.3161629	0.5039435	0.1317418	0.0904083	0.3006140	0.3645527	0.1316835	0.1048347	0.2913561	0.3757991	0.1411217	0.0941624
3232988803.1358671	0.3598887	0.4384750	0.0881534	0.1559697	0.3161563	0.5039296	0.1317227	0.0904013	0.3005960	0.3645507	0.1316794	0.1048300	0.2913641	0.3757801	0.1411192	0.0941864
3232988803.1457553	0.3598807	0.4384628	0.0881740	0.1559395	0.3161757	0.5039264	0.1317426	0.0903671	0.3006089	0.3645631	0.1316843	0.1048265	0.2913594	0.3758004	0.1411235	0.0941565
3232988803.1556435	0.3598989	0.4384477	0.0881767	0.1559472	0.3161689	0.5039516	0.1317404	0.0903959	0.3006212	0.3645541	0.1316789	0.1048213	0.2913708	0.3757939	0.1411185	0.0941647
3232988803.1655302	0.3598883	0.4384776	0.0881594	0.1559623	0.3161723	0.5039291	0.1317504	0.0903932	0.3006070	0.3645451	0.1316670	0.1048419	0.2913630	0.3757785	0.1411314	0.0941797
3232988803.1754184	0.3598842	0.4384578	0.0881844	0.1559457	0.3161783	0.5039447	0.1317433	0.0904043	0.3006178	0.3645563	0.1316819	0.1048111	0.2913440	0.3758013	0.1411179	0.0941596
3232988803.1853065	0.3598823	0.4384552	0.0881569	0.1559640	0.3161745	0.5039288	0.1317457	0.0903768	0.3005939	0.3645561	0.1316774	0.1048261	0.2913668	0.3757913	0.1411164	0.0941632
3232988803.1951947	0.3598893	0.4384568	0.0881715	0.1559373	0.3161611	0.5039052	0.1317323	0.0903952	0.3006031	0.3645450	0.1316883	0.1048265	0.2913550	0.3757782	0.1411170	0.0941633
3232988803.2050829	0.3598943	0.4384546	0.0881510	0.1559375	0.3161852	0.5039296	0.1317251	0.0903929	0.3006094	0.3645680	0.1316818	0.1048284	0.2913623	0.3757840	0.1411207	0.0941803
3232988803.2149711	0.3598897	0.4384474	0.0881772	0.1559393	0.3161684	0.5039339	0.1317530	0.0903972	0.3006116	0.3645348	0.1316855	0.1048276	0.2913720	0.3758050	0.1411200	0.0941636
3232988803.2248592	0.3598982	0.4384778	0.0881762	0.1559538	0.3161927	0.5039427	0.1317434	0.0903773	0.3005987	0.3645498	0.1316838	0.1048354	0.2913649	0.3757740	0.1411108	0.0941744
3232988803.2347474	0.3598877	0.4384506	0.0881669	0.1559474	0.3161604	0.5039371	0.1317453	0.0903992	0.3006239	0.3645436	0.1316710	0.1048229	0.2913709	0.3757832	0.1411135	0.0941641
3232988803.2446356	0.3598632	0.4384606	0.0881661	0.1559647	0.3161626	0.5039330	0.1317411	0.0903806	0.3006134	0.3645679	0.1316849	0.1048215	0.2913555	0.3757939	0.1411152	0.0941741
3232988803.2545238	0.3598818	0.4384510	0.0881624	0.1559216	0.3161680	0.5039294	0.1317559	0.0903842	0.3006140	0.3645351	0.1316796	0.1048187	0.2913470	0.3757899	0.1411193	0.0941733
3232988803.2644100	0.3598900	0.4384780	0.0881641	0.1559505	0.3161726	0.5039354	0.1317349	0.0903898	0.3006005	0.3645612	0.1316744	0.1048125	0.2913558	0.3757719	0.1411276	0.0941951
3232988803.2742982	0.3598994	0.4384704	0.0881564	0.1559395	0.3161545	0.5039424	0.1317328	0.0904052	0.3006010	0.3645492	0.1316680	0.1048358	0.2913549	0.3757961	0.1411269	0.0941513
3232988803.2841864	0.3598902	0.4384487	0.0881780	0.1559501	0.3161687	0.5039317	0.1317381	0.0903989	0.3005992	0.3645687	0.1316802	0.1048319	0.2913747	0.3758030	0.1410961	0.0941825
3232988803.2940745	0.3598898	0.4384467	0.0881477	0.1559601	0.3161599	0.5039158	0.1317429	0.0903773	0.3006039	0.3645643	0.1316781	0.1048189	0.2913603	0.3757831	0.1411062	0.0941656
3232988803.3039627	0.3598834	0.4384550	0.0881724	0.1559472	0.3161599	0.5039319	0.1317108	0.0903928	0.3005911	0.3645374	0.1316756	0.1048253	0.2913466	0.3757676	0.1411240	0.0941714
3232988803.3138509	0.3598712	0.4384709	0.0881651	0.1559472	0.3161481	0.5039183	0.1317399	0.0903839	0.3005852	0.3645533	0.1316957	0.1048311	0.2913713	0.3757701	0.1411166	0.0941746
3232988803.3237390	0.3598816	0.4384731	0.0881559	0.1559557	0.3161887	0.5039236	0.1317318	0.0903819	0.3005989	0.3645345	0.1316828	0.1048233	0.2913399	0.3757850	0.1411180	0.0941499
3232988803.3336272	0.3598978	0.4384466	0.0881712	0.1559332	0.3161790	0.5039397	0.1317280	0.0903931	0.3005937	0.3645519	0.1316709	0.1048414	0.2913458	0.3757802	0.1411079	0.0941783
3232988803.3435154	0.3598807	0.4384537	0.0881770	0.1559280	0.3161553	0.5039286	0.1317335	0.0904016	0.3006006	0.3645469	0.1316989	0.1048296	0.2913683	0.3757952	0.1411116	0.0941800
3232988803.3534036	0.3598939	0.4384347	0.0881478	0.1559455	0.3161664	0.5039207	0.1317306	0.0903869	0.3005982	0.3645462	0.1316653	0.1048213	0.2913795	0.3757883	0.1411150	0.0941782
3232988803.3632903	0.3598921	0.4384671	0.0881547	0.1559347	0.3161588	0.5039299	0.1317280	0.0903814	0.3006076	0.3645473	0.1316776	0.1048206	0.2913644	0.3757982	0.1411229	0.0941593
3232988803.3731785	0.3598669	0.4384573	0.0881697	0.1559417	0.3161737	0.5039376	0.1317424	0.0903761	0.3005924	0.3645504	0.1316861	0.1048213	0.2913561	0.3757613	0.1411187	0.0941825
3232988803.3830667	0.3598780	0.4384728	0.0881666	0.1559565	0.3161588	0.5039270	0.1317344	0.0903884	0.3005921	0.3645511	0.1316916	0.1048170	0.2913534	0.3757681	0.1411159	0.0941679
3232988803.3929548	0.3598878	0.4384420	0.0881556	0.1559432	0.3161851	0.5039173	0.1317460	0.0903870	0.3006060	0.3645489	0.1316857	0.1048285	0.2913558	0.3757763	0.1411089	0.0941865
3232988803.4028430	0.3598873	0.4384620	0.0881579	0.1559364	0.3161761	0.5039163	0.1317303	0.0903810	0.3005883	0.3645582	0.1316861	0.1048149	0.2913642	0.3757824	0.1411346	0.0941711
3232988803.4127312	0.3598778	0.4384470	0.0881493	0.1559444	0.3161961	0.5039373	0.1317337	0.0903752	0.3006039	0.3645664	0.1316807	0.1048145	0.2913597	0.3757658	0.1411071	0.0941792
3232988803.4226193	0.3598974	0.4384561	0.0881544	0.1559387	0.3161790	0.5039474	0.1317453	0.0904013	0.3006174	0.3645518	0.1316902	0.1048192	0.2913309	0.3757650	0.1411257	0.0941611
3232988803.4325075	0.3598871	0.4384570	0.0881603	0.1559459	0.3161659	0.5039311	0.1317395	0.0903713	0.3005877	0.3645556	0.1316913	0.1048290	0.2913812	0.3757798	0.1411210	0.0941938
3232988803.4423957	0.3598831	0.4384752	0.0881712	0.1559334	0.3161660	0.5039385	0.1317393	0.0903700	0.3006099	0.3645543	0.1316745	0.1048323	0.2913650	0.3757800	0.1410940	0.0941686
3232988803.4522839	0.3598873	0.4384534	0.0881675	0.1559486	0.3161605	0.5039245	0.1317443	0.0903849	0.3005951	0.3645648	0.1316797	0.1048397	0.2913696	0.3757794	0.1411125	0.0941723
3232988803.4621701	0.3598822	0.4384516	0.0881549	0.1559374	0.3161676	0.5039183	0.1317345	0.0903910	0.3005841	0.3645577	0.1316981	0.1048331	0.2913667	0.3757734	0.1411141	0.0941826
3232988803.4720583	0.3598863	0.4384584	0.0881587	0.1559603	0.3161749	0.5039251	0.1317413	0.0903933	0.3006162	0.3645528	0.1316831	0.1048387	0.2913604	0.3757705	0.1411341	0.0941822
3232988803.4819465	0.3598879	0.4384449	0.0881859	0.1559503	0.3161772	0.5039456	0.1317319	0.0903883	0.3005944	0.3645593	0.1316857	0.1048234	0.2913720	0.3757890	0.1411183	0.0941748
3232988803.4918346	0.3598852	0.4384895	0.0881622	0.1559365	0.3161666	0.5039372	0.1317462	0.0903894	0.3005953	0.3645399	0.1316868	0.1048362	0.2913671	0.3757776	0.1411142	0.0941711
3232988803.5017228	0.3598852	0.4384525	0.0881613	0.1559436	0.3161680	0.5039448	0.1317489	0.0903974	0.3006083	0.3645475	0.1316703	0.1048295	0.2913713	0.3757822	0.1411117	0.0941791
3232988803.5116110	0.3598789	0.4384578	0.0881717	0.1559217	0.3161756	0.5039260	0.1317348	0.0903916	0.3006142	0.3645402	0.1316888	0.1048142	0.2913585	0.3757868	0.1411233	0.0941491
3232988803.5214992	0.3599026	0.4384542	0.0881604	0.1559334	0.3161608	0.5039475	0.1317411	0.0903609	0.3005950	0.3645394	0.1316690	0.1048133	0.2913697	0.3757726	0.1411210	0.0941662
3232988803.5313873	0.3598972	0.4384404	0.0881628	0.1559459	0.3161744	0.5039449	0.1317436	0.0904181	0.3006107	0.3645489	0.1316688	0.1048469	0.2913669	0.3757691	0.1411126	0.0941902
3232988803.5412755	0.3598624	0.4384503	0.0881625	0.1559244	0.3161558	0.5039243	0.1317473	0.0903866	0.3006000	0.3645500	0.1316792	0.1048353	0.2913514	0.3757928	0.1411265	0.0941834
3232988803.5511637	0.3598767	0.4384589	0.0881753	0.1559442	0.3161792	0.5039409	0.1317391	0.0904015	0.3006015	0.3645491	0.1316859	0.1048050	0.2913619	0.3757719	0.1411317	0.0941613
3232988803.5610499	0.3598882	0.4384408	0.0881568	0.1559475	0.3161436	0.5039205	0.1317331	0.0903934	0.3006035	0.3645671	0.1316828	0.1048233	0.2913486	0.3757861	0.1411189	0.0941696
3232988803.5709381	0.3598724	0.4384566	0.0881601	0.1559484	0.3161577	0.5039331	0.1317308	0.0903923	0.3005967	0.3645541	0.1316863	0.1048400	0.2913555	0.3757818	0.1411277	0.0941714
3232988803.5808263	0.3598853	0.4384706	0.0881605	0.1559328	0.3161826	0.5039431	0.1317559	0.0903928	0.3006047	0.3645596	0.1316787	0.1048183	0.2913564	0.3757928	0.1411166	0.0941769
3232988803.5907145	0.3598863	0.4384620	0.0881618	0.1559349	0.3161633	0.5039350	0.1317527	0.0903844	0.3006059	0.3645621	0.1316940	0.1048260	0.2913498	0.3758100	0.1411114	0.0941632
3232988803.6006026	0.3598804	0.4384636	0.0881674	0.1559408	0.3161609	0.5039311	0.1317392	0.0904031	0.3006122	0.3645520	0.1316737	0.1048239	0.2913791	0.3757832	0.1411031	0.0941676
3232988803.6104908	0.3598759	0.4384671	0.0881689	0.1559371	0.3161658	0.5039449	0.1317507	0.0903996	0.3006035	0.3645707	0.1316730	0.1048245	0.2913623	0.3757933	0.1411143	0.0941803
3232988803.6203790	0.3598632	0.4384718	0.0881729	0.1559460	0.3161741	0.5039314	0.1317332	0.0903970	0.3006210	0.3645403	0.1316767	0.1048237	0.2913544	0.3757880	0.1411140	0.0941623
3232988803.6302671	0.3598720	0.4384442	0.0881703	0.1559403	0.3161444	0.5039359	0.1317396	0.0903914	0.3005951	0.3645581	0.1316850	0.1048168	0.2913503	0.3757878	0.1411253	0.0941904
3232988803.6401553	0.3598616	0.4384686	0.0881442	0.1559439	0.3161701	0.5039215	0.1317247	0.0904024	0.3006049	0.3645470	0.1316784	0.1048175	0.2913632	0.3757864	0.1411159	0.0941790
3232988803.6500435	0.3599236	0.4384709	0.0881513	0.1559580	0.3161715	0.5039472	0.1317428	0.0903936	0.3006122	0.3645463	0.1316762	0.1048250	0.2913582	0.3757997	0.1411123	0.0941647
3232988803.6599302	0.3598940	0.4384822	0.0881605	0.1559325	0.3161614	0.5039365	0.1317327	0.0903992	0.3006053	0.3645562	0.1316902	0.1048302	0.2913761	0.3758051	0.1411106	0.0941771
3232988803.6698184	0.3598677	0.4384658	0.0881739	0.1559371	0.3161784	0.5039478	0.1317444	0.0903737	0.3005903	0.3645534	0.1316829	0.1048239	0.2913703	0.3757851	0.1411123	0.0941622
3232988803.6797066	0.3598918	0.4384830	0.0881714	0.1559550	0.3161578	0.5039488	0.1317374	0.0903988	0.3006060	0.3645509	0.1316831	0.1048198	0.2913599	0.3757915	0.1411199	0.0941722
3232988803.6895947	0.3598840	0.4384771	0.0881681	0.1559512	0.3161712	0.5039453	0.1317509	0.0903790	0.3005964	0.3645669	0.1316926	0.1048319	0.2913695	0.3757824	0.1411146	0.0941652
3232988803.6994829	0.3598923	0.4384818	0.0881715	0.1559483	0.3161652	0.5039386	0.1317439	0.0903801	0.3005989	0.3645534	0.1316573	0.1048241	0.2913459	0.3758059	0.1411057	0.0941765
3232988803.7093711	0.3598786	0.4384620	0.0881555	0.1559538	0.3161577	0.5039313	0.1317358	0.0903991	0.3006173	0.3645580	0.1316636	0.1048322	0.2913621	0.3757868	0.1411106	0.0941943
3232988803.7192593	0.3598715	0.4384794	0.0881619	0.1559308	0.3161637	0.5039567	0.1317373	0.0904091	0.3006006	0.3645560	0.1316767	0.1048296	0.2913635	0.3758043	0.1411231	0.0941737
3232988803.7291474	0.3598858	0.4384800	0.0881551	0.1559349	0.3161738	0.5039532	0.1317349	0.0903735	0.3005966	0.3645593	0.1316788	0.1048131	0.2913519	0.3757853	0.1411094	0.0941618
3232988803.7390356	0.3598839	0.4384784	0.0881715	0.1559599	0.3161592	0.5039560	0.1317437	0.0904026	0.3006019	0.3645510	0.1316927	0.1048310	0.2913684	0.3757889	0.1411283	0.0941594
3232988803.7489238	0.3598965	0.4384798	0.0881657	0.1559573	0.3161712	0.5039500	0.1317473	0.0903789	0.3006000	0.3645757	0.1316826	0.1048265	0.2913781	0.3757956	0.1411338	0.0941937
3232988803.7588100	0.3599004	0.4384800	0.0881692	0.1559567	0.3161705	0.5039496	0.1317293	0.0903956	0.3005927	0.3645743	0.1316815	0.1048228	0.2913739	0.3757995	0.1411276	0.0941844
3232988803.7686982	0.3598645	0.4384776	0.0881629	0.1559484	0.3161635	0.5039338	0.1317483	0.0903941	0.3005889	0.3645597	0.1316765	0.1048203	0.2913676	0.3757774	0.1410990	0.0941678
3232988803.7785864	0.3598939	0.4384782	0.0881743	0.1559521	0.3161669	0.5039626	0.1317425	0.0904157	0.3005999	0.3645748	0.1316855	0.1048382	0.2913652	0.3758039	0.1411244	0.0941603
3232988803.7884746	0.3598886	0.4384668	0.0881434	0.1559592	0.3161668	0.5039507	0.1317586	0.0903947	0.3006175	0.3645704	0.1316746	0.1048381	0.2913743	0.3757953	0.1411332	0.0941815
3232988803.7983627	0.3599064	0.4384791	0.0881646	0.1559523	0.3161857	0.5039474	0.1317357	0.0904076	0.3006039	0.3645659	0.1316931	0.1048410	0.2913506	0.3757909	0.1411327	0.0941765
3232988803.8082509	0.3598832	0.4384965	0.0881692	0.1559692	0.3161745	0.5039635	0.1317476	0.0904033	0.3006126	0.3645670	0.1316793	0.1048222	0.2913692	0.3758010	0.1411272	0.0941669
3232988803.8181391	0.3599029	0.4384581	0.0881617	0.1559500	0.3161826	0.5039686	0.1317421	0.0903814	0.3006148	0.3645636	0.1316815	0.1048282	0.2913719	0.3757968	0.1411205	0.0941845
3232988803.8280272	0.3598710	0.4384781	0.0881725	0.1559419	0.3161626	0.5039513	0.1317267	0.0903989	0.3006048	0.3645778	0.1316827	0.1048188	0.2913828	0.3758199	0.1410979	0.0941759
3232988803.8379154	0.3598828	0.4384644	0.0881533	0.1559169	0.3161609	0.5039583	0.1317277	0.0903814	0.3005966	0.3645721	0.1316710	0.1048453	0.2913700	0.3758173	0.1411251	0.0941880
3232988803.8478036	0.3598935	0.4384925	0.0881505	0.1559518	0.3161738	0.5039530	0.1317346	0.0903876	0.3006197	0.3645693	0.1316797	0.1048258	0.2913544	0.3757898	0.1411126	0.0941768
3232988803.8576903	0.3598943	0.4384649	0.0881518	0.1559470	0.3161910	0.5039755	0.1317567	0.0904095	0.3006152	0.3645601	0.1316898	0.1048415	0.2913633	0.3758083	0.1411467	0.0941733
3232988803.8675785	0.3598972	0.4384906	0.0881546	0.1559527	0.3161713	0.5039438	0.1317431	0.0903918	0.3005920	0.3645802	0.1316718	0.1048206	0.2913783	0.3758012	0.1411119	0.0941745
3232988803.8774667	0.3598958	0.4384590	0.0881744	0.1559444	0.3161692	0.5039587	0.1317476	0.0903904	0.3006176	0.3645650	0.1316915	0.1048209	0.2913597	0.3758003	0.1411219	0.0941826
3232988803.8873548	0.3598893	0.4384912	0.0881607	0.1559572	0.3161729	0.5039501	0.1317257	0.0903941	0.3005941	0.3645638	0.1316766	0.1048317	0.2913656	0.3758262	0.1411253	0.0941818
3232988803.8972430	0.3599080	0.4384701	0.0881606	0.1559628	0.3161805	0.5039689	0.1317347	0.0903899	0.3006010	0.3645749	0.1316715	0.1048353	0.2913693	0.3757837	0.1411160	0.0941903
3232988803.9071312	0.3599019	0.4384892	0.0881665	0.1559502	0.3161818	0.5039614	0.1317550	0.0903956	0.3006051	0.3645683	0.1316742	0.1048235	0.2913631	0.3758011	0.1411097	0.0941855
3232988803.9170194	0.3598932	0.4384882	0.0881770	0.1559456	0.3161721	0.5039606	0.1317571	0.0903816	0.3005879	0.3645713	0.1316775	0.1048293	0.2913533	0.3757889	0.1411074	0.0941815
3232988803.9269075	0.3598966	0.4384728	0.0881612	0.1559341	0.3161711	0.5039602	0.1317242	0.0903802	0.3005990	0.3645808	0.1316897	0.1048293	0.2913502	0.3757896	0.1411134	0.0941814
3232988803.9367957	0.3598907	0.4384708	0.0881437	0.1559558	0.3161712	0.5039719	0.1317380	0.0903862	0.3006003	0.3645654	0.1316789	0.1048348	0.2913641	0.3757882	0.1411142	0.0941742
3232988803.9466839	0.3598897	0.4384703	0.0881661	0.1559532	0.3161579	0.5039700	0.1317416	0.0904072	0.3005932	0.3645671	0.1316800	0.1048571	0.2913600	0.3757933	0.1411147	0.0941690
3232988803.9565701	0.3598992	0.4384807	0.0881700	0.1559564	0.3161662	0.5039632	0.1317547	0.0903937	0.3006213	0.3645749	0.1316928	0.1048185	0.2913717	0.3758070	0.1411268	0.0941799
3232988803.9664583	0.3598946	0.4384949	0.0881587	0.1559592	0.3161837	0.5039504	0.1317396	0.0904091	0.3005969	0.3645736	0.1316691	0.1048328	0.2913685	0.3757998	0.1411324	0.0941680
3232988803.9763465	0.3598900	0.4384829	0.0881656	0.1559598	0.3161703	0.5039540	0.1317570	0.0903894	0.3006072	0.3645645	0.1316612	0.1048378	0.2913689	0.3757884	0.1411094	0.0941865
3232988803.9862347	0.3598813	0.4384764	0.0881584	0.1559484	0.3161797	0.5039562	0.1317396	0.0903845	0.3005697	0.3645668	0.1316837	0.1048212	0.2913675	0.3758003	0.1411216	0.0941748
3232988803.9961228	0.3598879	0.4384822	0.0881606	0.1559515	0.3161728	0.5039531	0.1317350	0.0904041	0.3006169	0.3645809	0.1316831	0.1048516	0.2913681	0.3758008	0.1411188	0.0941707
3232988804.0060110	0.3598786	0.4384685	0.0881631	0.1559536	0.3161590	0.5039575	0.1317398	0.0904102	0.3006012	0.3645784	0.1316754	0.1048459	0.2913629	0.3758178	0.1411219	0.0941614
3232988804.0158992	0.3599019	0.4384843	0.0881637	0.1559538	0.3161731	0.5039616	0.1317500	0.0903990	0.3006091	0.3645689	0.1316831	0.1048342	0.2913590	0.3758063	0.1411235	0.0941965
3232988804.0257874	0.3598974	0.4384884	0.0881753	0.1559359	0.3161643	0.5039694	0.1317407	0.0903797	0.3005989	0.3645646	0.1316897	0.1048348	0.2913717	0.3758063	0.1411087	0.0941797
3232988804.0356755	0.3598868	0.4384510	0.0881664	0.1559456	0.3161706	0.5039500	0.1317389	0.0903821	0.3006115	0.3645822	0.1316856	0.1048393	0.2913539	0.3758108	0.1411197	0.0941737
3232988804.0455637	0.3598759	0.4384672	0.0881498	0.1559508	0.3161723	0.5039781	0.1317253	0.0903846	0.3006024	0.3645672	0.1316716	0.1048283	0.2913628	0.3757854	0.1411136	0.0941778
3232988804.0554500	0.3598900	0.4384716	0.0881494	0.1559521	0.3161511	0.5039674	0.1317419	0.0904079	0.3006045	0.3645693	0.1316825	0.1048255	0.2913683	0.3757931	0.1411277	0.0941604
3232988804.0653381	0.3598729	0.4384645	0.0881584	0.1559646	0.3161737	0.5039714	0.1317450	0.0903826	0.3006076	0.3645754	0.1316819	0.1048195	0.2913689	0.3758019	0.1411225	0.0941862
3232988804.0752263	0.3598818	0.4385017	0.0881746	0.1559507	0.3161765	0.5039698	0.1317343	0.0904334	0.3005977	0.3645627	0.1316933	0.1048384	0.2913561	0.3758140	0.1411122	0.0941772
3232988804.0851145	0.3598918	0.4384543	0.0881511	0.1559547	0.3161662	0.5039623	0.1317463	0.0903854	0.3006198	0.3645773	0.1316705	0.1048281	0.2913643	0.3757857	0.1411093	0.0941776
3232988804.0950026	0.3598811	0.4384753	0.0881483	0.1559494	0.3161746	0.5039459	0.1317260	0.0903874	0.3005839	0.3645747	0.1316861	0.1048446	0.2913498	0.3758025	0.1411179	0.0941604
3232988804.1048908	0.3598875	0.4384811	0.0881526	0.1559470	0.3161700	0.5039436	0.1317460	0.0903927	0.3005957	0.3645771	0.1316809	0.1048398	0.2913654	0.3757996	0.1410972	0.0941859
3232988804.1147790	0.3598812	0.4384866	0.0881611	0.1559467	0.3161694	0.5039754	0.1317457	0.0903777	0.3006172	0.3645822	0.1316683	0.1048221	0.2913652	0.3758101	0.1411263	0.0941572
3232988804.1246672	0.3598973	0.4384841	0.0881533	0.1559694	0.3161671	0.5039531	0.1317498	0.0904033	0.3006070	0.3645840	0.1316959	0.1048301	0.2913722	0.3758040	0.1411207	0.0941845
3232988804.1345553	0.3598786	0.4384885	0.0881674	0.1559430	0.3161710	0.5039480	0.1317341	0.0904210	0.3006079	0.3645738	0.1316805	0.1048239	0.2913744	0.3758074	0.1410924	0.0941666
3232988804.1444435	0.3598591	0.4384903	0.0881641	0.1559547	0.3161471	0.5039580	0.1317442	0.0904023	0.3006180	0.3645610	0.1316856	0.1048321	0.2913553	0.3758077	0.1411229	0.0941810
3232988804.1543303	0.3598592	0.4385006	0.0881606	0.1559664	0.3161500	0.5039633	0.1317373	0.0903922	0.3006127	0.3645663	0.1316891	0.1048234	0.2913437	0.3758165	0.1411306	0.0941769
3232988804.1642184	0.3598908	0.4384821	0.0881752	0.1559449	0.3161755	0.5039666	0.1317271	0.0903913	0.3005923	0.3645621	0.1316786	0.1048300	0.2913555	0.3757934	0.1411120	0.0941702
3232988804.1741066	0.3598981	0.4384919	0.0881554	0.1559666	0.3161628	0.5039665	0.1317308	0.0903901	0.3005894	0.3645856	0.1316736	0.1048429	0.2913558	0.3758037	0.1410963	0.0941856
3232988804.1839948	0.3598796	0.4384880	0.0881733	0.1559617	0.3161829	0.5039474	0.1317461	0.0903799	0.3006082	0.3645732	0.1316915	0.1048298	0.2913519	0.3758082	0.1411062	0.0941815
3232988804.1938829	0.3598878	0.4384901	0.0881792	0.1559581	0.3161581	0.5039649	0.1317396	0.0903842	0.3006031	0.3645648	0.1316740	0.1048206	0.2913340	0.3758231	0.1411216	0.0941734
3232988804.2037711	0.3598712	0.4384905	0.0881541	0.1559628	0.3161670	0.5039757	0.1317416	0.0903986	0.3006109	0.3645662	0.1316782	0.1048232	0.2913538	0.3758133	0.1411172	0.0941773
3232988804.2136593	0.3598730	0.4384718	0.0881731	0.1559538	0.3161666	0.5039634	0.1317564	0.0903931	0.3006045	0.3645733	0.1316755	0.1048517	0.2913764	0.3758067	0.1411080	0.0941786
3232988804.2235475	0.3598682	0.4384837	0.0881452	0.1559553	0.3161608	0.5039589	0.1317299	0.0903846	0.3006177	0.3645623	0.1316817	0.1048295	0.2913572	0.3758007	0.1411411	0.0941796
3232988804.2334356	0.3598999	0.4384950	0.0881793	0.1559489	0.3161686	0.5039643	0.1317375	0.0903907	0.3006133	0.3645840	0.1316729	0.1048444	0.2913668	0.3757921	0.1411136	0.0941581
3232988804.2433238	0.3598958	0.4384875	0.0881595	0.1559613	0.3161783	0.5039533	0.1317413	0.0904008	0.3005678	0.3645756	0.1316778	0.1048363	0.2913512	0.3758079	0.1411144	0.0941745
3232988804.2532101	0.3598829	0.4384830	0.0881494	0.1559384	0.3161648	0.5039664	0.1317370	0.0903812	0.3006048	0.3645890	0.1316734	0.1048442	0.2913590	0.3758180	0.1411041	0.0941744
3232988804.2630982	0.3598677	0.4384733	0.0881615	0.1559737	0.3161655	0.5039399	0.1317359	0.0903785	0.3005979	0.3645629	0.1316687	0.1048308	0.2913588	0.3758222	0.1411355	0.0941821
3232988804.2729864	0.3598895	0.4384729	0.0881721	0.1559683	0.3161751	0.5039748	0.1317280	0.0903752	0.3006153	0.3645714	0.1316839	0.1048223	0.2913497	0.3758098	0.1411187	0.0941783
3232988804.2828746	0.3598858	0.4384961	0.0881578	0.1559642	0.3161652	0.5039709	0.1317379	0.0904068	0.3006111	0.3645797	0.1316878	0.1048336	0.2913529	0.3758003	0.1411387	0.0941798
3232988804.2927628	0.3598929	0.4384694	0.0881829	0.1559588	0.3161605	0.5039617	0.1317435	0.0903964	0.3006022	0.3645798	0.1316766	0.1048336	0.2913705	0.3758030	0.1411182	0.0941873
3232988804.3026509	0.3598671	0.4384806	0.0881580	0.1559534	0.3161540	0.5039650	0.1317288	0.0903988	0.3006009	0.3645877	0.1316605	0.1048351	0.2913616	0.3758240	0.1411029	0.0941684
3232988804.3125391	0.3598835	0.4384908	0.0881547	0.1559493	0.3161679	0.5039664	0.1317152	0.0904077	0.3006119	0.3645927	0.1316729	0.1048354	0.2913514	0.3758202	0.1411140	0.0941893
3232988804.3224273	0.3598766	0.4384962	0.0881566	0.1559541	0.3161765	0.5039565	0.1317262	0.0903882	0.3006044	0.3645801	0.1316566	0.1048399	0.2913698	0.3758249	0.1411231	0.0941731
3232988804.3323154	0.3598637	0.4384933	0.0881739	0.1559466	0.3161861	0.5039939	0.1317514	0.0903869	0.3005890	0.3645871	0.1316835	0.1048279	0.2913604	0.3758121	0.1411243	0.0942083
3232988804.3422036	0.3598993	0.4384862	0.0881690	0.1559577	0.3161666	0.5039602	0.1317492	0.0903835	0.3005868	0.3645787	0.1316770	0.1048370	0.2913500	0.3758115	0.1411265	0.0941721
3232988804.3520899	0.3598791	0.4384966	0.0881486	0.1559606	0.3161677	0.5039667	0.1317537	0.0904124	0.3005991	0.3645929	0.1316890	0.1048430	0.2913545	0.3758125	0.1411312	0.0941627
3232988804.3619781	0.3598826	0.4384769	0.0881545	0.1559360	0.3161723	0.5039800	0.1317261	0.0903969	0.3006042	0.3645847	0.1316761	0.1048318	0.2913631	0.3757951	0.1411191	0.0941599
3232988804.3718662	0.3598807	0.4384876	0.0881588	0.1559599	0.3161815	0.5039502	0.1317380	0.0904004	0.3006114	0.3645703	0.1316727	0.1048492	0.2913499	0.3758231	0.1411081	0.0941810
3232988804.3817544	0.3598820	0.4384929	0.0881534	0.1559725	0.3161634	0.5039746	0.1317372	0.0903892	0.3005955	0.3645748	0.1316579	0.1048514	0.2913541	0.3758159	0.1411158	0.0941710
3232988804.3916426	0.3598971	0.4385023	0.0881557	0.1559660	0.3161775	0.5039816	0.1317292	0.0903806	0.3006204	0.3645852	0.1316955	0.1048150	0.2913601	0.3758043	0.1411169	0.0941791
3232988804.4015307	0.3598866	0.4384753	0.0881394	0.1559662	0.3161746	0.5039513	0.1317274	0.0903995	0.3005817	0.3645645	0.1316808	0.1048324	0.2913618	0.3758130	0.1411171	0.0941813
3232988804.4114189	0.3598771	0.4384684	0.0881548	0.1559426	0.3161756	0.5039771	0.1317187	0.0903915	0.3006211	0.3645749	0.1316760	0.1048265	0.2913554	0.3758090	0.1411242	0.0941753
3232988804.4213071	0.3598789	0.4384928	0.0881644	0.1559448	0.3161560	0.5039680	0.1317362	0.0903957	0.3006036	0.3645694	0.1316683	0.1048260	0.2913501	0.3758251	0.1411186	0.0941913
3232988804.4311953	0.3598757	0.4385096	0.0881667	0.1559409	0.3161902	0.5039877	0.1317557	0.0903975	0.3006140	0.3645797	0.1316763	0.1048334	0.2913749	0.3758102	0.1411228	0.0941821
3232988804.4410834	0.3598990	0.4385040	0.0881548	0.1559587	0.3161607	0.5039576	0.1317502	0.0903749	0.3006039	0.3645779	0.1316845	0.1048376	0.2913488	0.3758281	0.1411214	0.0941667
3232988804.4509702	0.3599030	0.4384901	0.0881547	0.1559651	0.3161690	0.5039805	0.1317342	0.0903992	0.3006041	0.3645773	0.1316810	0.1048349	0.2913714	0.3758002	0.1411132	0.0941831
3232988804.4608583	0.3598946	0.4385006	0.0881600	0.1559680	0.3161716	0.5039757	0.1317563	0.0903915	0.3006014	0.3645889	0.1316828	0.1048100	0.2913644	0.3758063	0.1411052	0.0941784
3232988804.4707465	0.3598838	0.4384906	0.0881699	0.1559571	0.3161687	0.5039724	0.1317195	0.0903844	0.3005964	0.3645910	0.1316741	0.1048143	0.2913813	0.3758109	0.1411157	0.0941804
3232988804.4806347	0.3598754	0.4384998	0.0881827	0.1559661	0.3161693	0.5039730	0.1317292	0.0904120	0.3006049	0.3645812	0.1316686	0.1048346	0.2913664	0.3758204	0.1411279	0.0941741
3232988804.4905229	0.3598866	0.4384713	0.0881747	0.1559577	0.3161656	0.5039893	0.1317269	0.0903934	0.3006006	0.3646122	0.1316859	0.1048433	0.2913495	0.3758052	0.1411223	0.0941807
3232988804.5004110	0.3598808	0.4385060	0.0881611	0.1559443	0.3161668	0.5039809	0.1317356	0.0904091	0.3005948	0.3645703	0.1316816	0.1048170	0.2913468	0.3757964	0.1411167	0.0941776
3232988804.5102992	0.3598873	0.4384713	0.0881750	0.1559644	0.3161626	0.5039740	0.1317281	0.0904063	0.3006076	0.3645999	0.1316805	0.1048273	0.2913621	0.3758044	0.1411166	0.0941794
3232988804.5201874	0.3598804	0.4384782	0.0881693	0.1559651	0.3161699	0.5039779	0.1317392	0.0904003	0.3006136	0.3645760	0.1316822	0.1048273	0.2913576	0.3758066	0.1411154	0.0941848
3232988804.5300755	0.3598919	0.4384941	0.0881652	0.1559369	0.3161624	0.5039598	0.1317345	0.0903862	0.3006182	0.3645755	0.1316798	0.1048239	0.2913517	0.3758129	0.1411013	0.0941887
3232988804.5399637	0.3598903	0.4385049	0.0881692	0.1559478	0.3161734	0.5039852	0.1317425	0.0903992	0.3006110	0.3645785	0.1316845	0.1048393	0.2913789	0.3758219	0.1411302	0.0941908
