3232988524.1261702	0.3196502	0.4364225	0.0783191	0.1527740	0.0711119	0.1812157	0.3267973	0.4079902	0.2856425	0.3647588	0.1212719	0.1013148	0.0824662	0.1487935	0.3245950	0.3178414
3232988524.1360583	0.3196535	0.4364062	0.0782962	0.1527643	0.0710879	0.1811827	0.3267988	0.4080029	0.2856167	0.3647566	0.1212726	0.1013192	0.0824927	0.1487990	0.3245898	0.3178594
3232988524.1459465	0.3196634	0.4364145	0.0783047	0.1527575	0.0710830	0.1812061	0.3268067	0.4079886	0.2856288	0.3647582	0.1212655	0.1013069	0.0824634	0.1487974	0.3245839	0.3178395
3232988524.1558347	0.3196511	0.4364144	0.0782845	0.1527688	0.0710991	0.1811867	0.3267966	0.4079925	0.2856233	0.3647565	0.1212723	0.1013097	0.0824692	0.1488106	0.3245896	0.3178415
3232988524.1657228	0.3196515	0.4364085	0.0783043	0.1527792	0.0710903	0.1811873	0.3267892	0.4079952	0.2856180	0.3647503	0.1212642	0.1013034	0.0824672	0.1488027	0.3246017	0.3178459
3232988524.1756110	0.3196713	0.4363993	0.0782871	0.1527865	0.0710934	0.1811881	0.3268127	0.4080186	0.2856463	0.3647652	0.1212811	0.1013199	0.0824688	0.1487951	0.3245865	0.3178295
3232988524.1854992	0.3196569	0.4364104	0.0783244	0.1527713	0.0711173	0.1811699	0.3267848	0.4080000	0.2856233	0.3647567	0.1212696	0.1013226	0.0824763	0.1487767	0.3245744	0.3178577
3232988524.1953874	0.3196362	0.4364163	0.0782871	0.1527585	0.0710940	0.1811960	0.3267904	0.4080020	0.2856295	0.3647662	0.1212767	0.1013249	0.0824681	0.1488020	0.3245662	0.3178455
3232988524.2052755	0.3196500	0.4364033	0.0782933	0.1527744	0.0710918	0.1811884	0.3267955	0.4079864	0.2856223	0.3647607	0.1212746	0.1013107	0.0824683	0.1487893	0.3245760	0.3178402
3232988524.2151637	0.3196535	0.4364160	0.0782902	0.1527711	0.0711000	0.1812083	0.3267783	0.4079829	0.2856168	0.3647311	0.1212607	0.1013038	0.0824749	0.1488022	0.3245730	0.3178431
3232988524.2250500	0.3196744	0.4364061	0.0782940	0.1527399	0.0710828	0.1811951	0.3267775	0.4079689	0.2856385	0.3647445	0.1212702	0.1013335	0.0824604	0.1487910	0.3245852	0.3178355
3232988524.2349381	0.3196639	0.4364138	0.0783071	0.1527626	0.0710848	0.1811837	0.3267855	0.4079866	0.2856240	0.3647391	0.1212697	0.1013160	0.0824707	0.1488112	0.3245975	0.3178352
3232988524.2448263	0.3196621	0.4363872	0.0782926	0.1527559	0.0710917	0.1811836	0.3267713	0.4079831	0.2856537	0.3647469	0.1212626	0.1013033	0.0824773	0.1487950	0.3245822	0.3178490
3232988524.2547145	0.3196531	0.4363939	0.0782861	0.1527722	0.0710951	0.1811893	0.3267888	0.4080025	0.2856231	0.3647403	0.1212757	0.1013095	0.0824336	0.1488094	0.3245855	0.3178301
3232988524.2646027	0.3196484	0.4363982	0.0782978	0.1527596	0.0710926	0.1811900	0.3267903	0.4079819	0.2856098	0.3647509	0.1212638	0.1013139	0.0824862	0.1488107	0.3245768	0.3178554
3232988524.2744908	0.3196652	0.4363986	0.0783081	0.1527644	0.0711013	0.1811838	0.3267997	0.4079909	0.2856457	0.3647572	0.1212696	0.1013119	0.0824706	0.1487902	0.3245936	0.3178288
3232988524.2843790	0.3196646	0.4363786	0.0783062	0.1527605	0.0710903	0.1811788	0.3267988	0.4079552	0.2856303	0.3647458	0.1212760	0.1013230	0.0824716	0.1488095	0.3245786	0.3178357
3232988524.2942672	0.3196520	0.4363917	0.0782996	0.1527738	0.0711037	0.1811832	0.3267854	0.4079920	0.2856406	0.3647283	0.1212693	0.1013263	0.0824762	0.1488032	0.3245874	0.3178382
3232988524.3041553	0.3196486	0.4364090	0.0782933	0.1527654	0.0710941	0.1811720	0.3267803	0.4079570	0.2856283	0.3647401	0.1212468	0.1013163	0.0824864	0.1487798	0.3245695	0.3178578
3232988524.3140435	0.3196444	0.4364059	0.0782814	0.1527639	0.0710933	0.1811857	0.3267841	0.4079761	0.2856439	0.3647213	0.1212788	0.1013257	0.0824594	0.1488020	0.3245768	0.3178305
3232988524.3239303	0.3196703	0.4363919	0.0783042	0.1527815	0.0710990	0.1811769	0.3267841	0.4079821	0.2856225	0.3647322	0.1212620	0.1013159	0.0824657	0.1488056	0.3245815	0.3178479
3232988524.3338184	0.3196612	0.4363818	0.0783086	0.1527511	0.0710987	0.1811838	0.3267686	0.4079962	0.2856324	0.3647309	0.1212533	0.1013042	0.0824418	0.1487948	0.3245917	0.3178288
3232988524.3437066	0.3196435	0.4363960	0.0782955	0.1527422	0.0710962	0.1811774	0.3267881	0.4079718	0.2856306	0.3647494	0.1212632	0.1013236	0.0824805	0.1488099	0.3245688	0.3178428
3232988524.3535948	0.3196539	0.4363918	0.0782979	0.1527717	0.0710964	0.1811787	0.3267920	0.4079716	0.2856370	0.3647401	0.1212808	0.1013260	0.0824837	0.1487922	0.3245748	0.3178368
3232988524.3634830	0.3196425	0.4364065	0.0782936	0.1527645	0.0711057	0.1811722	0.3267763	0.4079731	0.2856289	0.3647425	0.1212648	0.1013293	0.0824750	0.1487999	0.3245645	0.3178382
3232988524.3733711	0.3196566	0.4363731	0.0783151	0.1527471	0.0710838	0.1811876	0.3267778	0.4079670	0.2856270	0.3647437	0.1212792	0.1012982	0.0824603	0.1487870	0.3245679	0.3178282
3232988524.3832593	0.3196570	0.4364041	0.0782947	0.1527853	0.0711034	0.1811935	0.3267985	0.4079594	0.2856326	0.3647350	0.1212761	0.1013123	0.0824647	0.1488017	0.3245904	0.3178279
3232988524.3931475	0.3196586	0.4364011	0.0783122	0.1527644	0.0711118	0.1811921	0.3267857	0.4079839	0.2856235	0.3647349	0.1212586	0.1013262	0.0824979	0.1487949	0.3245857	0.3178464
3232988524.4030356	0.3196411	0.4364016	0.0782974	0.1527672	0.0710902	0.1811663	0.3267732	0.4079815	0.2856273	0.3647262	0.1212852	0.1013138	0.0824736	0.1487858	0.3245892	0.3178340
3232988524.4129238	0.3196495	0.4363847	0.0782990	0.1527749	0.0710960	0.1811811	0.3267789	0.4079651	0.2856292	0.3647356	0.1212606	0.1013136	0.0824787	0.1487986	0.3245925	0.3178290
3232988524.4228101	0.3196494	0.4363770	0.0782994	0.1527593	0.0710939	0.1811850	0.3267873	0.4079801	0.2856292	0.3647252	0.1212766	0.1013170	0.0824474	0.1488094	0.3245827	0.3178222
3232988524.4326982	0.3196566	0.4363949	0.0783120	0.1527617	0.0711030	0.1811753	0.3267736	0.4079738	0.2856396	0.3647224	0.1212653	0.1013150	0.0824773	0.1487945	0.3245847	0.3178305
3232988524.4425864	0.3196622	0.4363947	0.0783191	0.1527542	0.0710876	0.1811917	0.3268072	0.4080000	0.2856395	0.3647318	0.1212803	0.1013045	0.0824677	0.1488073	0.3245926	0.3178377
3232988524.4524746	0.3196556	0.4363926	0.0782933	0.1527575	0.0710914	0.1811663	0.3267854	0.4079777	0.2856145	0.3647342	0.1212769	0.1013288	0.0824674	0.1487878	0.3245738	0.3178381
3232988524.4623628	0.3196383	0.4363842	0.0782926	0.1527608	0.0710741	0.1811843	0.3268007	0.4079842	0.2856233	0.3647300	0.1212558	0.1013308	0.0824669	0.1487830	0.3245909	0.3178191
3232988524.4722509	0.3196432	0.4363920	0.0783002	0.1527748	0.0710857	0.1811720	0.3267863	0.4079830	0.2856355	0.3647363	0.1212629	0.1013068	0.0824695	0.1487783	0.3245871	0.3178343
3232988524.4821391	0.3196468	0.4363831	0.0782916	0.1527743	0.0710986	0.1811655	0.3267992	0.4079716	0.2856446	0.3647436	0.1212682	0.1013240	0.0824563	0.1487865	0.3245988	0.3178119
3232988524.4920273	0.3196482	0.4363847	0.0783024	0.1527544	0.0710975	0.1811784	0.3267988	0.4079719	0.2856451	0.3647183	0.1212694	0.1013258	0.0824616	0.1488242	0.3245877	0.3178413
3232988524.5019155	0.3196697	0.4363988	0.0783091	0.1527528	0.0710884	0.1811943	0.3268144	0.4079562	0.2856411	0.3647370	0.1212777	0.1013187	0.0824576	0.1487965	0.3245834	0.3178238
3232988524.5118036	0.3196384	0.4363809	0.0782900	0.1527810	0.0710873	0.1811756	0.3267832	0.4079884	0.2856289	0.3647210	0.1212815	0.1013144	0.0824589	0.1487843	0.3245764	0.3178166
3232988524.5216899	0.3196450	0.4363832	0.0782978	0.1527435	0.0710943	0.1811967	0.3267767	0.4079743	0.2856122	0.3647233	0.1212581	0.1013166	0.0824730	0.1487905	0.3246019	0.3178497
3232988524.5315781	0.3196625	0.4363884	0.0783168	0.1527788	0.0710911	0.1811864	0.3267898	0.4079757	0.2856297	0.3647403	0.1212641	0.1013208	0.0824809	0.1488013	0.3245988	0.3178241
3232988524.5414662	0.3196647	0.4363873	0.0783236	0.1527533	0.0710990	0.1812019	0.3267929	0.4079761	0.2856272	0.3647366	0.1212740	0.1013086	0.0824656	0.1487701	0.3245966	0.3178344
3232988524.5513544	0.3196517	0.4363947	0.0782968	0.1527368	0.0711054	0.1811718	0.3267971	0.4079866	0.2856451	0.3647292	0.1212654	0.1012976	0.0824728	0.1487857	0.3245921	0.3178336
3232988524.5612426	0.3196428	0.4363769	0.0783015	0.1527550	0.0710877	0.1811820	0.3268011	0.4079706	0.2856434	0.3647277	0.1212792	0.1013177	0.0824582	0.1487786	0.3246002	0.3178164
3232988524.5711308	0.3196490	0.4363724	0.0783053	0.1527585	0.0710866	0.1811740	0.3267776	0.4079700	0.2856264	0.3647304	0.1212730	0.1013135	0.0824612	0.1487982	0.3245707	0.3178448
3232988524.5810189	0.3196482	0.4363778	0.0782934	0.1527612	0.0710948	0.1811770	0.3267962	0.4079773	0.2856341	0.3647288	0.1212836	0.1013197	0.0824504	0.1487975	0.3246002	0.3178396
3232988524.5909071	0.3196433	0.4363896	0.0783181	0.1527741	0.0710929	0.1811764	0.3267870	0.4079878	0.2856319	0.3647325	0.1212542	0.1013112	0.0824884	0.1488016	0.3245803	0.3178151
3232988524.6007953	0.3196462	0.4363905	0.0783074	0.1527541	0.0710999	0.1811858	0.3267964	0.4079580	0.2856249	0.3647262	0.1212668	0.1013278	0.0824859	0.1487868	0.3245915	0.3178484
3232988524.6106834	0.3196381	0.4363792	0.0783011	0.1527747	0.0710933	0.1811777	0.3267921	0.4079999	0.2856288	0.3647442	0.1212734	0.1013057	0.0824597	0.1488037	0.3245981	0.3178422
3232988524.6205702	0.3196523	0.4364068	0.0782862	0.1527762	0.0710823	0.1811785	0.3267923	0.4079644	0.2856559	0.3647260	0.1212617	0.1013177	0.0824701	0.1487812	0.3245970	0.3178144
3232988524.6304584	0.3196411	0.4363963	0.0782976	0.1527606	0.0710809	0.1811639	0.3267843	0.4079683	0.2856491	0.3647303	0.1212770	0.1013206	0.0824702	0.1488146	0.3245886	0.3178147
3232988524.6403465	0.3196701	0.4363825	0.0782917	0.1527560	0.0711132	0.1811603	0.3267844	0.4079641	0.2856345	0.3647257	0.1212683	0.1013102	0.0824671	0.1487882	0.3245926	0.3178325
3232988524.6502347	0.3196589	0.4363770	0.0783109	0.1527825	0.0710768	0.1811905	0.3267938	0.4079724	0.2856280	0.3647391	0.1212698	0.1013211	0.0824720	0.1487926	0.3246084	0.3178282
3232988524.6601229	0.3196644	0.4363688	0.0783052	0.1527585	0.0711095	0.1811872	0.3267983	0.4079857	0.2856303	0.3647299	0.1212632	0.1013218	0.0824583	0.1488057	0.3245869	0.3178286
3232988524.6700110	0.3196376	0.4363812	0.0782994	0.1527862	0.0710841	0.1811843	0.3267817	0.4079702	0.2856386	0.3647227	0.1212594	0.1013126	0.0824768	0.1487942	0.3245829	0.3178375
3232988524.6798992	0.3196450	0.4363830	0.0782962	0.1527841	0.0710723	0.1811647	0.3267749	0.4079661	0.2856105	0.3647309	0.1212956	0.1013018	0.0824624	0.1487820	0.3245908	0.3178089
3232988524.6897874	0.3196551	0.4363901	0.0783112	0.1527544	0.0710976	0.1811840	0.3267964	0.4079661	0.2856358	0.3647256	0.1212675	0.1013209	0.0824727	0.1487911	0.3245844	0.3178263
3232988524.6996756	0.3196624	0.4363893	0.0783034	0.1527674	0.0710869	0.1811802	0.3267914	0.4079854	0.2856408	0.3647462	0.1212755	0.1013419	0.0824769	0.1488026	0.3245802	0.3178455
3232988524.7095637	0.3196593	0.4363776	0.0783080	0.1527394	0.0710841	0.1811774	0.3267906	0.4079673	0.2856399	0.3647290	0.1212548	0.1013041	0.0824763	0.1487946	0.3245955	0.3178160
3232988524.7194500	0.3196572	0.4363790	0.0782794	0.1527610	0.0710795	0.1811738	0.3268080	0.4079673	0.2856270	0.3647196	0.1212727	0.1013289	0.0824592	0.1487955	0.3245911	0.3178320
3232988524.7293382	0.3196461	0.4364133	0.0782936	0.1527570	0.0710861	0.1811758	0.3267957	0.4079653	0.2856215	0.3647339	0.1212640	0.1013207	0.0824726	0.1487932	0.3245661	0.3178205
3232988524.7392263	0.3196638	0.4363672	0.0782944	0.1527756	0.0711062	0.1811735	0.3267944	0.4079798	0.2856247	0.3647078	0.1212768	0.1013059	0.0824532	0.1487891	0.3245955	0.3178239
3232988524.7491145	0.3196553	0.4364056	0.0783104	0.1527438	0.0710928	0.1811831	0.3268053	0.4079673	0.2856556	0.3647516	0.1212745	0.1013245	0.0824596	0.1487876	0.3245901	0.3178083
3232988524.7590027	0.3196714	0.4363940	0.0782941	0.1527538	0.0710856	0.1811850	0.3268032	0.4079730	0.2856388	0.3647313	0.1212858	0.1013123	0.0824725	0.1487960	0.3245959	0.3178370
3232988524.7688909	0.3196609	0.4364066	0.0783188	0.1527486	0.0710788	0.1811785	0.3267871	0.4079667	0.2856432	0.3647350	0.1212723	0.1013199	0.0824748	0.1487832	0.3246018	0.3178466
3232988524.7787790	0.3196607	0.4364026	0.0783004	0.1527668	0.0710840	0.1811651	0.3267672	0.4079791	0.2856300	0.3647220	0.1212632	0.1013249	0.0824697	0.1487913	0.3245765	0.3178331
3232988524.7886672	0.3196457	0.4364069	0.0782664	0.1527468	0.0710979	0.1811860	0.3267868	0.4079683	0.2856283	0.3647490	0.1212684	0.1012987	0.0824819	0.1487923	0.3245900	0.3178118
3232988524.7985554	0.3196583	0.4364186	0.0782997	0.1527679	0.0710911	0.1811796	0.3267979	0.4079748	0.2856321	0.3647344	0.1212758	0.1013203	0.0824641	0.1487867	0.3245849	0.3178338
3232988524.8084435	0.3196718	0.4363868	0.0783061	0.1527691	0.0710857	0.1811916	0.3267945	0.4079755	0.2856356	0.3647342	0.1212517	0.1013152	0.0824502	0.1487955	0.3245919	0.3178352
3232988524.8183303	0.3196535	0.4363752	0.0782876	0.1527674	0.0710868	0.1811735	0.3267940	0.4079911	0.2856448	0.3647482	0.1212658	0.1013115	0.0824582	0.1488126	0.3245873	0.3178360
3232988524.8282185	0.3196626	0.4363884	0.0783078	0.1527474	0.0710894	0.1811750	0.3267870	0.4079819	0.2856214	0.3647421	0.1212534	0.1013193	0.0824645	0.1487970	0.3245884	0.3178388
3232988524.8381066	0.3196481	0.4364036	0.0783071	0.1527747	0.0710804	0.1811779	0.3267832	0.4079719	0.2856384	0.3647273	0.1212712	0.1013036	0.0824715	0.1488021	0.3245981	0.3178200
3232988524.8479948	0.3196498	0.4363973	0.0782979	0.1527637	0.0710866	0.1811763	0.3268060	0.4079812	0.2856326	0.3647401	0.1212719	0.1013221	0.0824668	0.1487795	0.3245648	0.3178217
3232988524.8578830	0.3196583	0.4364052	0.0782933	0.1527560	0.0710829	0.1811839	0.3267885	0.4079874	0.2856348	0.3647418	0.1212749	0.1013240	0.0824568	0.1487879	0.3245883	0.3178338
3232988524.8677711	0.3196567	0.4363979	0.0782833	0.1527575	0.0711032	0.1811948	0.3267776	0.4079820	0.2856238	0.3647207	0.1212598	0.1013076	0.0824591	0.1488054	0.3245733	0.3178402
3232988524.8776593	0.3196386	0.4363861	0.0782883	0.1527580	0.0710869	0.1811855	0.3267863	0.4079887	0.2856170	0.3647268	0.1212696	0.1013238	0.0824640	0.1488169	0.3245846	0.3178351
3232988524.8875475	0.3196691	0.4363881	0.0782861	0.1527648	0.0710911	0.1811902	0.3267866	0.4079675	0.2856192	0.3647293	0.1212544	0.1013140	0.0824601	0.1487994	0.3245727	0.3178382
3232988524.8974357	0.3196452	0.4364001	0.0782909	0.1527721	0.0711110	0.1811768	0.3267801	0.4079983	0.2856270	0.3647348	0.1212675	0.1013264	0.0824674	0.1487996	0.3245794	0.3178367
3232988524.9073238	0.3196597	0.4363965	0.0783059	0.1527693	0.0710854	0.1811932	0.3267887	0.4079746	0.2856178	0.3647255	0.1212674	0.1013397	0.0824690	0.1487802	0.3245872	0.3178321
3232988524.9172101	0.3196528	0.4363933	0.0782894	0.1527679	0.0710873	0.1811724	0.3267934	0.4079853	0.2856414	0.3647204	0.1212565	0.1013140	0.0824614	0.1487938	0.3246040	0.3178388
3232988524.9270983	0.3196579	0.4364105	0.0782963	0.1527547	0.0710959	0.1811832	0.3267993	0.4079818	0.2856360	0.3647481	0.1212734	0.1013134	0.0824729	0.1487870	0.3245681	0.3178304
3232988524.9369864	0.3196423	0.4363879	0.0782924	0.1527714	0.0710781	0.1811860	0.3267778	0.4079870	0.2856243	0.3647459	0.1212572	0.1013170	0.0824787	0.1487951	0.3245807	0.3178428
3232988524.9468746	0.3196475	0.4363930	0.0782754	0.1527494	0.0710958	0.1811754	0.3267708	0.4079900	0.2856192	0.3647353	0.1212655	0.1012981	0.0824589	0.1488047	0.3245622	0.3178345
3232988524.9567628	0.3196496	0.4363840	0.0782776	0.1527511	0.0710685	0.1811891	0.3267777	0.4079970	0.2856305	0.3647478	0.1212557	0.1013075	0.0824739	0.1488050	0.3245821	0.3178186
3232988524.9666510	0.3196690	0.4364094	0.0782874	0.1527675	0.0710940	0.1811652	0.3267834	0.4080081	0.2856278	0.3647463	0.1212628	0.1012993	0.0824576	0.1487957	0.3245721	0.3178405
3232988524.9765391	0.3196583	0.4363871	0.0782999	0.1527702	0.0710972	0.1811899	0.3267990	0.4079933	0.2856181	0.3647350	0.1212601	0.1013182	0.0824669	0.1488040	0.3245968	0.3178276
3232988524.9864273	0.3196653	0.4363914	0.0782907	0.1527645	0.0710978	0.1811702	0.3267735	0.4079717	0.2856242	0.3647285	0.1212792	0.1012876	0.0824576	0.1488159	0.3245976	0.3178225
3232988524.9963155	0.3196346	0.4363881	0.0782751	0.1527641	0.0710885	0.1811940	0.3267751	0.4079777	0.2856198	0.3647241	0.1212536	0.1013376	0.0824657	0.1487834	0.3245628	0.3178217
3232988525.0062036	0.3196540	0.4363959	0.0782799	0.1527801	0.0710855	0.1811739	0.3267936	0.4079909	0.2856311	0.3647311	0.1212608	0.1013114	0.0824492	0.1488062	0.3245678	0.3178298
3232988525.0160899	0.3196286	0.4364127	0.0783033	0.1527794	0.0711008	0.1812023	0.3267969	0.4079929	0.2856295	0.3647301	0.1212455	0.1013356	0.0824607	0.1488047	0.3245711	0.3178407
3232988525.0259781	0.3196667	0.4364250	0.0783056	0.1527537	0.0710803	0.1811789	0.3267927	0.4079965	0.2856393	0.3647411	0.1212563	0.1013056	0.0824717	0.1487950	0.3245954	0.3178346
3232988525.0358663	0.3196449	0.4364073	0.0782950	0.1527718	0.0710961	0.1811617	0.3267829	0.4079735	0.2856092	0.3647594	0.1212582	0.1013180	0.0824766	0.1488117	0.3245775	0.3178367
3232988525.0457544	0.3196461	0.4364028	0.0782681	0.1527742	0.0710939	0.1811637	0.3267881	0.4079824	0.2856236	0.3647677	0.1212537	0.1013125	0.0824767	0.1487981	0.3245790	0.3178478
3232988525.0556426	0.3196461	0.4363997	0.0783024	0.1527791	0.0710890	0.1811990	0.3267611	0.4079831	0.2856346	0.3647409	0.1212632	0.1013214	0.0824593	0.1487886	0.3245769	0.3178596
3232988525.0655308	0.3196608	0.4363895	0.0782716	0.1527693	0.0710895	0.1811998	0.3267742	0.4080054	0.2856345	0.3647362	0.1212686	0.1013268	0.0824549	0.1488052	0.3245852	0.3178252
3232988525.0754189	0.3196534	0.4364188	0.0783011	0.1527688	0.0711031	0.1811897	0.3267790	0.4079977	0.2856419	0.3647406	0.1212587	0.1013242	0.0824626	0.1487772	0.3245733	0.3178414
3232988525.0853071	0.3196583	0.4364070	0.0782769	0.1527690	0.0710876	0.1811851	0.3267910	0.4079938	0.2856295	0.3647470	0.1212926	0.1013292	0.0824624	0.1488047	0.3246021	0.3178542
3232988525.0951953	0.3196334	0.4364004	0.0782846	0.1527629	0.0710968	0.1811854	0.3267870	0.4079846	0.2856363	0.3647673	0.1212555	0.1013254	0.0824591	0.1488085	0.3245694	0.3178560
3232988525.1050835	0.3196541	0.4364004	0.0782985	0.1527687	0.0710758	0.1812015	0.3267821	0.4079915	0.2856155	0.3647276	0.1212610	0.1013307	0.0824504	0.1488046	0.3245833	0.3178263
3232988525.1149702	0.3196637	0.4364168	0.0782976	0.1527734	0.0710965	0.1811879	0.3267868	0.4079949	0.2856143	0.3647425	0.1212568	0.1013237	0.0824723	0.1488015	0.3245997	0.3178446
3232988525.1248584	0.3196440	0.4364127	0.0782891	0.1527843	0.0710781	0.1811947	0.3267933	0.4079976	0.2856262	0.3647572	0.1212598	0.1013230	0.0824585	0.1487995	0.3245844	0.3178462
3232988525.1347465	0.3196649	0.4364052	0.0783023	0.1527582	0.0710801	0.1811697	0.3267721	0.4079963	0.2856406	0.3647498	0.1212648	0.1013234	0.0824634	0.1488086	0.3245730	0.3178572
3232988525.1446347	0.3196543	0.4364135	0.0782971	0.1527844	0.0710834	0.1811925	0.3267836	0.4080180	0.2856230	0.3647705	0.1212602	0.1013230	0.0824694	0.1488016	0.3245754	0.3178571
3232988525.1545229	0.3196448	0.4364305	0.0782940	0.1527836	0.0711017	0.1811732	0.3267876	0.4080017	0.2856123	0.3647660	0.1212698	0.1013215	0.0824674	0.1488161	0.3245728	0.3178614
3232988525.1644111	0.3196390	0.4364111	0.0782746	0.1527653	0.0710777	0.1812020	0.3267779	0.4080034	0.2856321	0.3647659	0.1212559	0.1013236	0.0824608	0.1488022	0.3245632	0.3178484
3232988525.1742992	0.3196605	0.4364308	0.0783092	0.1527684	0.0710757	0.1811969	0.3267885	0.4080138	0.2856302	0.3647498	0.1212497	0.1013123	0.0824609	0.1487924	0.3245856	0.3178453
3232988525.1841874	0.3196508	0.4364108	0.0782823	0.1527717	0.0710901	0.1812036	0.3267777	0.4080027	0.2856447	0.3647630	0.1212753	0.1013385	0.0824760	0.1488120	0.3245853	0.3178488
3232988525.1940756	0.3196492	0.4364143	0.0782980	0.1527750	0.0710926	0.1811925	0.3267709	0.4079991	0.2856364	0.3647587	0.1212693	0.1013065	0.0824744	0.1487978	0.3245829	0.3178553
3232988525.2039638	0.3196455	0.4364102	0.0782887	0.1527707	0.0710918	0.1811858	0.3267938	0.4079950	0.2856313	0.3647579	0.1212642	0.1013163	0.0824690	0.1487979	0.3245681	0.3178307
3232988525.2138500	0.3196440	0.4364207	0.0782962	0.1527793	0.0710916	0.1811747	0.3267603	0.4080082	0.2856228	0.3647481	0.1212608	0.1013255	0.0824575	0.1488165	0.3245897	0.3178482
3232988525.2237382	0.3196457	0.4364208	0.0782873	0.1527699	0.0710847	0.1812008	0.3267703	0.4080163	0.2856092	0.3647560	0.1212639	0.1013277	0.0824775	0.1487960	0.3245789	0.3178535
3232988525.2336264	0.3196561	0.4364062	0.0783076	0.1527777	0.0710761	0.1811898	0.3267884	0.4079958	0.2856342	0.3647596	0.1212603	0.1013371	0.0824543	0.1488095	0.3245765	0.3178461
3232988525.2435145	0.3196491	0.4364249	0.0782897	0.1527778	0.0710951	0.1811982	0.3267828	0.4079975	0.2856178	0.3647587	0.1212600	0.1013141	0.0824739	0.1488064	0.3245748	0.3178509
3232988525.2534027	0.3196558	0.4364405	0.0782881	0.1527834	0.0711011	0.1812026	0.3267746	0.4080134	0.2856261	0.3647511	0.1212753	0.1013190	0.0824635	0.1488027	0.3245866	0.3178508
3232988525.2632909	0.3196447	0.4363978	0.0782848	0.1527695	0.0710757	0.1812047	0.3267983	0.4080066	0.2856214	0.3647493	0.1212581	0.1013206	0.0824847	0.1487783	0.3245845	0.3178357
3232988525.2731791	0.3196502	0.4364212	0.0782842	0.1527505	0.0710832	0.1811800	0.3268017	0.4080219	0.2856206	0.3647616	0.1212647	0.1013260	0.0824580	0.1488116	0.3245930	0.3178321
3232988525.2830672	0.3196467	0.4364152	0.0783004	0.1527914	0.0710813	0.1811972	0.3267842	0.4080095	0.2856359	0.3647600	0.1212736	0.1013288	0.0824597	0.1488061	0.3246022	0.3178542
3232988525.2929554	0.3196396	0.4364311	0.0782796	0.1527794	0.0710945	0.1812002	0.3267903	0.4080198	0.2856363	0.3647682	0.1212715	0.1013082	0.0824647	0.1488034	0.3245839	0.3178541
3232988525.3028436	0.3196633	0.4364199	0.0782908	0.1527846	0.0711006	0.1811909	0.3267988	0.4080040	0.2856284	0.3647761	0.1212826	0.1013278	0.0824610	0.1488022	0.3245752	0.3178383
3232988525.3127303	0.3196313	0.4364256	0.0782784	0.1527734	0.0710806	0.1811954	0.3267923	0.4080060	0.2856365	0.3647619	0.1212617	0.1013271	0.0824624	0.1488173	0.3245920	0.3178536
3232988525.3226185	0.3196547	0.4364066	0.0782671	0.1527663	0.0710764	0.1811841	0.3267857	0.4080073	0.2856290	0.3647514	0.1212673	0.1013196	0.0824495	0.1488068	0.3245865	0.3178475
3232988525.3325067	0.3196746	0.4364304	0.0782969	0.1527789	0.0710861	0.1811887	0.3267645	0.4080245	0.2856313	0.3647540	0.1212604	0.1013165	0.0824794	0.1488170	0.3245940	0.3178483
3232988525.3423948	0.3196464	0.4364196	0.0783066	0.1527615	0.0710985	0.1811914	0.3267869	0.4080007	0.2856351	0.3647618	0.1212879	0.1013259	0.0824569	0.1488147	0.3245799	0.3178613
3232988525.3522830	0.3196497	0.4364257	0.0782890	0.1527695	0.0710926	0.1812057	0.3267908	0.4080177	0.2856359	0.3647602	0.1212679	0.1013352	0.0824732	0.1487973	0.3245987	0.3178555
3232988525.3621712	0.3196530	0.4364218	0.0782811	0.1527734	0.0710972	0.1811751	0.3267861	0.4080057	0.2856319	0.3647612	0.1212703	0.1013197	0.0824598	0.1488007	0.3245842	0.3178643
3232988525.3720593	0.3196581	0.4364167	0.0782881	0.1527771	0.0710896	0.1811933	0.3267839	0.4080166	0.2856275	0.3647690	0.1212629	0.1013377	0.0824650	0.1488130	0.3245877	0.3178434
3232988525.3819475	0.3196629	0.4364200	0.0782951	0.1527619	0.0710764	0.1811971	0.3267755	0.4080088	0.2856231	0.3647744	0.1212544	0.1013183	0.0824528	0.1487994	0.3245984	0.3178614
3232988525.3918357	0.3196499	0.4364346	0.0782964	0.1527613	0.0710924	0.1811949	0.3267863	0.4080215	0.2856361	0.3647583	0.1212887	0.1013284	0.0824806	0.1488011	0.3245848	0.3178532
3232988525.4017239	0.3196630	0.4364371	0.0782915	0.1528002	0.0710927	0.1811977	0.3267728	0.4080128	0.2856323	0.3647459	0.1212494	0.1013244	0.0824741	0.1488058	0.3245718	0.3178542
3232988525.4116101	0.3196320	0.4364327	0.0782894	0.1527499	0.0710967	0.1811914	0.3267756	0.4080064	0.2856421	0.3647560	0.1212749	0.1013238	0.0824657	0.1488077	0.3245955	0.3178449
3232988525.4214983	0.3196311	0.4364280	0.0782864	0.1527724	0.0710907	0.1811870	0.3267939	0.4080112	0.2856453	0.3647646	0.1212818	0.1013165	0.0824621	0.1488184	0.3245906	0.3178510
3232988525.4313865	0.3196619	0.4364208	0.0782787	0.1527572	0.0710914	0.1811959	0.3267947	0.4079925	0.2856372	0.3647631	0.1212579	0.1013454	0.0824646	0.1488000	0.3245863	0.3178619
3232988525.4412746	0.3196399	0.4364410	0.0783051	0.1527661	0.0711004	0.1811790	0.3267854	0.4080070	0.2856405	0.3647646	0.1212574	0.1013317	0.0824546	0.1488111	0.3246129	0.3178676
3232988525.4511628	0.3196471	0.4364268	0.0782821	0.1527879	0.0710960	0.1811863	0.3267785	0.4080026	0.2856413	0.3647724	0.1212636	0.1013337	0.0824513	0.1488125	0.3245937	0.3178607
3232988525.4610510	0.3196458	0.4364330	0.0782932	0.1527555	0.0710801	0.1812020	0.3267672	0.4080172	0.2856307	0.3647619	0.1212718	0.1013229	0.0824595	0.1488081	0.3245831	0.3178681
3232988525.4709392	0.3196602	0.4364045	0.0782965	0.1527732	0.0710797	0.1811745	0.3267945	0.4080088	0.2856445	0.3647475	0.1212644	0.1013365	0.0824480	0.1488031	0.3245792	0.3178552
3232988525.4808273	0.3196383	0.4364278	0.0782821	0.1527727	0.0710965	0.1811862	0.3267809	0.4080080	0.2856372	0.3647725	0.1212832	0.1013220	0.0824631	0.1488082	0.3246025	0.3178587
3232988525.4907155	0.3196232	0.4364424	0.0782957	0.1527739	0.0710885	0.1811883	0.3267771	0.4080079	0.2856293	0.3647607	0.1212731	0.1013422	0.0824569	0.1487890	0.3245678	0.3178542
3232988525.5006037	0.3196471	0.4364358	0.0783049	0.1527783	0.0710889	0.1812020	0.3267827	0.4080023	0.2856279	0.3647698	0.1212598	0.1013185	0.0824555	0.1488166	0.3245953	0.3178430
3232988525.5104899	0.3196282	0.4364235	0.0782823	0.1527926	0.0710862	0.1811995	0.3267719	0.4080040	0.2856316	0.3647513	0.1212846	0.1013281	0.0824766	0.1488019	0.3245872	0.3178396
3232988525.5203781	0.3196482	0.4364273	0.0782835	0.1527735	0.0710789	0.1811928	0.3267649	0.4080229	0.2856396	0.3647556	0.1212531	0.1013161	0.0824663	0.1488175	0.3245991	0.3178281
3232988525.5302663	0.3196619	0.4364145	0.0782959	0.1527572	0.0710793	0.1811858	0.3267771	0.4080032	0.2856179	0.3647680	0.1212764	0.1013266	0.0824674	0.1487888	0.3245718	0.3178543
3232988525.5401545	0.3196312	0.4364307	0.0782893	0.1527598	0.0710811	0.1811934	0.3267900	0.4080065	0.2856270	0.3647708	0.1212789	0.1013423	0.0824603	0.1488178	0.3245877	0.3178715
3232988525.5500426	0.3196676	0.4364396	0.0782790	0.1527600	0.0710953	0.1812055	0.3267721	0.4080282	0.2856087	0.3647658	0.1212737	0.1013286	0.0824573	0.1488095	0.3245757	0.3178425
3232988525.5599308	0.3196594	0.4364202	0.0782827	0.1527851	0.0711083	0.1812088	0.3267867	0.4080343	0.2856298	0.3647571	0.1212637	0.1013313	0.0824622	0.1488060	0.3245836	0.3178536
3232988525.5698190	0.3196285	0.4364259	0.0782885	0.1527693	0.0710959	0.1811928	0.3267645	0.4080023	0.2856250	0.3647448	0.1212646	0.1013304	0.0824752	0.1488106	0.3245859	0.3178550
3232988525.5797071	0.3196493	0.4364238	0.0782831	0.1527703	0.0710965	0.1811955	0.3267835	0.4080087	0.2856199	0.3647531	0.1212763	0.1013433	0.0824466	0.1488060	0.3245624	0.3178687
3232988525.5895953	0.3196407	0.4364338	0.0782848	0.1527832	0.0710791	0.1811918	0.3267742	0.4080111	0.2856319	0.3647567	0.1212649	0.1013289	0.0824553	0.1488105	0.3245657	0.3178328
3232988525.5994835	0.3196567	0.4364167	0.0782947	0.1527847	0.0710761	0.1811847	0.3267789	0.4080192	0.2856384	0.3647446	0.1212664	0.1013174	0.0824671	0.1487942	0.3245837	0.3178346
3232988525.6093702	0.3196322	0.4364471	0.0782996	0.1527607	0.0710873	0.1811804	0.3267954	0.4079987	0.2856191	0.3647692	0.1212831	0.1013282	0.0824796	0.1487918	0.3245957	0.3178385
3232988525.6192584	0.3196469	0.4364131	0.0783121	0.1527742	0.0710953	0.1811950	0.3267604	0.4080176	0.2856210	0.3647547	0.1212705	0.1013188	0.0824594	0.1488057	0.3245760	0.3178332
3232988525.6291466	0.3196389	0.4364149	0.0782833	0.1527640	0.0710768	0.1811834	0.3267796	0.4079937	0.2856232	0.3647735	0.1212684	0.1013122	0.0824599	0.1488106	0.3245770	0.3178392
3232988525.6390347	0.3196272	0.4364175	0.0783087	0.1527764	0.0710781	0.1812034	0.3267681	0.4080039	0.2856369	0.3647607	0.1212698	0.1013266	0.0824579	0.1487994	0.3245947	0.3178450
3232988525.6489229	0.3196263	0.4364125	0.0783018	0.1527653	0.0710834	0.1811946	0.3267753	0.4080183	0.2856292	0.3647548	0.1212626	0.1013238	0.0824547	0.1487891	0.3245865	0.3178500
3232988525.6588111	0.3196384	0.4364208	0.0783006	0.1527702	0.0711089	0.1812120	0.3267828	0.4080079	0.2856188	0.3647403	0.1212754	0.1013048	0.0824783	0.1488095	0.3245705	0.3178402
3232988525.6686993	0.3196503	0.4364367	0.0782830	0.1527946	0.0710860	0.1812017	0.3267837	0.4079909	0.2856410	0.3647555	0.1212709	0.1013318	0.0824448	0.1488041	0.3245798	0.3178541
3232988525.6785874	0.3196557	0.4364347	0.0782784	0.1527848	0.0710789	0.1811822	0.3267875	0.4080174	0.2856209	0.3647450	0.1212679	0.1013244	0.0824633	0.1488012	0.3245844	0.3178407
3232988525.6884756	0.3196357	0.4364033	0.0782856	0.1527742	0.0710965	0.1811710	0.3267774	0.4079964	0.2856173	0.3647543	0.1212664	0.1013111	0.0824793	0.1487996	0.3245821	0.3178468
3232988525.6983638	0.3196297	0.4364236	0.0783074	0.1527865	0.0710851	0.1811750	0.3267586	0.4080075	0.2856299	0.3647455	0.1212570	0.1013129	0.0824536	0.1488057	0.3245752	0.3178292
3232988525.7082500	0.3196495	0.4364273	0.0782996	0.1527941	0.0710837	0.1811741	0.3267968	0.4079936	0.2856351	0.3647709	0.1212588	0.1013259	0.0824645	0.1487932	0.3245673	0.3178498
3232988525.7181382	0.3196379	0.4364202	0.0782887	0.1527834	0.0711008	0.1811945	0.3267918	0.4080014	0.2856149	0.3647582	0.1212448	0.1013222	0.0824570	0.1488225	0.3245857	0.3178453
3232988525.7280264	0.3196523	0.4364124	0.0783006	0.1527793	0.0710952	0.1812018	0.3267921	0.4080018	0.2856395	0.3647458	0.1212679	0.1013251	0.0824792	0.1487836	0.3245669	0.3178507
3232988525.7379146	0.3196283	0.4364092	0.0782910	0.1527712	0.0710861	0.1812023	0.3267774	0.4080116	0.2856109	0.3647425	0.1212722	0.1013127	0.0824537	0.1488052	0.3245827	0.3178412
3232988525.7478027	0.3196420	0.4363950	0.0782758	0.1527683	0.0710824	0.1811895	0.3267848	0.4080025	0.2856201	0.3647455	0.1212617	0.1013189	0.0824685	0.1487832	0.3245718	0.3178378
3232988525.7576909	0.3196627	0.4364254	0.0783008	0.1527693	0.0710924	0.1812001	0.3267644	0.4079917	0.2856298	0.3647431	0.1212710	0.1013129	0.0824426	0.1487878	0.3245759	0.3178456
3232988525.7675791	0.3196340	0.4364262	0.0782854	0.1527673	0.0710956	0.1811957	0.3267737	0.4080175	0.2856254	0.3647390	0.1212658	0.1013230	0.0824673	0.1487940	0.3245675	0.3178324
3232988525.7774672	0.3196379	0.4364005	0.0782810	0.1527565	0.0710852	0.1811931	0.3267750	0.4079975	0.2856207	0.3647363	0.1212660	0.1013157	0.0824662	0.1488233	0.3245724	0.3178321
3232988525.7873554	0.3196344	0.4364133	0.0782782	0.1527516	0.0710754	0.1811898	0.3267578	0.4080001	0.2856176	0.3647467	0.1212533	0.1013256	0.0824667	0.1487929	0.3245668	0.3178398
3232988525.7972436	0.3196543	0.4364073	0.0782953	0.1527605	0.0710885	0.1811923	0.3267572	0.4080006	0.2856094	0.3647396	0.1212695	0.1012980	0.0824536	0.1487937	0.3245700	0.3178356
3232988525.8071303	0.3196112	0.4364052	0.0782868	0.1527719	0.0710848	0.1811881	0.3267695	0.4080098	0.2856242	0.3647455	0.1212840	0.1013393	0.0824654	0.1487937	0.3245623	0.3178508
3232988525.8170185	0.3196565	0.4364085	0.0782979	0.1527725	0.0710975	0.1811800	0.3267882	0.4080066	0.2856164	0.3647386	0.1212549	0.1013162	0.0824694	0.1488074	0.3245609	0.3178452
3232988525.8269067	0.3196377	0.4364057	0.0783027	0.1527834	0.0710729	0.1811921	0.3267772	0.4079972	0.2856107	0.3647521	0.1212560	0.1013423	0.0824599	0.1487887	0.3245654	0.3178478
3232988525.8367949	0.3196416	0.4364140	0.0782709	0.1527817	0.0710825	0.1811883	0.3267661	0.4079982	0.2856183	0.3647520	0.1212597	0.1013151	0.0824657	0.1488117	0.3245705	0.3178415
3232988525.8466830	0.3196411	0.4363979	0.0782847	0.1527688	0.0710857	0.1811814	0.3267775	0.4079744	0.2856041	0.3647441	0.1212648	0.1013269	0.0824542	0.1487873	0.3245560	0.3178360
3232988525.8565712	0.3196309	0.4364290	0.0782951	0.1527858	0.0710946	0.1811933	0.3267886	0.4079957	0.2856109	0.3647648	0.1212529	0.1013185	0.0824720	0.1488022	0.3245842	0.3178348
3232988525.8664594	0.3196492	0.4364018	0.0782897	0.1527815	0.0710715	0.1811720	0.3267906	0.4080090	0.2856268	0.3647466	0.1212844	0.1013234	0.0824509	0.1487938	0.3245726	0.3178466
3232988525.8763475	0.3196277	0.4364212	0.0782992	0.1527596	0.0711021	0.1811878	0.3267800	0.4079855	0.2856230	0.3647671	0.1212813	0.1013326	0.0824759	0.1488101	0.3245698	0.3178271
3232988525.8862357	0.3196330	0.4364338	0.0782873	0.1527650	0.0710918	0.1811868	0.3267696	0.4079913	0.2856196	0.3647694	0.1212675	0.1013277	0.0824735	0.1487981	0.3245700	0.3178634
3232988525.8961239	0.3196281	0.4364210	0.0783069	0.1527557	0.0710851	0.1811921	0.3267843	0.4079933	0.2856097	0.3647507	0.1212557	0.1013357	0.0824602	0.1487992	0.3245769	0.3178562
3232988525.9060101	0.3196323	0.4364101	0.0782889	0.1527885	0.0710761	0.1811831	0.3267768	0.4079960	0.2856106	0.3647551	0.1212548	0.1013286	0.0824597	0.1487940	0.3245676	0.3178217
3232988525.9158983	0.3196546	0.4364187	0.0783008	0.1527635	0.0710963	0.1811810	0.3267730	0.4079935	0.2856155	0.3647399	0.1212714	0.1013294	0.0824653	0.1488121	0.3245689	0.3178414
3232988525.9257865	0.3196514	0.4364149	0.0783002	0.1527398	0.0710928	0.1811947	0.3267739	0.4080059	0.2856092	0.3647527	0.1212605	0.1013314	0.0824682	0.1487981	0.3245513	0.3178476
3232988525.9356747	0.3196586	0.4364103	0.0783096	0.1527910	0.0710789	0.1811924	0.3267748	0.4080000	0.2856079	0.3647500	0.1212687	0.1013084	0.0824330	0.1488086	0.3245710	0.3178274
3232988525.9455628	0.3196379	0.4364176	0.0782792	0.1527605	0.0710845	0.1811940	0.3267642	0.4079971	0.2856080	0.3647665	0.1212529	0.1013224	0.0824518	0.1488035	0.3245683	0.3178531
3232988525.9554510	0.3196248	0.4364073	0.0782875	0.1527775	0.0710821	0.1811932	0.3267566	0.4079972	0.2856287	0.3647560	0.1212531	0.1013075	0.0824507	0.1488058	0.3245655	0.3178407
3232988525.9653392	0.3196309	0.4364202	0.0782802	0.1527655	0.0710931	0.1812006	0.3267616	0.4080008	0.2856014	0.3647596	0.1212560	0.1013067	0.0824633	0.1487964	0.3245637	0.3178713
3232988525.9752274	0.3196535	0.4364154	0.0783050	0.1527745	0.0710765	0.1812123	0.3267821	0.4080084	0.2856084	0.3647446	0.1212558	0.1013233	0.0824669	0.1487952	0.3245510	0.3178540
3232988525.9851155	0.3196382	0.4364178	0.0782945	0.1527779	0.0710858	0.1811957	0.3267808	0.4080089	0.2856152	0.3647646	0.1212464	0.1013241	0.0824670	0.1488094	0.3245711	0.3178430
3232988525.9950037	0.3196272	0.4364270	0.0783066	0.1527685	0.0710757	0.1812137	0.3267634	0.4080029	0.2856036	0.3647478	0.1212539	0.1013276	0.0824450	0.1488119	0.3245653	0.3178568
3232988526.0048900	0.3196280	0.4364114	0.0783091	0.1527695	0.0710945	0.1811889	0.3267611	0.4080160	0.2856136	0.3647617	0.1212730	0.1013294	0.0824806	0.1488011	0.3245725	0.3178595
3232988526.0147781	0.3196323	0.4364368	0.0783033	0.1527587	0.0710794	0.1811965	0.3267758	0.4079841	0.2856231	0.3647400	0.1212770	0.1013220	0.0824579	0.1488214	0.3245641	0.3178553
3232988526.0246663	0.3196259	0.4364035	0.0782999	0.1527662	0.0710696	0.1812135	0.3267883	0.4079950	0.2856097	0.3647459	0.1212467	0.1013169	0.0824548	0.1488113	0.3245562	0.3178615
3232988526.0345545	0.3196258	0.4364016	0.0782994	0.1527759	0.0710790	0.1811861	0.3267635	0.4080159	0.2856046	0.3647723	0.1212453	0.1013330	0.0824601	0.1487874	0.3245502	0.3178685
3232988526.0444427	0.3196483	0.4364321	0.0783014	0.1527854	0.0710863	0.1812049	0.3267831	0.4080207	0.2856150	0.3647646	0.1212686	0.1013310	0.0824621	0.1488192	0.3245618	0.3178513
3232988526.0543308	0.3196289	0.4364101	0.0782837	0.1527707	0.0710728	0.1812054	0.3267506	0.4079988	0.2856012	0.3647594	0.1212598	0.1013171	0.0824573	0.1488055	0.3245571	0.3178443
3232988526.0642190	0.3196160	0.4364261	0.0782933	0.1527839	0.0710758	0.1811941	0.3267717	0.4079999	0.2856137	0.3647440	0.1212482	0.1013241	0.0824582	0.1488050	0.3245565	0.3178568
3232988526.0741072	0.3196334	0.4364309	0.0783136	0.1527644	0.0710849	0.1811924	0.3267761	0.4080209	0.2855986	0.3647601	0.1212456	0.1013272	0.0824405	0.1488085	0.3245725	0.3178576
3232988526.0839953	0.3196421	0.4364245	0.0783000	0.1527954	0.0710969	0.1811806	0.3267622	0.4080279	0.2855955	0.3647664	0.1212603	0.1013233	0.0824681	0.1487986	0.3245645	0.3178845
3232988526.0938835	0.3196269	0.4364253	0.0783017	0.1527730	0.0710910	0.1812007	0.3267693	0.4080093	0.2856335	0.3647606	0.1212605	0.1013221	0.0824576	0.1487990	0.3245734	0.3178548
3232988526.1037703	0.3196310	0.4364223	0.0782822	0.1527793	0.0710988	0.1811999	0.3267714	0.4080185	0.2856078	0.3647710	0.1212425	0.1013228	0.0824453	0.1488078	0.3245769	0.3178686
3232988526.1136584	0.3196402	0.4364294	0.0782956	0.1527725	0.0710881	0.1812004	0.3267920	0.4080208	0.2856270	0.3647691	0.1212601	0.1013438	0.0824758	0.1487898	0.3245681	0.3178537
3232988526.1235466	0.3196290	0.4364256	0.0782878	0.1527805	0.0711126	0.1812016	0.3267470	0.4080101	0.2856149	0.3647600	0.1212533	0.1013181	0.0824706	0.1488105	0.3245704	0.3178598
3232988526.1334348	0.3196529	0.4364241	0.0783183	0.1527832	0.0711011	0.1812096	0.3267684	0.4079937	0.2856105	0.3647709	0.1212612	0.1013288	0.0824605	0.1488060	0.3245563	0.3178643
3232988526.1433229	0.3196425	0.4364384	0.0782993	0.1527724	0.0710891	0.1811976	0.3267564	0.4080237	0.2856077	0.3647667	0.1212691	0.1013327	0.0824681	0.1488037	0.3245760	0.3178651
3232988526.1532111	0.3196272	0.4364199	0.0782891	0.1527834	0.0710850	0.1812049	0.3267683	0.4080097	0.2856099	0.3647965	0.1212556	0.1013277	0.0824674	0.1488019	0.3245813	0.3178602
3232988526.1630993	0.3196360	0.4364269	0.0782773	0.1527666	0.0710875	0.1811875	0.3267782	0.4080099	0.2856239	0.3647620	0.1212618	0.1013407	0.0824581	0.1488183	0.3245695	0.3178740
3232988526.1729875	0.3196265	0.4364361	0.0782959	0.1527735	0.0710753	0.1811970	0.3267775	0.4080028	0.2856092	0.3647854	0.1212589	0.1013182	0.0824755	0.1488100	0.3245797	0.3178410
3232988526.1828756	0.3196346	0.4364512	0.0782925	0.1527924	0.0710910	0.1812083	0.3267728	0.4080280	0.2856145	0.3647674	0.1212570	0.1013260	0.0824612	0.1488179	0.3245686	0.3178775
3232988526.1927638	0.3196391	0.4364410	0.0782953	0.1527803	0.0711029	0.1811903	0.3267862	0.4080082	0.2856049	0.3647685	0.1212649	0.1013310	0.0824707	0.1488144	0.3245622	0.3178603
3232988526.2026501	0.3196429	0.4364247	0.0782803	0.1527753	0.0710934	0.1812016	0.3267672	0.4080223	0.2856162	0.3647803	0.1212453	0.1013214	0.0824690	0.1488077	0.3245844	0.3178558
3232988526.2125382	0.3196216	0.4364349	0.0782839	0.1527922	0.0711058	0.1812050	0.3267443	0.4080065	0.2856077	0.3647879	0.1212886	0.1013223	0.0824512	0.1488058	0.3245797	0.3178634
3232988526.2224264	0.3196297	0.4364317	0.0782900	0.1527646	0.0710870	0.1812103	0.3267772	0.4080129	0.2856188	0.3647843	0.1212699	0.1013256	0.0824504	0.1488210	0.3245782	0.3178619
3232988526.2323146	0.3196498	0.4364470	0.0782892	0.1527811	0.0710948	0.1812137	0.3267737	0.4080110	0.2856234	0.3647994	0.1212538	0.1013156	0.0824640	0.1488120	0.3245656	0.3178728
3232988526.2422028	0.3196301	0.4364269	0.0782855	0.1527723	0.0710783	0.1812140	0.3267879	0.4080314	0.2856271	0.3647820	0.1212531	0.1013289	0.0824500	0.1488082	0.3245634	0.3178543
3232988526.2520909	0.3196351	0.4364435	0.0782833	0.1527869	0.0710794	0.1812064	0.3267672	0.4080396	0.2856174	0.3647736	0.1212518	0.1013262	0.0824638	0.1488237	0.3245809	0.3178695
3232988526.2619791	0.3196445	0.4364403	0.0782970	0.1527681	0.0711080	0.1812236	0.3267633	0.4080069	0.2856289	0.3647616	0.1212618	0.1013266	0.0824400	0.1488110	0.3245455	0.3178707
3232988526.2718673	0.3196493	0.4364515	0.0782825	0.1527713	0.0711005	0.1811859	0.3267527	0.4080230	0.2856139	0.3648026	0.1212599	0.1013389	0.0824646	0.1488179	0.3245741	0.3178710
3232988526.2817554	0.3196397	0.4364192	0.0783009	0.1527796	0.0710649	0.1812062	0.3267594	0.4080258	0.2856088	0.3647731	0.1212698	0.1013317	0.0824460	0.1488226	0.3245813	0.3178791
3232988526.2916436	0.3196273	0.4364310	0.0782956	0.1527763	0.0710796	0.1812103	0.3267791	0.4080279	0.2856266	0.3647791	0.1212734	0.1013278	0.0824647	0.1488166	0.3245680	0.3178938
3232988526.3015299	0.3196387	0.4364547	0.0782967	0.1527920	0.0711043	0.1812029	0.3267799	0.4080189	0.2856151	0.3647739	0.1212616	0.1013370	0.0824546	0.1488194	0.3245547	0.3178749
3232988526.3114181	0.3196377	0.4364548	0.0782726	0.1527522	0.0710809	0.1812121	0.3267800	0.4080422	0.2856026	0.3647754	0.1212599	0.1013238	0.0824717	0.1488209	0.3245937	0.3178593
3232988526.3213062	0.3196235	0.4364389	0.0782932	0.1527768	0.0710697	0.1811992	0.3267609	0.4080423	0.2856174	0.3647871	0.1212552	0.1013116	0.0824694	0.1488014	0.3245651	0.3178545
3232988526.3311944	0.3196455	0.4364360	0.0782998	0.1527698	0.0710742	0.1811993	0.3267460	0.4080339	0.2856157	0.3647681	0.1212655	0.1013267	0.0824770	0.1488294	0.3245444	0.3178714
3232988526.3410826	0.3196448	0.4364308	0.0783085	0.1527824	0.0710721	0.1812116	0.3267740	0.4080248	0.2856120	0.3647806	0.1212727	0.1013212	0.0824757	0.1488211	0.3245790	0.3178804
3232988526.3509707	0.3196441	0.4364437	0.0782910	0.1527863	0.0710948	0.1812077	0.3267508	0.4080228	0.2856273	0.3647952	0.1212660	0.1013259	0.0824547	0.1488254	0.3245799	0.3178851
3232988526.3608589	0.3196192	0.4364343	0.0782879	0.1527773	0.0710978	0.1812033	0.3267673	0.4080216	0.2856228	0.3647965	0.1212421	0.1013203	0.0824745	0.1488262	0.3245676	0.3178809
3232988526.3707471	0.3196293	0.4364393	0.0782714	0.1527804	0.0710738	0.1811904	0.3267580	0.4080331	0.2856146	0.3647870	0.1212581	0.1013200	0.0824510	0.1488268	0.3245774	0.3178788
3232988526.3806353	0.3196153	0.4364343	0.0782799	0.1527852	0.0710862	0.1811945	0.3267650	0.4080401	0.2856085	0.3648074	0.1212699	0.1013461	0.0824576	0.1488153	0.3245791	0.3178913
3232988526.3905234	0.3196320	0.4364410	0.0782892	0.1527721	0.0710772	0.1811995	0.3267687	0.4080240	0.2856137	0.3647762	0.1212732	0.1013408	0.0824504	0.1488092	0.3245729	0.3178819
3232988526.4004102	0.3196393	0.4364488	0.0783016	0.1527789	0.0710799	0.1812146	0.3267717	0.4080219	0.2856130	0.3647933	0.1212609	0.1013333	0.0824749	0.1488219	0.3245651	0.3178775
3232988526.4102983	0.3196321	0.4364593	0.0783127	0.1527694	0.0710905	0.1812035	0.3267770	0.4080371	0.2856200	0.3647883	0.1212687	0.1013229	0.0824803	0.1488245	0.3245883	0.3178787
3232988526.4201865	0.3196269	0.4364452	0.0783083	0.1527853	0.0711020	0.1812083	0.3267724	0.4080376	0.2856162	0.3647820	0.1212741	0.1013329	0.0824418	0.1487879	0.3245766	0.3178747
3232988526.4300747	0.3196379	0.4364289	0.0782845	0.1527986	0.0710849	0.1812153	0.3267567	0.4080260	0.2856238	0.3647935	0.1212473	0.1013498	0.0824622	0.1488066	0.3245692	0.3178634
3232988526.4399629	0.3196380	0.4364497	0.0782887	0.1527805	0.0710892	0.1812173	0.3267674	0.4080277	0.2856164	0.3647955	0.1212596	0.1013440	0.0824711	0.1488166	0.3245720	0.3178937
3232988526.4498510	0.3196239	0.4364405	0.0783136	0.1527651	0.0710894	0.1812163	0.3267770	0.4080465	0.2856128	0.3647779	0.1212714	0.1013154	0.0824562	0.1488196	0.3245821	0.3178843
3232988526.4597392	0.3196299	0.4364368	0.0783035	0.1527819	0.0710998	0.1812105	0.3267638	0.4080264	0.2856194	0.3647887	0.1212647	0.1013475	0.0824603	0.1488119	0.3245761	0.3178857
3232988526.4696274	0.3196492	0.4364597	0.0782843	0.1527817	0.0710931	0.1812110	0.3267974	0.4080307	0.2856313	0.3647903	0.1212781	0.1013323	0.0824648	0.1488157	0.3245716	0.3178896
3232988526.4795156	0.3196212	0.4364463	0.0783050	0.1527728	0.0710810	0.1811889	0.3267719	0.4080211	0.2856243	0.3648005	0.1212689	0.1013389	0.0824569	0.1488175	0.3245722	0.3178640
3232988526.4894037	0.3196149	0.4364557	0.0782890	0.1527880	0.0710981	0.1811951	0.3267508	0.4080509	0.2856244	0.3648026	0.1212509	0.1013366	0.0824387	0.1488309	0.3245761	0.3178827
3232988526.4992900	0.3196403	0.4364580	0.0783043	0.1527926	0.0710885	0.1812055	0.3267606	0.4080482	0.2856199	0.3648072	0.1212828	0.1013442	0.0824702	0.1488317	0.3245639	0.3178883
3232988526.5091782	0.3196337	0.4364735	0.0782899	0.1527885	0.0710774	0.1812076	0.3267752	0.4080440	0.2856231	0.3647968	0.1212541	0.1013458	0.0824675	0.1488203	0.3245828	0.3178770
3232988526.5190663	0.3196233	0.4364645	0.0782876	0.1527881	0.0711028	0.1811980	0.3267665	0.4080271	0.2856264	0.3648139	0.1212595	0.1013479	0.0824658	0.1488400	0.3245659	0.3178811
3232988526.5289545	0.3196331	0.4364543	0.0782901	0.1527894	0.0711062	0.1811908	0.3267696	0.4080591	0.2856193	0.3647922	0.1212482	0.1013416	0.0824571	0.1488215	0.3245883	0.3179046
3232988526.5388427	0.3196239	0.4364529	0.0782908	0.1527916	0.0710881	0.1812096	0.3267746	0.4080435	0.2856323	0.3648025	0.1212651	0.1013379	0.0824731	0.1488078	0.3245827	0.3179095
3232988526.5487308	0.3196313	0.4364552	0.0782862	0.1527778	0.0710777	0.1812187	0.3267503	0.4080527	0.2856390	0.3647998	0.1212653	0.1013299	0.0824566	0.1488120	0.3245569	0.3178783
3232988526.5586190	0.3196156	0.4364704	0.0783038	0.1528083	0.0710790	0.1811987	0.3267663	0.4080490	0.2856227	0.3648139	0.1212665	0.1013314	0.0824757	0.1488209	0.3245605	0.3178857
3232988526.5685072	0.3196471	0.4364721	0.0782871	0.1527836	0.0710980	0.1812064	0.3267694	0.4080542	0.2856175	0.3647943	0.1212545	0.1013474	0.0824626	0.1488242	0.3245744	0.3178783
3232988526.5783954	0.3196302	0.4364877	0.0782830	0.1527823	0.0711045	0.1812054	0.3267950	0.4080396	0.2856076	0.3648030	0.1212686	0.1013328	0.0824631	0.1488257	0.3245820	0.3178786
3232988526.5882835	0.3196112	0.4364637	0.0782697	0.1527767	0.0711042	0.1812221	0.3267485	0.4080314	0.2856123	0.3648086	0.1212593	0.1013345	0.0824602	0.1488365	0.3245775	0.3178751
3232988526.5981703	0.3196344	0.4364521	0.0782963	0.1527933	0.0710908	0.1812008	0.3267462	0.4080276	0.2856055	0.3648019	0.1212647	0.1013295	0.0824579	0.1488369	0.3245634	0.3178843
3232988526.6080585	0.3196351	0.4364757	0.0782954	0.1527926	0.0710743	0.1812224	0.3267625	0.4080426	0.2856350	0.3648130	0.1212640	0.1013201	0.0824824	0.1488143	0.3245761	0.3178843
3232988526.6179466	0.3196175	0.4364558	0.0783033	0.1528117	0.0710796	0.1812103	0.3267599	0.4080323	0.2856181	0.3648187	0.1212707	0.1013351	0.0824618	0.1488251	0.3245547	0.3178828
3232988526.6278348	0.3196223	0.4364723	0.0782810	0.1527852	0.0711042	0.1812117	0.3267515	0.4080689	0.2856158	0.3648169	0.1212710	0.1013337	0.0824605	0.1488124	0.3245705	0.3178959
3232988526.6377230	0.3196237	0.4364757	0.0782980	0.1527933	0.0710932	0.1812022	0.3267489	0.4080399	0.2856188	0.3647965	0.1212560	0.1013349	0.0824434	0.1488356	0.3245637	0.3178878
3232988526.6476111	0.3196236	0.4364681	0.0782888	0.1527909	0.0710719	0.1812089	0.3267786	0.4080440	0.2856233	0.3648097	0.1212584	0.1013245	0.0824602	0.1488133	0.3245789	0.3178816
3232988526.6574993	0.3196295	0.4364625	0.0783058	0.1527865	0.0710780	0.1812049	0.3267749	0.4080459	0.2856155	0.3648050	0.1212664	0.1013363	0.0824362	0.1488122	0.3245605	0.3178952
3232988526.6673875	0.3196166	0.4364809	0.0783126	0.1528076	0.0710825	0.1812005	0.3267634	0.4080602	0.2856239	0.3648042	0.1212614	0.1013480	0.0824527	0.1488274	0.3245783	0.3178953
3232988526.6772757	0.3196321	0.4364635	0.0782841	0.1528094	0.0710838	0.1812218	0.3267744	0.4080537	0.2856159	0.3648132	0.1212801	0.1013321	0.0824619	0.1488209	0.3245745	0.3179031
3232988526.6871638	0.3196185	0.4364816	0.0782732	0.1527941	0.0710863	0.1812213	0.3267661	0.4080580	0.2856246	0.3648158	0.1212560	0.1013481	0.0824601	0.1488228	0.3245846	0.3178980
3232988526.6970501	0.3196324	0.4364560	0.0782764	0.1527838	0.0710814	0.1812066	0.3267705	0.4080413	0.2856209	0.3648197	0.1212717	0.1013252	0.0824492	0.1488259	0.3245688	0.3178986
3232988526.7069383	0.3196289	0.4364737	0.0783006	0.1527798	0.0710828	0.1812161	0.3267608	0.4080675	0.2856392	0.3648110	0.1212615	0.1013287	0.0824637	0.1488318	0.3245941	0.3178901
3232988526.7168264	0.3196296	0.4364761	0.0782996	0.1528064	0.0710937	0.1812114	0.3267778	0.4080640	0.2856239	0.3648024	0.1212399	0.1013361	0.0824645	0.1488088	0.3245894	0.3179071
3232988526.7267146	0.3196170	0.4364827	0.0782758	0.1527908	0.0710809	0.1812162	0.3267526	0.4080694	0.2856291	0.3647960	0.1212639	0.1013245	0.0824712	0.1488145	0.3245719	0.3178905
3232988526.7366028	0.3196225	0.4364743	0.0782931	0.1528025	0.0710932	0.1812202	0.3267621	0.4080522	0.2856155	0.3648092	0.1212664	0.1013420	0.0824692	0.1488247	0.3245675	0.3178996
3232988526.7464910	0.3196261	0.4364662	0.0782906	0.1527835	0.0710664	0.1812288	0.3267721	0.4080492	0.2856171	0.3648202	0.1212382	0.1013435	0.0824884	0.1488267	0.3245698	0.3179221
3232988526.7563791	0.3196282	0.4364757	0.0782853	0.1527884	0.0710674	0.1812058	0.3267395	0.4080554	0.2856259	0.3648095	0.1212698	0.1013412	0.0824863	0.1488185	0.3245874	0.3178951
3232988526.7662673	0.3196502	0.4364834	0.0782955	0.1527917	0.0710802	0.1812034	0.3267756	0.4080649	0.2856369	0.3648129	0.1212673	0.1013555	0.0824746	0.1488521	0.3245703	0.3178942
3232988526.7761555	0.3196323	0.4364702	0.0782956	0.1527998	0.0710780	0.1812289	0.3267777	0.4080653	0.2856053	0.3648132	0.1212676	0.1013469	0.0824632	0.1488320	0.3245687	0.3179239
3232988526.7860436	0.3196389	0.4364896	0.0782951	0.1527790	0.0710752	0.1812097	0.3267695	0.4080537	0.2856461	0.3647964	0.1212467	0.1013377	0.0824648	0.1488215	0.3245896	0.3178813
3232988526.7959299	0.3196013	0.4364919	0.0783043	0.1527982	0.0711072	0.1812047	0.3267536	0.4080619	0.2856093	0.3648027	0.1212595	0.1013364	0.0824527	0.1488145	0.3245774	0.3179022
3232988526.8058181	0.3196275	0.4364769	0.0782845	0.1527892	0.0710810	0.1812217	0.3267500	0.4080578	0.2856300	0.3648186	0.1212625	0.1013444	0.0824504	0.1488297	0.3245952	0.3178682
3232988526.8157063	0.3196315	0.4364828	0.0782946	0.1527918	0.0710833	0.1812275	0.3267739	0.4080637	0.2856093	0.3648051	0.1212431	0.1013414	0.0824727	0.1488220	0.3245822	0.3178914
3232988526.8255944	0.3196303	0.4364712	0.0782983	0.1527988	0.0710947	0.1812229	0.3267524	0.4080533	0.2856261	0.3648152	0.1212621	0.1013479	0.0824713	0.1488362	0.3245772	0.3178959
3232988526.8354826	0.3196163	0.4364690	0.0783085	0.1528051	0.0710799	0.1812201	0.3267724	0.4080578	0.2856196	0.3648240	0.1212519	0.1013419	0.0824712	0.1488299	0.3245827	0.3178955
3232988526.8453708	0.3196341	0.4364813	0.0782860	0.1528007	0.0710872	0.1812192	0.3267806	0.4080392	0.2855971	0.3648282	0.1212613	0.1013466	0.0824512	0.1488192	0.3245580	0.3179037
3232988526.8552589	0.3196278	0.4364739	0.0783014	0.1527876	0.0710909	0.1811870	0.3267533	0.4080617	0.2856287	0.3648206	0.1212581	0.1013433	0.0824479	0.1488392	0.3245633	0.3179066
3232988526.8651471	0.3196262	0.4364692	0.0782847	0.1527852	0.0710822	0.1812051	0.3267662	0.4080500	0.2856146	0.3648236	0.1212714	0.1013576	0.0824468	0.1488296	0.3245755	0.3179010
3232988526.8750353	0.3196280	0.4364638	0.0783038	0.1527829	0.0710914	0.1812278	0.3267594	0.4080662	0.2856042	0.3648220	0.1212795	0.1013360	0.0824642	0.1488367	0.3245635	0.3179142
3232988526.8849235	0.3196517	0.4364932	0.0783007	0.1527842	0.0710870	0.1812192	0.3267745	0.4080567	0.2856389	0.3648258	0.1212616	0.1013472	0.0824567	0.1488326	0.3245808	0.3179029
3232988526.8948102	0.3196141	0.4364954	0.0783047	0.1528005	0.0710892	0.1812031	0.3267566	0.4080817	0.2856185	0.3648039	0.1212622	0.1013282	0.0824477	0.1488218	0.3245696	0.3179097
3232988526.9046984	0.3196354	0.4364889	0.0783122	0.1527968	0.0710998	0.1812276	0.3267665	0.4080522	0.2856052	0.3648233	0.1212504	0.1013464	0.0824764	0.1488291	0.3245788	0.3179117
3232988526.9145865	0.3196221	0.4364894	0.0782664	0.1527869	0.0710906	0.1812032	0.3267674	0.4080805	0.2856149	0.3648350	0.1212563	0.1013338	0.0824662	0.1488324	0.3245711	0.3179159
3232988526.9244747	0.3196414	0.4364650	0.0782961	0.1527900	0.0710887	0.1812237	0.3267866	0.4080652	0.2856073	0.3648428	0.1212621	0.1013530	0.0824527	0.1488407	0.3245741	0.3179015
3232988526.9343629	0.3196416	0.4364757	0.0783024	0.1527895	0.0710963	0.1812228	0.3267721	0.4080635	0.2855992	0.3648318	0.1212559	0.1013431	0.0824645	0.1488449	0.3245619	0.3179156
3232988526.9442511	0.3196407	0.4365002	0.0782947	0.1527872	0.0710882	0.1812059	0.3267657	0.4080436	0.2856168	0.3648060	0.1212640	0.1013479	0.0824618	0.1488434	0.3245731	0.3179013
3232988526.9541392	0.3196348	0.4364840	0.0782847	0.1527890	0.0710830	0.1812134	0.3267568	0.4080539	0.2856039	0.3648197	0.1212593	0.1013430	0.0824695	0.1488398	0.3245590	0.3179283
3232988526.9640274	0.3196242	0.4364863	0.0782925	0.1527864	0.0710691	0.1812154	0.3267589	0.4080467	0.2856043	0.3648244	0.1212417	0.1013476	0.0824435	0.1488440	0.3245496	0.3179006
3232988526.9739156	0.3196316	0.4365045	0.0783036	0.1527879	0.0710961	0.1812268	0.3267505	0.4080570	0.2856314	0.3648364	0.1212608	0.1013322	0.0824877	0.1488314	0.3245742	0.3178963
3232988526.9838037	0.3196303	0.4364825	0.0782938	0.1527915	0.0710883	0.1812300	0.3267586	0.4080588	0.2856111	0.3648163	0.1212543	0.1013304	0.0824546	0.1488193	0.3245635	0.3179010
3232988526.9936900	0.3196393	0.4365001	0.0782805	0.1527997	0.0710889	0.1812337	0.3267569	0.4080707	0.2856188	0.3648182	0.1212532	0.1013346	0.0824673	0.1488295	0.3245587	0.3179300
3232988527.0035782	0.3196273	0.4365005	0.0783045	0.1527830	0.0710741	0.1812164	0.3267726	0.4080662	0.2856129	0.3648247	0.1212544	0.1013459	0.0824651	0.1488260	0.3245739	0.3179120
3232988527.0134664	0.3196181	0.4364882	0.0782973	0.1527881	0.0710939	0.1812216	0.3267519	0.4080728	0.2856067	0.3648350	0.1212680	0.1013427	0.0824559	0.1488382	0.3245609	0.3179078
3232988527.0233545	0.3196459	0.4364784	0.0782712	0.1527978	0.0710836	0.1812040	0.3267553	0.4080807	0.2856135	0.3648221	0.1212604	0.1013426	0.0824641	0.1488382	0.3245661	0.3178940
3232988527.0332427	0.3196139	0.4364929	0.0782761	0.1528030	0.0710846	0.1812279	0.3267583	0.4080616	0.2856288	0.3648265	0.1212552	0.1013399	0.0824604	0.1488502	0.3245754	0.3179028
3232988527.0431309	0.3196268	0.4364834	0.0782962	0.1528114	0.0710971	0.1812180	0.3267644	0.4080599	0.2856201	0.3648396	0.1212621	0.1013501	0.0824659	0.1488288	0.3245639	0.3179016
3232988527.0530190	0.3196302	0.4364813	0.0782804	0.1527978	0.0711034	0.1812093	0.3267684	0.4080920	0.2856028	0.3648396	0.1212483	0.1013489	0.0824663	0.1488512	0.3245723	0.3179077
3232988527.0629072	0.3196368	0.4364745	0.0782910	0.1528067	0.0711012	0.1812286	0.3267522	0.4080499	0.2856072	0.3648503	0.1212575	0.1013681	0.0824708	0.1488368	0.3245605	0.3179236
3232988527.0727954	0.3196173	0.4365093	0.0782904	0.1527928	0.0710681	0.1812218	0.3267531	0.4080821	0.2856277	0.3648348	0.1212718	0.1013389	0.0824641	0.1488405	0.3245685	0.3179187
3232988527.0826836	0.3196198	0.4364875	0.0782910	0.1528169	0.0711005	0.1812202	0.3267798	0.4080690	0.2856212	0.3648443	0.1212599	0.1013498	0.0824626	0.1488426	0.3245821	0.3179261
3232988527.0925703	0.3196468	0.4364969	0.0783143	0.1528027	0.0710961	0.1812189	0.3267647	0.4080687	0.2856165	0.3648551	0.1212627	0.1013527	0.0824709	0.1488328	0.3245631	0.3179192
3232988527.1024585	0.3196447	0.4365076	0.0782972	0.1528022	0.0710855	0.1812141	0.3267552	0.4080786	0.2856369	0.3648242	0.1212690	0.1013427	0.0824804	0.1488461	0.3245705	0.3179084
3232988527.1123466	0.3196182	0.4364843	0.0783077	0.1528086	0.0710902	0.1812395	0.3267678	0.4080881	0.2856266	0.3648373	0.1212682	0.1013468	0.0824598	0.1488440	0.3245622	0.3179074
3232988527.1222348	0.3196379	0.4365007	0.0782973	0.1527969	0.0710909	0.1812178	0.3267525	0.4080682	0.2856135	0.3648488	0.1212724	0.1013487	0.0824529	0.1488274	0.3245627	0.3179197
3232988527.1321230	0.3196546	0.4364825	0.0782806	0.1528154	0.0710814	0.1812367	0.3267585	0.4080920	0.2856128	0.3648488	0.1212541	0.1013411	0.0824664	0.1488500	0.3245738	0.3179106
3232988527.1420112	0.3196224	0.4364874	0.0782814	0.1528097	0.0710914	0.1812315	0.3267549	0.4080883	0.2856368	0.3648511	0.1212763	0.1013415	0.0824619	0.1488302	0.3245695	0.3179256
3232988527.1518993	0.3196305	0.4364997	0.0782917	0.1527994	0.0710816	0.1812350	0.3267726	0.4080769	0.2856073	0.3648397	0.1212613	0.1013554	0.0824792	0.1488353	0.3245851	0.3179310
3232988527.1617875	0.3196157	0.4365171	0.0782695	0.1528180	0.0710800	0.1812318	0.3267583	0.4080803	0.2856124	0.3648432	0.1212531	0.1013568	0.0824677	0.1488422	0.3245758	0.3179400
3232988527.1716757	0.3196369	0.4364996	0.0782957	0.1528128	0.0710656	0.1812311	0.3267655	0.4081036	0.2856099	0.3648414	0.1212602	0.1013486	0.0824814	0.1488445	0.3245853	0.3179332
3232988527.1815639	0.3196494	0.4365011	0.0782903	0.1528034	0.0710820	0.1812451	0.3267550	0.4080968	0.2856146	0.3648764	0.1212650	0.1013710	0.0824689	0.1488433	0.3245691	0.3179327
3232988527.1914501	0.3196418	0.4365211	0.0783012	0.1528163	0.0710961	0.1812322	0.3267580	0.4081007	0.2856237	0.3648361	0.1212624	0.1013603	0.0824764	0.1488287	0.3245657	0.3179262
3232988527.2013383	0.3196435	0.4365095	0.0782989	0.1528067	0.0711048	0.1812476	0.3267720	0.4080991	0.2856088	0.3648440	0.1212747	0.1013433	0.0824481	0.1488353	0.3245632	0.3179170
3232988527.2112265	0.3196517	0.4365176	0.0782854	0.1528240	0.0710835	0.1812299	0.3267722	0.4081020	0.2856346	0.3648618	0.1212581	0.1013306	0.0824645	0.1488379	0.3245704	0.3179240
3232988527.2211146	0.3196397	0.4365319	0.0782835	0.1527857	0.0710813	0.1812371	0.3267660	0.4080946	0.2856250	0.3648521	0.1212627	0.1013389	0.0824574	0.1488509	0.3245638	0.3179377
3232988527.2310028	0.3196214	0.4365235	0.0782852	0.1528086	0.0710723	0.1812240	0.3267489	0.4081096	0.2856081	0.3648508	0.1212688	0.1013431	0.0824764	0.1488397	0.3245834	0.3179413
3232988527.2408910	0.3196201	0.4365321	0.0782864	0.1528048	0.0710861	0.1812359	0.3267536	0.4081110	0.2856303	0.3648557	0.1212661	0.1013561	0.0824573	0.1488297	0.3245739	0.3179274
3232988527.2507791	0.3196260	0.4365404	0.0782789	0.1528094	0.0710930	0.1812334	0.3267807	0.4081056	0.2856163	0.3648647	0.1212483	0.1013412	0.0824861	0.1488389	0.3245659	0.3179424
3232988527.2606673	0.3196484	0.4365263	0.0782935	0.1527937	0.0710961	0.1812285	0.3267651	0.4081036	0.2856066	0.3648533	0.1212644	0.1013444	0.0824672	0.1488442	0.3245735	0.3179441
3232988527.2705555	0.3196375	0.4365178	0.0782897	0.1528186	0.0710946	0.1812171	0.3267645	0.4081091	0.2856130	0.3648607	0.1212456	0.1013413	0.0824712	0.1488317	0.3245794	0.3179492
3232988527.2804437	0.3196206	0.4365389	0.0782782	0.1527949	0.0710875	0.1812389	0.3267749	0.4081236	0.2856222	0.3648682	0.1212661	0.1013530	0.0824547	0.1488388	0.3245806	0.3179367
3232988527.2903299	0.3196248	0.4365281	0.0782797	0.1528127	0.0710919	0.1812455	0.3267580	0.4081109	0.2856134	0.3648664	0.1212568	0.1013621	0.0824604	0.1488495	0.3245780	0.3179444
3232988527.3002181	0.3196350	0.4365397	0.0782935	0.1528231	0.0711025	0.1812142	0.3267712	0.4081301	0.2856118	0.3648660	0.1212739	0.1013631	0.0824671	0.1488574	0.3245698	0.3179298
3232988527.3101063	0.3196310	0.4365535	0.0783092	0.1528143	0.0710781	0.1812554	0.3267766	0.4081209	0.2856269	0.3648763	0.1212626	0.1013607	0.0824663	0.1488630	0.3245697	0.3179395
3232988527.3199944	0.3196321	0.4365519	0.0782868	0.1527963	0.0710971	0.1812411	0.3267582	0.4081290	0.2856198	0.3648731	0.1212729	0.1013579	0.0824702	0.1488463	0.3245568	0.3179391
3232988527.3298826	0.3196315	0.4365315	0.0782994	0.1528188	0.0710844	0.1812326	0.3267551	0.4081068	0.2856294	0.3648535	0.1212558	0.1013474	0.0824714	0.1488495	0.3245767	0.3179482
3232988527.3397708	0.3196070	0.4365467	0.0782996	0.1528214	0.0710799	0.1812523	0.3267785	0.4081150	0.2856152	0.3648506	0.1212682	0.1013608	0.0824539	0.1488504	0.3245738	0.3179393
3232988527.3496590	0.3196234	0.4365320	0.0782911	0.1528180	0.0710803	0.1812386	0.3267674	0.4081207	0.2856258	0.3648737	0.1212520	0.1013427	0.0824591	0.1488529	0.3245963	0.3179478
3232988527.3595471	0.3196447	0.4365449	0.0782900	0.1528369	0.0710887	0.1812381	0.3267682	0.4081280	0.2856312	0.3648730	0.1212636	0.1013572	0.0824507	0.1488678	0.3245785	0.3179381
3232988527.3694353	0.3196403	0.4365333	0.0782907	0.1528073	0.0710914	0.1812384	0.3267755	0.4081186	0.2856153	0.3648501	0.1212579	0.1013568	0.0824674	0.1488405	0.3245720	0.3179500
3232988527.3793235	0.3196133	0.4365416	0.0782906	0.1527997	0.0710904	0.1812617	0.3267711	0.4081209	0.2856227	0.3648569	0.1212687	0.1013501	0.0824694	0.1488460	0.3245689	0.3179403
3232988527.3892102	0.3196214	0.4365313	0.0782860	0.1528274	0.0710889	0.1812485	0.3267715	0.4081161	0.2856250	0.3648812	0.1212562	0.1013638	0.0824745	0.1488462	0.3245818	0.3179546
3232988527.3990984	0.3196226	0.4365467	0.0782941	0.1528138	0.0710776	0.1812463	0.3267453	0.4081204	0.2856196	0.3648811	0.1212538	0.1013598	0.0824618	0.1488492	0.3245728	0.3179382
3232988527.4089866	0.3196401	0.4365563	0.0783041	0.1528015	0.0711001	0.1812391	0.3267620	0.4081187	0.2856263	0.3648842	0.1212622	0.1013498	0.0824577	0.1488442	0.3245609	0.3179626
3232988527.4188747	0.3196225	0.4365617	0.0783126	0.1528201	0.0710875	0.1812606	0.3267766	0.4081234	0.2856172	0.3648821	0.1212631	0.1013530	0.0824632	0.1488683	0.3245701	0.3179434
3232988527.4287629	0.3196226	0.4365475	0.0783005	0.1528293	0.0710818	0.1812487	0.3267751	0.4081261	0.2856130	0.3648748	0.1212639	0.1013403	0.0824632	0.1488358	0.3245825	0.3179505
3232988527.4386511	0.3196344	0.4365372	0.0782710	0.1528237	0.0710937	0.1812457	0.3267418	0.4081397	0.2856041	0.3648829	0.1212538	0.1013682	0.0824717	0.1488466	0.3245963	0.3179540
3232988527.4485393	0.3196298	0.4365452	0.0782853	0.1528374	0.0710937	0.1812467	0.3267769	0.4081331	0.2856322	0.3648636	0.1212763	0.1013391	0.0824693	0.1488560	0.3245858	0.3179507
3232988527.4584274	0.3196290	0.4365399	0.0782925	0.1528159	0.0711092	0.1812481	0.3267510	0.4081381	0.2856384	0.3648960	0.1212797	0.1013639	0.0824603	0.1488594	0.3245743	0.3179558
3232988527.4683156	0.3196132	0.4365714	0.0782764	0.1528368	0.0711001	0.1812476	0.3267752	0.4081408	0.2856118	0.3648745	0.1212439	0.1013609	0.0824432	0.1488602	0.3245603	0.3179622
3232988527.4782038	0.3196344	0.4365543	0.0782831	0.1528109	0.0710722	0.1812454	0.3267600	0.4081448	0.2856103	0.3649023	0.1212699	0.1013520	0.0824732	0.1488510	0.3245805	0.3179461
3232988527.4880900	0.3196290	0.4365524	0.0782824	0.1528161	0.0710764	0.1812610	0.3267641	0.4081258	0.2856321	0.3648855	0.1212493	0.1013515	0.0824505	0.1488762	0.3245732	0.3179669
3232988527.4979782	0.3196309	0.4365622	0.0782896	0.1528008	0.0710884	0.1812608	0.3267553	0.4081342	0.2856243	0.3648805	0.1212721	0.1013499	0.0824546	0.1488585	0.3245799	0.3179703
3232988527.5078664	0.3196263	0.4365554	0.0782767	0.1528213	0.0710927	0.1812340	0.3267399	0.4081337	0.2856256	0.3648814	0.1212775	0.1013619	0.0824881	0.1488737	0.3245723	0.3179707
3232988527.5177546	0.3196169	0.4365624	0.0783092	0.1528118	0.0711006	0.1812539	0.3267839	0.4081559	0.2856302	0.3648793	0.1212788	0.1013646	0.0824751	0.1488692	0.3245675	0.3179531
3232988527.5276427	0.3196196	0.4365390	0.0783015	0.1528145	0.0711079	0.1812350	0.3267743	0.4081242	0.2856139	0.3648661	0.1212611	0.1013412	0.0824642	0.1488576	0.3245808	0.3179706
3232988527.5375309	0.3196327	0.4365658	0.0782903	0.1528171	0.0710742	0.1812597	0.3267491	0.4081376	0.2856171	0.3648776	0.1212582	0.1013736	0.0824616	0.1488548	0.3245817	0.3179694
3232988527.5474191	0.3196192	0.4365587	0.0782834	0.1528363	0.0710844	0.1812546	0.3267533	0.4081289	0.2856375	0.3648894	0.1212668	0.1013737	0.0824553	0.1488688	0.3245898	0.3179610
3232988527.5573072	0.3196382	0.4365604	0.0782971	0.1528250	0.0710975	0.1812617	0.3267578	0.4081542	0.2856155	0.3648854	0.1212669	0.1013773	0.0824828	0.1488566	0.3245742	0.3179736
3232988527.5671954	0.3196262	0.4365807	0.0782780	0.1528358	0.0710936	0.1812483	0.3267589	0.4081579	0.2856262	0.3649005	0.1212478	0.1013584	0.0824579	0.1488662	0.3245743	0.3179669
3232988527.5770836	0.3196241	0.4365614	0.0783068	0.1528242	0.0711139	0.1812746	0.3267561	0.4081411	0.2856281	0.3649032	0.1212630	0.1013700	0.0824612	0.1488634	0.3245828	0.3179625
3232988527.5869703	0.3196206	0.4365893	0.0782773	0.1528263	0.0710939	0.1812477	0.3267668	0.4081420	0.2856271	0.3648979	0.1212532	0.1013658	0.0824546	0.1488750	0.3245880	0.3179688
3232988527.5968585	0.3196278	0.4365770	0.0782776	0.1528336	0.0710700	0.1812643	0.3267678	0.4081594	0.2856269	0.3649127	0.1212550	0.1013686	0.0824753	0.1488575	0.3245830	0.3179692
3232988527.6067467	0.3196186	0.4365718	0.0782882	0.1528243	0.0710831	0.1812473	0.3267637	0.4081360	0.2856287	0.3648864	0.1212688	0.1013621	0.0824585	0.1488581	0.3245696	0.3179802
3232988527.6166348	0.3196161	0.4365720	0.0783058	0.1528206	0.0710869	0.1812647	0.3267636	0.4081544	0.2856295	0.3649022	0.1212699	0.1013698	0.0824807	0.1488627	0.3245806	0.3179587
3232988527.6265230	0.3196206	0.4365763	0.0782972	0.1528338	0.0711100	0.1812551	0.3267584	0.4081417	0.2856324	0.3649073	0.1212676	0.1013491	0.0824388	0.1488695	0.3245807	0.3179713
3232988527.6364112	0.3196138	0.4365782	0.0782913	0.1528268	0.0710869	0.1812800	0.3267619	0.4081498	0.2856471	0.3648943	0.1212566	0.1013489	0.0824768	0.1488820	0.3245743	0.3179682
3232988527.6462994	0.3196075	0.4365877	0.0782794	0.1528187	0.0710742	0.1812419	0.3267613	0.4081714	0.2856443	0.3649075	0.1212378	0.1013643	0.0824781	0.1488610	0.3245748	0.3179698
3232988527.6561875	0.3196277	0.4365637	0.0782929	0.1528172	0.0710836	0.1812521	0.3267709	0.4081564	0.2856205	0.3648850	0.1212497	0.1013658	0.0824509	0.1488657	0.3245912	0.3179708
3232988527.6660757	0.3196083	0.4365704	0.0783109	0.1528457	0.0710808	0.1812684	0.3267601	0.4081539	0.2856367	0.3649025	0.1212639	0.1013558	0.0824530	0.1488742	0.3245754	0.3179718
3232988527.6759639	0.3196334	0.4365817	0.0782857	0.1528305	0.0711029	0.1812544	0.3267742	0.4081414	0.2856272	0.3649093	0.1212483	0.1013419	0.0824770	0.1488835	0.3245812	0.3179643
3232988527.6858501	0.3196344	0.4365801	0.0783023	0.1528012	0.0710869	0.1812539	0.3267532	0.4081461	0.2856098	0.3649111	0.1212489	0.1013711	0.0824643	0.1488693	0.3245824	0.3179791
3232988527.6957383	0.3196265	0.4365742	0.0782879	0.1528341	0.0710836	0.1812686	0.3267402	0.4081485	0.2856070	0.3649008	0.1212715	0.1013667	0.0824674	0.1488547	0.3245770	0.3179869
3232988527.7056265	0.3196238	0.4365763	0.0782737	0.1528187	0.0710826	0.1812502	0.3267577	0.4081474	0.2856263	0.3648965	0.1212628	0.1013707	0.0824542	0.1488463	0.3245779	0.3179927
3232988527.7155147	0.3196025	0.4366015	0.0782872	0.1528304	0.0710911	0.1812638	0.3267589	0.4081422	0.2856208	0.3649006	0.1212607	0.1013597	0.0824694	0.1488607	0.3245764	0.3179937
3232988527.7254028	0.3196325	0.4365896	0.0782976	0.1528366	0.0710883	0.1812702	0.3267645	0.4081593	0.2856236	0.3649160	0.1212528	0.1013761	0.0824654	0.1488605	0.3245908	0.3179760
3232988527.7352910	0.3196396	0.4365923	0.0782914	0.1528219	0.0711043	0.1812732	0.3267739	0.4081484	0.2856441	0.3649187	0.1212592	0.1013682	0.0824717	0.1488508	0.3245819	0.3179950
3232988527.7451792	0.3196270	0.4365799	0.0782825	0.1528183	0.0710648	0.1812610	0.3267667	0.4081507	0.2856337	0.3648968	0.1212742	0.1013698	0.0824762	0.1488823	0.3245866	0.3179631
3232988527.7550673	0.3196132	0.4365724	0.0782729	0.1528087	0.0710806	0.1812632	0.3267640	0.4081690	0.2856127	0.3649152	0.1212501	0.1013594	0.0824640	0.1488769	0.3245779	0.3179796
3232988527.7649555	0.3196144	0.4365921	0.0783048	0.1528462	0.0710724	0.1812576	0.3267631	0.4081527	0.2856277	0.3649240	0.1212680	0.1013626	0.0824661	0.1488718	0.3245894	0.3179869
3232988527.7748437	0.3196087	0.4366013	0.0783044	0.1528267	0.0710833	0.1812613	0.3267703	0.4081627	0.2856385	0.3649165	0.1212805	0.1013528	0.0824541	0.1488693	0.3245751	0.3179919
3232988527.7847300	0.3196489	0.4365811	0.0782806	0.1528107	0.0710876	0.1812754	0.3267585	0.4081497	0.2856397	0.3649224	0.1212669	0.1013474	0.0824600	0.1488607	0.3245995	0.3179865
3232988527.7946181	0.3196199	0.4365911	0.0782817	0.1528264	0.0710983	0.1812629	0.3267488	0.4081648	0.2856289	0.3649179	0.1212612	0.1013587	0.0824538	0.1488765	0.3246003	0.3179704
3232988527.8045063	0.3196239	0.4365866	0.0783007	0.1528281	0.0711024	0.1812519	0.3267451	0.4081456	0.2856308	0.3649210	0.1212441	0.1013744	0.0824794	0.1488722	0.3245894	0.3179813
3232988527.8143945	0.3196152	0.4365761	0.0782826	0.1528316	0.0710909	0.1812642	0.3267632	0.4081492	0.2856236	0.3649324	0.1212635	0.1013647	0.0824761	0.1488571	0.3245948	0.3179871
3232988527.8242826	0.3196163	0.4365943	0.0783103	0.1528386	0.0710705	0.1812627	0.3267817	0.4081580	0.2856209	0.3649248	0.1212686	0.1013850	0.0824602	0.1488714	0.3245822	0.3179901
3232988527.8341708	0.3196226	0.4365861	0.0782786	0.1528350	0.0710858	0.1812735	0.3267569	0.4081534	0.2856121	0.3649130	0.1212771	0.1013669	0.0824732	0.1488927	0.3245874	0.3179888
3232988527.8440590	0.3196338	0.4366032	0.0782994	0.1528349	0.0710835	0.1812710	0.3267558	0.4081754	0.2856288	0.3649299	0.1212583	0.1013545	0.0824639	0.1488671	0.3245748	0.3180029
3232988527.8539472	0.3196401	0.4366029	0.0782833	0.1528345	0.0710903	0.1812613	0.3267614	0.4081701	0.2856237	0.3649096	0.1212647	0.1013677	0.0824731	0.1488711	0.3245941	0.3179731
3232988527.8638353	0.3196267	0.4365836	0.0782831	0.1528289	0.0710801	0.1812607	0.3267512	0.4081519	0.2856321	0.3649286	0.1212588	0.1013595	0.0824813	0.1488604	0.3245785	0.3180215
3232988527.8737235	0.3196294	0.4366027	0.0782786	0.1528390	0.0710894	0.1812637	0.3267584	0.4081604	0.2856337	0.3649162	0.1212571	0.1013675	0.0824619	0.1488752	0.3245809	0.3179901
3232988527.8836102	0.3196562	0.4366109	0.0782968	0.1528353	0.0710736	0.1812864	0.3267569	0.4081753	0.2856292	0.3649334	0.1212804	0.1013587	0.0824727	0.1488809	0.3245672	0.3179799
3232988527.8934984	0.3196194	0.4365999	0.0782945	0.1528271	0.0710789	0.1812734	0.3267857	0.4081743	0.2856154	0.3649046	0.1212653	0.1013883	0.0824704	0.1488821	0.3245980	0.3179855
3232988527.9033866	0.3196239	0.4366024	0.0782777	0.1528336	0.0710850	0.1812561	0.3267743	0.4081863	0.2856239	0.3649203	0.1212728	0.1013723	0.0824538	0.1488769	0.3245898	0.3180047
3232988527.9132748	0.3196302	0.4365971	0.0782763	0.1528136	0.0710701	0.1812561	0.3267689	0.4081878	0.2856232	0.3649302	0.1212705	0.1013726	0.0824754	0.1488724	0.3245945	0.3179838
3232988527.9231629	0.3196342	0.4366097	0.0782838	0.1528313	0.0710768	0.1812742	0.3267655	0.4081781	0.2856043	0.3649398	0.1212729	0.1013658	0.0824743	0.1488657	0.3245814	0.3180043
3232988527.9330511	0.3196181	0.4365951	0.0782957	0.1528441	0.0710791	0.1812661	0.3267840	0.4081811	0.2856398	0.3649105	0.1212658	0.1013725	0.0824689	0.1488735	0.3245887	0.3180034
3232988527.9429393	0.3196443	0.4366094	0.0782802	0.1528489	0.0711039	0.1812664	0.3267693	0.4081858	0.2856285	0.3649273	0.1212620	0.1013610	0.0824563	0.1488775	0.3245924	0.3180013
3232988527.9528275	0.3196420	0.4365928	0.0782943	0.1528230	0.0711095	0.1812686	0.3267628	0.4081785	0.2856081	0.3649268	0.1212632	0.1013765	0.0824754	0.1488664	0.3245879	0.3180020
3232988527.9627156	0.3196150	0.4366167	0.0783056	0.1528406	0.0711008	0.1812788	0.3267827	0.4081941	0.2856197	0.3649354	0.1212448	0.1013687	0.0824860	0.1488887	0.3246024	0.3180057
3232988527.9726038	0.3196450	0.4365847	0.0782853	0.1528360	0.0710881	0.1812809	0.3267736	0.4081729	0.2856240	0.3649273	0.1212535	0.1013691	0.0824703	0.1488725	0.3245912	0.3179866
3232988527.9824901	0.3196214	0.4365967	0.0783016	0.1528314	0.0710850	0.1812697	0.3267882	0.4081901	0.2856576	0.3649389	0.1212586	0.1013871	0.0824738	0.1488809	0.3245919	0.3179797
3232988527.9923782	0.3196312	0.4366100	0.0782795	0.1528201	0.0710979	0.1812808	0.3267670	0.4081840	0.2856123	0.3649331	0.1212826	0.1013731	0.0824562	0.1488589	0.3245871	0.3180054
3232988528.0022664	0.3196354	0.4365965	0.0782970	0.1528457	0.0710963	0.1812817	0.3267684	0.4081764	0.2856322	0.3649265	0.1212759	0.1013727	0.0824685	0.1488843	0.3246134	0.3179916
3232988528.0121546	0.3196159	0.4366067	0.0782996	0.1528341	0.0710925	0.1812632	0.3267642	0.4081845	0.2856509	0.3649243	0.1212811	0.1013673	0.0824506	0.1488690	0.3245936	0.3180257
3232988528.0220427	0.3196168	0.4366043	0.0782838	0.1528342	0.0710757	0.1812653	0.3267772	0.4081687	0.2856244	0.3649270	0.1212563	0.1013766	0.0824659	0.1488691	0.3245724	0.3179934
3232988528.0319309	0.3196369	0.4366323	0.0782757	0.1528465	0.0710790	0.1812701	0.3267606	0.4081838	0.2856292	0.3649352	0.1212661	0.1013711	0.0824602	0.1488725	0.3245976	0.3180008
3232988528.0418191	0.3196341	0.4366183	0.0782932	0.1528478	0.0710953	0.1812639	0.3267579	0.4081758	0.2856487	0.3649278	0.1212564	0.1013785	0.0824680	0.1488704	0.3246040	0.3180067
3232988528.0517073	0.3196339	0.4366246	0.0782978	0.1528514	0.0710850	0.1812738	0.3267583	0.4081780	0.2856393	0.3649230	0.1212832	0.1013930	0.0824671	0.1488745	0.3245976	0.3180036
3232988528.0615954	0.3196489	0.4366334	0.0782880	0.1528442	0.0710842	0.1812775	0.3267681	0.4081909	0.2856331	0.3649309	0.1212718	0.1013809	0.0824595	0.1488815	0.3246010	0.3180156
3232988528.0714836	0.3196327	0.4366162	0.0782811	0.1528521	0.0710783	0.1812767	0.3267402	0.4082027	0.2856208	0.3649469	0.1212614	0.1013585	0.0824522	0.1488795	0.3245793	0.3179939
3232988528.0813699	0.3196262	0.4366061	0.0782872	0.1528456	0.0710911	0.1812700	0.3267770	0.4081704	0.2856233	0.3649426	0.1212624	0.1013825	0.0824539	0.1488800	0.3245892	0.3180181
3232988528.0912580	0.3196171	0.4366323	0.0782978	0.1528561	0.0710965	0.1812874	0.3267502	0.4082113	0.2856206	0.3649352	0.1212699	0.1013821	0.0824736	0.1488892	0.3245959	0.3180149
3232988528.1011462	0.3196264	0.4366146	0.0782954	0.1528565	0.0710871	0.1812823	0.3267708	0.4081971	0.2856200	0.3649516	0.1212569	0.1013653	0.0824610	0.1488572	0.3245879	0.3180066
3232988528.1110344	0.3196373	0.4366179	0.0782981	0.1528516	0.0710911	0.1812737	0.3267617	0.4082092	0.2856335	0.3649378	0.1212641	0.1013494	0.0824820	0.1488902	0.3245929	0.3180028
3232988528.1209226	0.3196314	0.4366133	0.0782894	0.1528448	0.0710740	0.1812707	0.3267549	0.4081932	0.2856256	0.3649519	0.1212697	0.1013821	0.0824727	0.1488691	0.3246082	0.3180241
3232988528.1308107	0.3196310	0.4366274	0.0783044	0.1528403	0.0710833	0.1812796	0.3267722	0.4082168	0.2856293	0.3649394	0.1212503	0.1013677	0.0824671	0.1488918	0.3245989	0.3180148
3232988528.1406989	0.3196160	0.4366246	0.0783175	0.1528466	0.0710958	0.1812599	0.3267575	0.4081943	0.2856399	0.3649608	0.1212695	0.1013626	0.0824668	0.1488703	0.3246070	0.3180346
3232988528.1505871	0.3196297	0.4366389	0.0782918	0.1528350	0.0710832	0.1812786	0.3267599	0.4082032	0.2856400	0.3649510	0.1212837	0.1013822	0.0824752	0.1488770	0.3245963	0.3180206
3232988528.1604753	0.3196213	0.4366320	0.0782954	0.1528621	0.0711091	0.1812757	0.3267707	0.4082094	0.2856447	0.3649493	0.1212787	0.1013612	0.0824740	0.1488815	0.3246117	0.3180380
3232988528.1703634	0.3196220	0.4366415	0.0782941	0.1528518	0.0710915	0.1812843	0.3267779	0.4082000	0.2856289	0.3649525	0.1212661	0.1013774	0.0824699	0.1488865	0.3245845	0.3180199
3232988528.1802502	0.3196535	0.4366553	0.0782761	0.1528451	0.0710981	0.1812880	0.3267779	0.4081900	0.2856268	0.3649525	0.1212473	0.1013558	0.0824597	0.1488810	0.3245928	0.3180214
3232988528.1901383	0.3196244	0.4366396	0.0782914	0.1528362	0.0710891	0.1812695	0.3267714	0.4082130	0.2856333	0.3649473	0.1212712	0.1013710	0.0824649	0.1488800	0.3246000	0.3180262
3232988528.2000265	0.3196266	0.4366269	0.0782955	0.1528453	0.0710967	0.1812782	0.3267757	0.4082021	0.2856338	0.3649675	0.1212707	0.1013844	0.0824716	0.1488922	0.3246006	0.3180341
3232988528.2099147	0.3196382	0.4366387	0.0782889	0.1528544	0.0710939	0.1813006	0.3267606	0.4082140	0.2856414	0.3649587	0.1212619	0.1013817	0.0824658	0.1488961	0.3245984	0.3180189
3232988528.2198029	0.3196567	0.4366367	0.0782809	0.1528357	0.0710946	0.1812719	0.3267586	0.4082244	0.2856355	0.3649612	0.1212808	0.1013861	0.0824598	0.1488778	0.3245970	0.3180341
3232988528.2296910	0.3196313	0.4366419	0.0782911	0.1528488	0.0710770	0.1812880	0.3267621	0.4081941	0.2856366	0.3649585	0.1212497	0.1013964	0.0824576	0.1488955	0.3245936	0.3180200
3232988528.2395792	0.3196411	0.4366521	0.0782850	0.1528581	0.0710946	0.1812897	0.3267653	0.4082121	0.2856414	0.3649516	0.1212774	0.1013867	0.0824831	0.1488715	0.3245999	0.3180303
3232988528.2494674	0.3196360	0.4366381	0.0782710	0.1528487	0.0711018	0.1812758	0.3267637	0.4082159	0.2856275	0.3649582	0.1212802	0.1013944	0.0824786	0.1488741	0.3245907	0.3180366
3232988528.2593555	0.3196225	0.4366422	0.0783104	0.1528644	0.0710959	0.1812738	0.3267605	0.4082228	0.2856516	0.3649700	0.1212757	0.1013738	0.0824628	0.1488897	0.3245882	0.3180340
3232988528.2692437	0.3196441	0.4366311	0.0782997	0.1528485	0.0710850	0.1813010	0.3267790	0.4082088	0.2856276	0.3649658	0.1212740	0.1013949	0.0824739	0.1488905	0.3245893	0.3180447
3232988528.2791300	0.3196260	0.4366410	0.0782886	0.1528599	0.0710898	0.1812965	0.3267535	0.4082064	0.2856218	0.3649774	0.1212649	0.1013795	0.0824702	0.1488885	0.3246064	0.3180324
3232988528.2890182	0.3196253	0.4366211	0.0782868	0.1528415	0.0710807	0.1812918	0.3267556	0.4081966	0.2856184	0.3649734	0.1212527	0.1013725	0.0824699	0.1488845	0.3245759	0.3180263
3232988528.2989063	0.3196247	0.4366552	0.0783035	0.1528482	0.0710796	0.1812730	0.3267807	0.4082094	0.2856362	0.3649516	0.1212793	0.1013746	0.0824700	0.1488820	0.3245965	0.3180444
3232988528.3087945	0.3196500	0.4366461	0.0783015	0.1528768	0.0710978	0.1812792	0.3267705	0.4082238	0.2856361	0.3649648	0.1212671	0.1013891	0.0824712	0.1488800	0.3246068	0.3180294
3232988528.3186827	0.3196437	0.4366532	0.0782807	0.1528558	0.0710833	0.1812939	0.3267755	0.4082276	0.2856474	0.3649788	0.1212708	0.1013752	0.0824653	0.1488983	0.3245701	0.3180242
3232988528.3285708	0.3196520	0.4366586	0.0783009	0.1528660	0.0710747	0.1813038	0.3267696	0.4082175	0.2856238	0.3649585	0.1212671	0.1013823	0.0824943	0.1488858	0.3245964	0.3180471
3232988528.3384590	0.3196343	0.4366445	0.0783182	0.1528479	0.0710942	0.1812823	0.3267566	0.4082043	0.2856305	0.3649607	0.1212626	0.1013850	0.0824766	0.1488829	0.3245950	0.3180296
3232988528.3483472	0.3196286	0.4366313	0.0782871	0.1528444	0.0710777	0.1812974	0.3267853	0.4082052	0.2856411	0.3649696	0.1212732	0.1013836	0.0824500	0.1488743	0.3245965	0.3180275
3232988528.3582354	0.3196302	0.4366574	0.0782701	0.1528534	0.0710800	0.1812911	0.3267639	0.4082022	0.2856510	0.3649628	0.1212579	0.1013801	0.0824693	0.1488871	0.3246179	0.3180390
3232988528.3681235	0.3196497	0.4366600	0.0782853	0.1528719	0.0711096	0.1812761	0.3267857	0.4082140	0.2856505	0.3649872	0.1212783	0.1013741	0.0824691	0.1488856	0.3246081	0.3180296
3232988528.3780103	0.3196328	0.4366334	0.0782785	0.1528490	0.0710951	0.1813060	0.3267685	0.4082119	0.2856317	0.3649738	0.1212654	0.1013802	0.0824558	0.1488996	0.3246071	0.3180229
3232988528.3878984	0.3196401	0.4366436	0.0782977	0.1528519	0.0710904	0.1812966	0.3267706	0.4082124	0.2856403	0.3649778	0.1212615	0.1013808	0.0824735	0.1488951	0.3246103	0.3180447
3232988528.3977866	0.3196244	0.4366554	0.0782965	0.1528485	0.0710942	0.1812715	0.3267650	0.4082373	0.2856438	0.3649646	0.1212640	0.1014020	0.0824714	0.1488849	0.3245957	0.3180382
3232988528.4076748	0.3196370	0.4366358	0.0782845	0.1528460	0.0710964	0.1812769	0.3267776	0.4082204	0.2856343	0.3649667	0.1212648	0.1013755	0.0824901	0.1488916	0.3245927	0.3180399
3232988528.4175630	0.3196535	0.4366384	0.0782920	0.1528448	0.0711005	0.1812793	0.3267716	0.4082157	0.2856354	0.3649694	0.1212655	0.1013811	0.0824754	0.1489055	0.3245880	0.3180337
3232988528.4274511	0.3196483	0.4366628	0.0782876	0.1528390	0.0710929	0.1812958	0.3267756	0.4082149	0.2856395	0.3649629	0.1212575	0.1013661	0.0824786	0.1488908	0.3245885	0.3180411
3232988528.4373393	0.3196283	0.4366294	0.0782868	0.1528516	0.0710945	0.1812968	0.3267645	0.4082079	0.2856514	0.3649661	0.1212717	0.1013886	0.0824743	0.1488845	0.3245966	0.3180348
3232988528.4472275	0.3196433	0.4366717	0.0783014	0.1528567	0.0710895	0.1813081	0.3267690	0.4082291	0.2856546	0.3649812	0.1212628	0.1013914	0.0824791	0.1488912	0.3246074	0.3180229
3232988528.4571156	0.3196299	0.4366659	0.0783014	0.1528683	0.0710937	0.1812816	0.3267635	0.4082360	0.2856316	0.3649623	0.1212611	0.1013829	0.0824679	0.1488782	0.3245992	0.3180444
3232988528.4670038	0.3196247	0.4366554	0.0783087	0.1528463	0.0711003	0.1812839	0.3267767	0.4082257	0.2856479	0.3649747	0.1212530	0.1013654	0.0824763	0.1488941	0.3246083	0.3180363
3232988528.4768901	0.3196393	0.4366734	0.0782944	0.1528741	0.0710926	0.1812810	0.3267722	0.4082164	0.2856534	0.3649648	0.1212638	0.1013893	0.0824785	0.1488933	0.3246013	0.3180394
3232988528.4867783	0.3196515	0.4366471	0.0782908	0.1528506	0.0710958	0.1812948	0.3267801	0.4082255	0.2856332	0.3649767	0.1212728	0.1013873	0.0824605	0.1488880	0.3246047	0.3180327
3232988528.4966664	0.3196361	0.4366607	0.0782921	0.1528390	0.0710881	0.1812609	0.3267661	0.4082105	0.2856269	0.3649613	0.1212732	0.1013928	0.0824605	0.1488937	0.3246079	0.3180375
3232988528.5065546	0.3196541	0.4366577	0.0783035	0.1528332	0.0710799	0.1812782	0.3267627	0.4082257	0.2856606	0.3649738	0.1212804	0.1013633	0.0824589	0.1489026	0.3245904	0.3180449
3232988528.5164428	0.3196395	0.4366676	0.0783015	0.1528572	0.0710787	0.1812895	0.3267869	0.4082270	0.2856425	0.3649713	0.1212935	0.1013789	0.0824882	0.1488873	0.3246143	0.3180580
3232988528.5263309	0.3196449	0.4366456	0.0782982	0.1528551	0.0710981	0.1812893	0.3267747	0.4082236	0.2856435	0.3649824	0.1212710	0.1013900	0.0824692	0.1489112	0.3246159	0.3180438
3232988528.5362191	0.3196293	0.4366680	0.0782993	0.1528498	0.0710918	0.1812809	0.3267815	0.4082292	0.2856363	0.3649636	0.1212874	0.1014022	0.0824748	0.1489149	0.3246019	0.3180486
3232988528.5461073	0.3196276	0.4366430	0.0782742	0.1528339	0.0710987	0.1813133	0.3267706	0.4082316	0.2856263	0.3649667	0.1212714	0.1013951	0.0824737	0.1488966	0.3245939	0.3180570
3232988528.5559955	0.3196359	0.4366823	0.0782859	0.1528397	0.0710822	0.1812912	0.3267696	0.4082316	0.2856449	0.3649736	0.1212797	0.1013965	0.0824683	0.1488894	0.3245798	0.3180305
3232988528.5658836	0.3196425	0.4366684	0.0782885	0.1528601	0.0711070	0.1813203	0.3267715	0.4082273	0.2856404	0.3649693	0.1212690	0.1013860	0.0824739	0.1488830	0.3246029	0.3180439
3232988528.5757699	0.3196440	0.4366870	0.0782758	0.1528667	0.0710930	0.1812970	0.3267801	0.4082410	0.2856426	0.3649945	0.1212735	0.1013847	0.0824817	0.1488826	0.3245874	0.3180341
3232988528.5856581	0.3196315	0.4366676	0.0782996	0.1528680	0.0710836	0.1812898	0.3267752	0.4082467	0.2856528	0.3649796	0.1212738	0.1013798	0.0824638	0.1489033	0.3245978	0.3180413
3232988528.5955462	0.3196317	0.4366643	0.0782902	0.1528558	0.0710894	0.1812984	0.3267788	0.4082432	0.2856549	0.3649843	0.1212767	0.1013934	0.0824522	0.1488985	0.3246069	0.3180579
3232988528.6054344	0.3196322	0.4366636	0.0782821	0.1528651	0.0710956	0.1812776	0.3267382	0.4082353	0.2856608	0.3649887	0.1212572	0.1013833	0.0824690	0.1488981	0.3246103	0.3180454
3232988528.6153226	0.3196492	0.4366611	0.0783166	0.1528598	0.0710984	0.1813001	0.3267542	0.4082244	0.2856384	0.3649878	0.1212798	0.1013668	0.0824728	0.1488801	0.3246058	0.3180202
3232988528.6252108	0.3196442	0.4366740	0.0783080	0.1528702	0.0711159	0.1812913	0.3267795	0.4082556	0.2856433	0.3649687	0.1212719	0.1013859	0.0824781	0.1488835	0.3246002	0.3180596
3232988528.6350989	0.3196489	0.4366482	0.0782895	0.1528515	0.0710914	0.1813015	0.3267973	0.4082229	0.2856411	0.3649835	0.1212634	0.1013481	0.0824811	0.1489038	0.3246075	0.3180546
3232988528.6449871	0.3196480	0.4366808	0.0783095	0.1528558	0.0710708	0.1813039	0.3267808	0.4082487	0.2856443	0.3649951	0.1212542	0.1013849	0.0824785	0.1488948	0.3246053	0.3180511
3232988528.6548753	0.3196443	0.4366794	0.0782967	0.1528514	0.0711104	0.1812988	0.3267662	0.4082359	0.2856521	0.3649895	0.1212818	0.1013821	0.0824707	0.1488904	0.3246040	0.3180610
3232988528.6647634	0.3196363	0.4366773	0.0782868	0.1528548	0.0711094	0.1812914	0.3267730	0.4082238	0.2856393	0.3649712	0.1212723	0.1013845	0.0824747	0.1489069	0.3246154	0.3180698
3232988528.6746502	0.3196566	0.4366673	0.0783141	0.1528506	0.0710973	0.1812956	0.3267703	0.4082432	0.2856570	0.3649772	0.1212657	0.1013805	0.0824803	0.1488840	0.3246268	0.3180592
3232988528.6845384	0.3196526	0.4366877	0.0783075	0.1528641	0.0711054	0.1813075	0.3267973	0.4082633	0.2856530	0.3649899	0.1212728	0.1013983	0.0824705	0.1489042	0.3246162	0.3180519
3232988528.6944265	0.3196546	0.4366859	0.0783073	0.1528558	0.0711080	0.1812796	0.3267736	0.4082274	0.2856408	0.3649944	0.1212603	0.1013849	0.0824735	0.1488974	0.3246052	0.3180583
3232988528.7043147	0.3196444	0.4366717	0.0782832	0.1528489	0.0710957	0.1812793	0.3267651	0.4082459	0.2856467	0.3649918	0.1212663	0.1013909	0.0824768	0.1488887	0.3246046	0.3180511
3232988528.7142029	0.3196493	0.4366698	0.0782954	0.1528528	0.0710876	0.1812966	0.3267854	0.4082146	0.2856337	0.3650025	0.1212727	0.1013829	0.0824902	0.1488774	0.3246191	0.3180768
3232988528.7240911	0.3196529	0.4366718	0.0782926	0.1528460	0.0710768	0.1813007	0.3267760	0.4082346	0.2856571	0.3649706	0.1212736	0.1013946	0.0824887	0.1488981	0.3246139	0.3180511
3232988528.7339792	0.3196522	0.4366714	0.0783084	0.1528461	0.0710886	0.1813204	0.3267788	0.4082245	0.2856632	0.3649756	0.1212677	0.1013959	0.0824607	0.1488933	0.3246120	0.3180515
3232988528.7438674	0.3196452	0.4366902	0.0783014	0.1528620	0.0711061	0.1813141	0.3267584	0.4082346	0.2856458	0.3649920	0.1212728	0.1013852	0.0824632	0.1488821	0.3246042	0.3180627
3232988528.7537556	0.3196412	0.4366691	0.0782921	0.1528439	0.0710760	0.1812976	0.3267712	0.4082496	0.2856617	0.3649956	0.1212763	0.1013919	0.0824542	0.1488914	0.3246116	0.3180557
3232988528.7636437	0.3196577	0.4366680	0.0782855	0.1528588	0.0710977	0.1812928	0.3267806	0.4082337	0.2856508	0.3649895	0.1212666	0.1013693	0.0824837	0.1489105	0.3246235	0.3180496
3232988528.7735300	0.3196388	0.4366830	0.0783032	0.1528682	0.0710808	0.1812926	0.3267663	0.4082404	0.2856506	0.3649950	0.1212778	0.1013839	0.0824747	0.1488852	0.3246070	0.3180569
3232988528.7834182	0.3196370	0.4366734	0.0782990	0.1528534	0.0711039	0.1813119	0.3267735	0.4082409	0.2856564	0.3649812	0.1212710	0.1013721	0.0824554	0.1489057	0.3246285	0.3180628
3232988528.7933063	0.3196473	0.4366643	0.0783026	0.1528561	0.0710895	0.1813003	0.3267909	0.4082292	0.2856620	0.3649883	0.1212812	0.1013858	0.0824753	0.1488871	0.3246175	0.3180562
3232988528.8031945	0.3196401	0.4366693	0.0783007	0.1528614	0.0711049	0.1812901	0.3267892	0.4082428	0.2856688	0.3649995	0.1212793	0.1013950	0.0824920	0.1489059	0.3246094	0.3180552
3232988528.8130827	0.3196442	0.4366804	0.0782807	0.1528776	0.0711075	0.1813139	0.3267785	0.4082422	0.2856618	0.3650047	0.1212646	0.1013818	0.0824649	0.1489109	0.3246018	0.3180509
3232988528.8229709	0.3196410	0.4366628	0.0783013	0.1528536	0.0710746	0.1813072	0.3267627	0.4082522	0.2856660	0.3649864	0.1212825	0.1014127	0.0824692	0.1488849	0.3246082	0.3180428
3232988528.8328590	0.3196486	0.4366783	0.0782929	0.1528646	0.0710889	0.1812970	0.3267819	0.4082273	0.2856404	0.3649886	0.1212826	0.1013725	0.0824703	0.1488977	0.3246055	0.3180514
3232988528.8427472	0.3196480	0.4366853	0.0783097	0.1528655	0.0710935	0.1813019	0.3267921	0.4082386	0.2856378	0.3649912	0.1212780	0.1013898	0.0824942	0.1489112	0.3246184	0.3180417
3232988528.8526354	0.3196494	0.4366997	0.0782877	0.1528636	0.0711041	0.1812966	0.3267885	0.4082313	0.2856506	0.3649706	0.1212617	0.1013907	0.0824812	0.1488921	0.3245908	0.3180547
3232988528.8625236	0.3196583	0.4366834	0.0782929	0.1528624	0.0710950	0.1812859	0.3267997	0.4082405	0.2856532	0.3650000	0.1212860	0.1013974	0.0824680	0.1489151	0.3246135	0.3180364
3232988528.8724103	0.3196542	0.4366712	0.0783211	0.1528754	0.0710888	0.1812883	0.3267573	0.4082536	0.2856435	0.3649960	0.1212748	0.1013774	0.0824648	0.1489120	0.3246098	0.3180518
3232988528.8822985	0.3196585	0.4366894	0.0782945	0.1528653	0.0710914	0.1813059	0.3267856	0.4082447	0.2856453	0.3650071	0.1212664	0.1013842	0.0824695	0.1488963	0.3246193	0.3180498
3232988528.8921866	0.3196548	0.4366751	0.0782920	0.1528869	0.0711038	0.1812923	0.3267818	0.4082730	0.2856345	0.3650123	0.1212780	0.1013886	0.0824790	0.1489139	0.3246173	0.3180830
3232988528.9020748	0.3196487	0.4366658	0.0783097	0.1528715	0.0711010	0.1812904	0.3267770	0.4082476	0.2856478	0.3650117	0.1212480	0.1013955	0.0824711	0.1488967	0.3246178	0.3180516
3232988528.9119630	0.3196523	0.4366768	0.0782915	0.1528494	0.0710864	0.1812855	0.3267871	0.4082454	0.2856656	0.3649973	0.1212702	0.1013793	0.0824627	0.1488874	0.3246167	0.3180557
3232988528.9218512	0.3196532	0.4366612	0.0783028	0.1528635	0.0710791	0.1812904	0.3267975	0.4082440	0.2856486	0.3650059	0.1212737	0.1013957	0.0824657	0.1489018	0.3245923	0.3180551
3232988528.9317393	0.3196483	0.4366924	0.0782818	0.1528709	0.0710943	0.1812875	0.3267891	0.4082456	0.2856607	0.3649779	0.1212710	0.1013831	0.0824753	0.1489088	0.3245856	0.3180640
3232988528.9416275	0.3196619	0.4366889	0.0783092	0.1528634	0.0711033	0.1813005	0.3267860	0.4082494	0.2856664	0.3649909	0.1212770	0.1013965	0.0824735	0.1488803	0.3246201	0.3180596
3232988528.9515157	0.3196661	0.4366920	0.0783023	0.1528646	0.0710963	0.1813096	0.3268101	0.4082609	0.2856587	0.3649876	0.1212912	0.1013856	0.0824731	0.1488921	0.3246292	0.3180623
3232988528.9614038	0.3196587	0.4366676	0.0782793	0.1528728	0.0710974	0.1812946	0.3268054	0.4082518	0.2856588	0.3649816	0.1212830	0.1013871	0.0824832	0.1489010	0.3246227	0.3180602
3232988528.9712901	0.3196536	0.4366726	0.0783047	0.1528698	0.0710774	0.1813002	0.3267857	0.4082602	0.2856527	0.3650078	0.1212769	0.1013916	0.0824909	0.1489004	0.3246092	0.3180662
3232988528.9811783	0.3196432	0.4366873	0.0783115	0.1528740	0.0710901	0.1813093	0.3267954	0.4082370	0.2856525	0.3650031	0.1212862	0.1013738	0.0824682	0.1488787	0.3246182	0.3180589
3232988528.9910665	0.3196613	0.4367022	0.0783072	0.1528611	0.0710982	0.1813024	0.3267945	0.4082469	0.2856651	0.3650108	0.1212704	0.1013791	0.0824783	0.1489152	0.3246164	0.3180580
3232988529.0009546	0.3196655	0.4366895	0.0782849	0.1528719	0.0711032	0.1813065	0.3267856	0.4082438	0.2856631	0.3649972	0.1212640	0.1013992	0.0824697	0.1488974	0.3246163	0.3180640
3232988529.0108428	0.3196584	0.4366768	0.0782996	0.1528605	0.0710819	0.1812992	0.3267868	0.4082614	0.2856466	0.3649956	0.1212906	0.1014150	0.0824906	0.1488910	0.3246056	0.3180632
3232988529.0207310	0.3196590	0.4366775	0.0782949	0.1528675	0.0710932	0.1812849	0.3267743	0.4082593	0.2856580	0.3650071	0.1212850	0.1013926	0.0824774	0.1488807	0.3246210	0.3180860
3232988529.0306191	0.3196514	0.4366764	0.0782849	0.1528608	0.0710954	0.1813015	0.3267945	0.4082460	0.2856507	0.3650030	0.1212739	0.1013818	0.0824748	0.1489008	0.3246166	0.3180624
3232988529.0405073	0.3196727	0.4366843	0.0782948	0.1528580	0.0711022	0.1812974	0.3267907	0.4082729	0.2856604	0.3649915	0.1212790	0.1013848	0.0824739	0.1489036	0.3246186	0.3180661
3232988529.0503955	0.3196427	0.4366738	0.0783090	0.1528671	0.0711162	0.1812986	0.3268063	0.4082715	0.2856641	0.3650059	0.1212744	0.1013994	0.0825052	0.1489003	0.3246248	0.3180467
3232988529.0602837	0.3196467	0.4366883	0.0783063	0.1528866	0.0710946	0.1813088	0.3268021	0.4082425	0.2856386	0.3650002	0.1212774	0.1013848	0.0824728	0.1489085	0.3246189	0.3180686
3232988529.0701699	0.3196442	0.4366614	0.0782846	0.1528754	0.0710641	0.1813071	0.3267742	0.4082593	0.2856574	0.3649918	0.1212765	0.1013953	0.0824915	0.1489009	0.3246148	0.3180613
3232988529.0800581	0.3196623	0.4366868	0.0782849	0.1528730	0.0710930	0.1813043	0.3267732	0.4082393	0.2856689	0.3649920	0.1212974	0.1013881	0.0824826	0.1489126	0.3246061	0.3180604
3232988529.0899463	0.3196407	0.4366865	0.0782898	0.1528486	0.0711022	0.1813161	0.3268056	0.4082384	0.2856687	0.3650064	0.1212777	0.1013842	0.0824805	0.1488929	0.3246078	0.3180611
3232988529.0998344	0.3196563	0.4366913	0.0783048	0.1528552	0.0710878	0.1813038	0.3267705	0.4082635	0.2856612	0.3649997	0.1212961	0.1014090	0.0824718	0.1488963	0.3246124	0.3180689
3232988529.1097226	0.3196704	0.4366822	0.0783167	0.1528763	0.0710784	0.1813097	0.3267950	0.4082643	0.2856662	0.3649989	0.1212784	0.1013809	0.0824770	0.1489093	0.3246060	0.3180826
3232988529.1196108	0.3196397	0.4366999	0.0782994	0.1528741	0.0710979	0.1813034	0.3267884	0.4082791	0.2856527	0.3650080	0.1212816	0.1013979	0.0824721	0.1489258	0.3246290	0.3180771
3232988529.1294990	0.3196539	0.4366897	0.0783076	0.1528678	0.0710840	0.1812947	0.3267991	0.4082802	0.2856502	0.3650166	0.1212821	0.1014064	0.0824659	0.1488920	0.3246195	0.3180676
3232988529.1393871	0.3196608	0.4366863	0.0782902	0.1528662	0.0710739	0.1812934	0.3267759	0.4082532	0.2856623	0.3649951	0.1212689	0.1013985	0.0824885	0.1489083	0.3246158	0.3180831
3232988529.1492753	0.3196725	0.4366754	0.0782866	0.1528706	0.0710780	0.1812936	0.3267991	0.4082688	0.2856739	0.3650029	0.1212757	0.1013925	0.0824818	0.1489110	0.3246383	0.3180800
3232988529.1591635	0.3196457	0.4366865	0.0783154	0.1528593	0.0710894	0.1812993	0.3268021	0.4082495	0.2856529	0.3650218	0.1212837	0.1014105	0.0824892	0.1489171	0.3246249	0.3180646
3232988529.1690502	0.3196704	0.4366952	0.0782858	0.1528553	0.0710841	0.1813131	0.3267917	0.4082538	0.2856668	0.3650144	0.1212686	0.1013889	0.0824854	0.1488946	0.3246187	0.3180659
3232988529.1789384	0.3196678	0.4366818	0.0783074	0.1528670	0.0710871	0.1813047	0.3267829	0.4082677	0.2856563	0.3650097	0.1212890	0.1013858	0.0824895	0.1489160	0.3246281	0.3180860
3232988529.1888266	0.3196572	0.4366788	0.0783019	0.1528778	0.0710979	0.1813017	0.3267820	0.4082724	0.2856596	0.3650071	0.1212831	0.1013681	0.0824841	0.1489061	0.3246270	0.3180705
3232988529.1987147	0.3196677	0.4366782	0.0782969	0.1528602	0.0710946	0.1813083	0.3267938	0.4082525	0.2856504	0.3650074	0.1212876	0.1013817	0.0824721	0.1489089	0.3246167	0.3180942
3232988529.2086029	0.3196671	0.4366973	0.0783140	0.1528694	0.0711038	0.1813194	0.3268039	0.4082497	0.2856628	0.3650435	0.1212943	0.1013786	0.0824786	0.1489005	0.3246182	0.3180637
3232988529.2184911	0.3196480	0.4367013	0.0782876	0.1528906	0.0710944	0.1813049	0.3267889	0.4082611	0.2856703	0.3650084	0.1212912	0.1014194	0.0824748	0.1489088	0.3246271	0.3180752
3232988529.2283792	0.3196506	0.4366993	0.0782966	0.1528646	0.0711118	0.1813170	0.3267810	0.4082598	0.2856779	0.3650160	0.1212791	0.1013928	0.0824846	0.1489116	0.3246177	0.3180831
3232988529.2382674	0.3196675	0.4366936	0.0782893	0.1528759	0.0711018	0.1812944	0.3267978	0.4082615	0.2856722	0.3650278	0.1212830	0.1014210	0.0825018	0.1489173	0.3246120	0.3180781
3232988529.2481556	0.3196696	0.4366883	0.0782892	0.1528811	0.0710780	0.1812936	0.3267905	0.4082536	0.2856639	0.3650106	0.1212568	0.1013973	0.0824843	0.1489146	0.3246216	0.3180868
3232988529.2580438	0.3196741	0.4366918	0.0783101	0.1528755	0.0710939	0.1813053	0.3268104	0.4082634	0.2856722	0.3650101	0.1212914	0.1014021	0.0824776	0.1489199	0.3246363	0.3180729
