3232987696.6983299	0.2876488	0.3701294	0.0809384	0.1433119	0.1658454	0.2947537	0.2026446	0.2186583	0.1980595	0.2661007	0.2302034	0.2292311	0.1867681	0.2751612	0.2417198	0.2207790
3232987696.7082181	0.2876606	0.3701373	0.0809399	0.1433255	0.1658495	0.2947617	0.2026382	0.2186911	0.1980514	0.2660910	0.2302203	0.2292623	0.1867675	0.2751757	0.2417135	0.2207812
3232987696.7181063	0.2876520	0.3701531	0.0809445	0.1433130	0.1658517	0.2947260	0.2026258	0.2186586	0.1980750	0.2660724	0.2302304	0.2292404	0.1867818	0.2751658	0.2417075	0.2207996
3232987696.7279944	0.2876546	0.3701544	0.0809403	0.1433183	0.1658468	0.2947383	0.2026252	0.2186633	0.1980625	0.2660825	0.2302108	0.2292217	0.1867828	0.2751523	0.2417137	0.2207807
3232987696.7378826	0.2876447	0.3701497	0.0809464	0.1433162	0.1658435	0.2947372	0.2026330	0.2186539	0.1980592	0.2660782	0.2302173	0.2292417	0.1867559	0.2751683	0.2417031	0.2207713
3232987696.7477708	0.2876523	0.3701775	0.0809258	0.1433133	0.1658521	0.2947566	0.2026259	0.2186549	0.1980627	0.2660752	0.2302108	0.2292632	0.1867688	0.2752045	0.2417268	0.2207903
3232987696.7576590	0.2876497	0.3701413	0.0809475	0.1433325	0.1658613	0.2947576	0.2026277	0.2186479	0.1980692	0.2660804	0.2302152	0.2292371	0.1867895	0.2751721	0.2417243	0.2207930
3232987696.7675471	0.2876559	0.3701634	0.0809449	0.1433254	0.1658430	0.2947642	0.2026284	0.2186710	0.1980590	0.2660741	0.2302193	0.2292472	0.1867762	0.2751735	0.2417125	0.2207986
3232987696.7774353	0.2876377	0.3701418	0.0809501	0.1433240	0.1658567	0.2947364	0.2026284	0.2186726	0.1980728	0.2660707	0.2302277	0.2292461	0.1867618	0.2751774	0.2417330	0.2207965
3232987696.7873235	0.2876495	0.3701468	0.0809340	0.1433202	0.1658357	0.2947528	0.2026210	0.2186578	0.1980656	0.2660681	0.2302213	0.2292534	0.1867660	0.2751851	0.2417081	0.2207865
3232987696.7972102	0.2876434	0.3701549	0.0809339	0.1433188	0.1658488	0.2947550	0.2026292	0.2186731	0.1980729	0.2660850	0.2302169	0.2292506	0.1867587	0.2751748	0.2417039	0.2207889
3232987696.8070984	0.2876310	0.3701461	0.0809495	0.1433138	0.1658594	0.2947700	0.2026401	0.2186872	0.1980662	0.2660770	0.2302400	0.2292345	0.1867797	0.2751852	0.2417169	0.2208060
3232987696.8169866	0.2876482	0.3701574	0.0809494	0.1433244	0.1658557	0.2947671	0.2026394	0.2186608	0.1980592	0.2660883	0.2302113	0.2292643	0.1867692	0.2751763	0.2417133	0.2207932
3232987696.8268747	0.2876562	0.3701662	0.0809383	0.1433176	0.1658634	0.2947684	0.2026220	0.2186690	0.1980678	0.2660882	0.2302056	0.2292394	0.1867645	0.2751718	0.2417047	0.2207979
3232987696.8367629	0.2876425	0.3701545	0.0809286	0.1433180	0.1658399	0.2947576	0.2026156	0.2186586	0.1980718	0.2660902	0.2302117	0.2292465	0.1867581	0.2751837	0.2417178	0.2207904
3232987696.8466511	0.2876330	0.3701375	0.0809401	0.1433184	0.1658502	0.2947608	0.2026243	0.2186791	0.1980714	0.2660914	0.2302205	0.2292399	0.1867914	0.2751828	0.2417095	0.2207986
3232987696.8565392	0.2876440	0.3701568	0.0809454	0.1433038	0.1658538	0.2947490	0.2026288	0.2186780	0.1980816	0.2660920	0.2302105	0.2292307	0.1867564	0.2751718	0.2417363	0.2207889
3232987696.8664274	0.2876447	0.3701677	0.0809416	0.1433118	0.1658479	0.2947625	0.2026540	0.2186784	0.1980786	0.2660745	0.2302185	0.2292264	0.1867701	0.2751956	0.2417008	0.2207902
3232987696.8763156	0.2876386	0.3701535	0.0809511	0.1433073	0.1658654	0.2947439	0.2026267	0.2186676	0.1980725	0.2660855	0.2302091	0.2292590	0.1867647	0.2751931	0.2417279	0.2208262
3232987696.8862038	0.2876340	0.3701752	0.0809382	0.1433382	0.1658456	0.2947465	0.2026397	0.2186800	0.1980755	0.2660957	0.2302066	0.2292641	0.1867656	0.2751824	0.2417092	0.2208092
3232987696.8960900	0.2876345	0.3701484	0.0809520	0.1433238	0.1658468	0.2947656	0.2026232	0.2186707	0.1980609	0.2660807	0.2301944	0.2292343	0.1867713	0.2751724	0.2417158	0.2207822
3232987696.9059782	0.2876533	0.3701799	0.0809519	0.1433188	0.1658449	0.2947652	0.2026310	0.2186849	0.1980496	0.2661026	0.2302386	0.2292502	0.1867954	0.2751913	0.2417283	0.2207873
3232987696.9158664	0.2876466	0.3701558	0.0809308	0.1433244	0.1658395	0.2947613	0.2026309	0.2186766	0.1980570	0.2660746	0.2302097	0.2292441	0.1867848	0.2752025	0.2417065	0.2208147
3232987696.9257545	0.2876604	0.3701648	0.0809476	0.1433319	0.1658748	0.2947542	0.2026398	0.2186682	0.1980772	0.2660981	0.2302119	0.2292527	0.1867645	0.2751917	0.2417029	0.2208214
3232987696.9356427	0.2876323	0.3701565	0.0809486	0.1433203	0.1658483	0.2947338	0.2026325	0.2186731	0.1980788	0.2660991	0.2302251	0.2292513	0.1867802	0.2751708	0.2417213	0.2207972
3232987696.9455309	0.2876429	0.3701552	0.0809399	0.1433217	0.1658469	0.2947500	0.2026215	0.2186651	0.1980713	0.2660815	0.2302152	0.2292572	0.1867843	0.2751989	0.2416963	0.2207868
3232987696.9554191	0.2876494	0.3701626	0.0809439	0.1433150	0.1658636	0.2947698	0.2026099	0.2186863	0.1980830	0.2660933	0.2302280	0.2292559	0.1867878	0.2751957	0.2417278	0.2208147
3232987696.9653072	0.2876411	0.3701736	0.0809504	0.1433260	0.1658449	0.2947732	0.2026276	0.2186884	0.1980640	0.2661008	0.2302321	0.2292663	0.1867807	0.2751955	0.2417152	0.2208123
3232987696.9751954	0.2876413	0.3701604	0.0809331	0.1433332	0.1658482	0.2947566	0.2026334	0.2186807	0.1980786	0.2660983	0.2302091	0.2292544	0.1867902	0.2751971	0.2417142	0.2208214
3232987696.9850836	0.2876404	0.3701758	0.0809585	0.1433217	0.1658372	0.2947662	0.2026243	0.2186870	0.1980750	0.2660860	0.2302187	0.2292475	0.1867675	0.2752052	0.2417207	0.2207944
3232987696.9949703	0.2876567	0.3701657	0.0809349	0.1433184	0.1658499	0.2947628	0.2026245	0.2186700	0.1980692	0.2660947	0.2302183	0.2292417	0.1867698	0.2751924	0.2417249	0.2208127
3232987697.0048585	0.2876537	0.3701741	0.0809447	0.1433232	0.1658539	0.2947720	0.2026216	0.2186751	0.1980619	0.2661133	0.2302207	0.2292613	0.1867777	0.2752021	0.2417194	0.2208004
3232987697.0147467	0.2876491	0.3701804	0.0809429	0.1433314	0.1658451	0.2947713	0.2026210	0.2186843	0.1980766	0.2660808	0.2302076	0.2292595	0.1867798	0.2751687	0.2417068	0.2208093
3232987697.0246348	0.2876590	0.3701687	0.0809454	0.1433398	0.1658593	0.2947667	0.2026459	0.2186709	0.1980682	0.2660970	0.2302063	0.2292535	0.1867607	0.2752040	0.2417304	0.2207997
3232987697.0345230	0.2876371	0.3701903	0.0809470	0.1433383	0.1658596	0.2947908	0.2026355	0.2186889	0.1980796	0.2661055	0.2302084	0.2292611	0.1867878	0.2751944	0.2417219	0.2208118
3232987697.0444112	0.2876547	0.3701526	0.0809402	0.1433201	0.1658510	0.2947663	0.2026149	0.2186799	0.1980766	0.2660875	0.2302006	0.2292553	0.1867788	0.2751708	0.2417089	0.2207989
3232987697.0542994	0.2876605	0.3701766	0.0809553	0.1433147	0.1658433	0.2947561	0.2026336	0.2187034	0.1980693	0.2660731	0.2302233	0.2292612	0.1867779	0.2751952	0.2417041	0.2208152
3232987697.0641875	0.2876557	0.3701635	0.0809335	0.1433311	0.1658546	0.2947712	0.2026337	0.2186711	0.1980758	0.2660936	0.2302212	0.2292551	0.1867897	0.2752183	0.2417040	0.2208140
3232987697.0740757	0.2876180	0.3701684	0.0809493	0.1433310	0.1658502	0.2947828	0.2026324	0.2186806	0.1980719	0.2661015	0.2302106	0.2292478	0.1867780	0.2751956	0.2417201	0.2207873
3232987697.0839639	0.2876356	0.3701743	0.0809529	0.1433312	0.1658751	0.2947785	0.2026175	0.2186840	0.1980762	0.2661229	0.2302250	0.2292434	0.1867796	0.2751985	0.2417230	0.2208045
3232987697.0938501	0.2876410	0.3701704	0.0809457	0.1433198	0.1658713	0.2947615	0.2026169	0.2186726	0.1980812	0.2660845	0.2302347	0.2292445	0.1867866	0.2752089	0.2417117	0.2208061
3232987697.1037383	0.2876369	0.3701497	0.0809277	0.1433081	0.1658600	0.2947798	0.2026158	0.2186777	0.1980688	0.2660928	0.2302324	0.2292517	0.1867953	0.2752092	0.2417248	0.2208064
3232987697.1136265	0.2876474	0.3701612	0.0809402	0.1433324	0.1658578	0.2947755	0.2025982	0.2186850	0.1980849	0.2660907	0.2302043	0.2292451	0.1867716	0.2751864	0.2417051	0.2208291
3232987697.1235147	0.2876330	0.3701760	0.0809465	0.1433198	0.1658517	0.2947635	0.2026282	0.2186900	0.1980897	0.2661041	0.2302117	0.2292541	0.1867761	0.2751995	0.2417190	0.2207967
3232987697.1334028	0.2876403	0.3701676	0.0809581	0.1433227	0.1658596	0.2947686	0.2026320	0.2186697	0.1980936	0.2660964	0.2302117	0.2292478	0.1867854	0.2752017	0.2416934	0.2207997
3232987697.1432910	0.2876484	0.3701763	0.0809449	0.1433161	0.1658400	0.2947733	0.2026267	0.2186895	0.1980610	0.2660976	0.2302008	0.2292478	0.1867781	0.2751876	0.2417328	0.2207968
3232987697.1531792	0.2876291	0.3701919	0.0809599	0.1433364	0.1658627	0.2947618	0.2026317	0.2186869	0.1980841	0.2661005	0.2302119	0.2292647	0.1867742	0.2751938	0.2417201	0.2208075
3232987697.1630673	0.2876490	0.3701619	0.0809461	0.1433041	0.1658470	0.2947773	0.2026318	0.2186877	0.1980777	0.2660930	0.2302090	0.2292410	0.1867731	0.2752031	0.2417097	0.2207931
3232987697.1729555	0.2876417	0.3701695	0.0809491	0.1433368	0.1658538	0.2947553	0.2026359	0.2186664	0.1980796	0.2660936	0.2302072	0.2292490	0.1867870	0.2751952	0.2417008	0.2207879
3232987697.1828437	0.2876482	0.3701849	0.0809405	0.1433351	0.1658600	0.2947672	0.2026405	0.2186888	0.1980731	0.2660774	0.2302155	0.2292461	0.1867640	0.2751733	0.2417115	0.2207745
3232987697.1927299	0.2876436	0.3701787	0.0809387	0.1433289	0.1658547	0.2947712	0.2026227	0.2186674	0.1980430	0.2660947	0.2302127	0.2292468	0.1867540	0.2751752	0.2417051	0.2207972
3232987697.2026181	0.2876381	0.3701709	0.0809480	0.1433273	0.1658571	0.2947690	0.2026297	0.2186721	0.1980563	0.2660907	0.2302116	0.2292484	0.1867868	0.2752083	0.2417212	0.2207994
3232987697.2125063	0.2876359	0.3701734	0.0809506	0.1433258	0.1658667	0.2947836	0.2026210	0.2186700	0.1980622	0.2661082	0.2302118	0.2292604	0.1867718	0.2752066	0.2416932	0.2207933
3232987697.2223945	0.2876432	0.3701714	0.0809451	0.1433356	0.1658626	0.2947776	0.2026542	0.2186682	0.1980691	0.2660969	0.2302199	0.2292526	0.1867742	0.2751960	0.2417030	0.2207913
3232987697.2322826	0.2876527	0.3701773	0.0809445	0.1433354	0.1658584	0.2948004	0.2026312	0.2186926	0.1980753	0.2660926	0.2302049	0.2292557	0.1867713	0.2751828	0.2417213	0.2208034
3232987697.2421708	0.2876524	0.3701809	0.0809508	0.1433255	0.1658725	0.2947616	0.2026213	0.2186731	0.1980417	0.2660931	0.2302032	0.2292400	0.1867854	0.2751987	0.2417170	0.2208079
3232987697.2520590	0.2876524	0.3701585	0.0809418	0.1433217	0.1658751	0.2947725	0.2026325	0.2186706	0.1980650	0.2661035	0.2302211	0.2292523	0.1867788	0.2751993	0.2417086	0.2208187
3232987697.2619472	0.2876473	0.3701823	0.0809227	0.1433325	0.1658502	0.2947654	0.2026112	0.2186889	0.1980508	0.2660882	0.2302079	0.2292632	0.1867741	0.2751904	0.2417120	0.2208084
3232987697.2718353	0.2876483	0.3701808	0.0809314	0.1433186	0.1658349	0.2947640	0.2026179	0.2186710	0.1980780	0.2660831	0.2302242	0.2292527	0.1867542	0.2752014	0.2417033	0.2208229
3232987697.2817235	0.2876425	0.3701651	0.0809348	0.1433397	0.1658578	0.2947703	0.2026278	0.2186811	0.1980786	0.2660958	0.2302175	0.2292624	0.1867756	0.2751921	0.2417211	0.2208034
3232987697.2916102	0.2876562	0.3701859	0.0809525	0.1433268	0.1658525	0.2947840	0.2026397	0.2186804	0.1980899	0.2660991	0.2302207	0.2292523	0.1867838	0.2751838	0.2417110	0.2207922
3232987697.3014984	0.2876439	0.3701719	0.0809487	0.1433139	0.1658475	0.2947676	0.2026203	0.2186924	0.1980590	0.2660948	0.2302084	0.2292660	0.1867749	0.2752173	0.2417122	0.2208130
3232987697.3113866	0.2876373	0.3701590	0.0809235	0.1433316	0.1658283	0.2947822	0.2026241	0.2186802	0.1980720	0.2661028	0.2302136	0.2292640	0.1867892	0.2752103	0.2417156	0.2208070
3232987697.3212748	0.2876412	0.3701555	0.0809284	0.1433206	0.1658384	0.2947718	0.2026226	0.2186738	0.1980744	0.2661114	0.2302234	0.2292542	0.1867638	0.2751937	0.2417207	0.2208177
3232987697.3311629	0.2876559	0.3701911	0.0809428	0.1433275	0.1658667	0.2947889	0.2026257	0.2186908	0.1980744	0.2661018	0.2302089	0.2292625	0.1867688	0.2752014	0.2416985	0.2208196
3232987697.3410511	0.2876388	0.3701848	0.0809458	0.1433330	0.1658499	0.2947612	0.2026333	0.2186939	0.1980603	0.2661143	0.2302358	0.2292677	0.1867815	0.2752035	0.2417041	0.2208222
3232987697.3509393	0.2876228	0.3701877	0.0809466	0.1433232	0.1658609	0.2947673	0.2026252	0.2186906	0.1980735	0.2661124	0.2302217	0.2292619	0.1867635	0.2752176	0.2417077	0.2208230
3232987697.3608274	0.2876540	0.3701786	0.0809547	0.1433394	0.1658553	0.2947801	0.2026346	0.2186778	0.1980776	0.2661183	0.2302112	0.2292484	0.1867749	0.2751915	0.2417208	0.2208265
3232987697.3707156	0.2876539	0.3701826	0.0809451	0.1433204	0.1658457	0.2947705	0.2026065	0.2186965	0.1980828	0.2661197	0.2302151	0.2292731	0.1867822	0.2752019	0.2417384	0.2208062
3232987697.3806038	0.2876371	0.3701743	0.0809533	0.1433168	0.1658575	0.2947732	0.2026199	0.2186701	0.1980721	0.2661177	0.2302355	0.2292721	0.1867999	0.2752066	0.2417227	0.2208188
3232987697.3904901	0.2876228	0.3701832	0.0809384	0.1433450	0.1658499	0.2947784	0.2026113	0.2186901	0.1980749	0.2661030	0.2302213	0.2292613	0.1867555	0.2752151	0.2417240	0.2208158
3232987697.4003782	0.2876557	0.3701802	0.0809435	0.1433386	0.1658567	0.2947696	0.2026241	0.2186961	0.1980702	0.2661125	0.2302101	0.2292464	0.1867977	0.2752082	0.2417252	0.2208270
3232987697.4102664	0.2876457	0.3701721	0.0809278	0.1433492	0.1658318	0.2947828	0.2026515	0.2186975	0.1980832	0.2661073	0.2302215	0.2292571	0.1867760	0.2752079	0.2417402	0.2208109
3232987697.4201546	0.2876400	0.3701890	0.0809410	0.1433225	0.1658508	0.2947847	0.2026187	0.2186876	0.1980984	0.2661228	0.2302226	0.2292605	0.1867802	0.2752241	0.2417271	0.2208144
3232987697.4300427	0.2876493	0.3701948	0.0809347	0.1433133	0.1658590	0.2947790	0.2026182	0.2186922	0.1980715	0.2661018	0.2302279	0.2292626	0.1867889	0.2752071	0.2417235	0.2208156
3232987697.4399309	0.2876496	0.3701788	0.0809338	0.1433242	0.1658433	0.2947847	0.2026221	0.2186888	0.1980802	0.2661113	0.2302071	0.2292567	0.1867830	0.2752137	0.2417218	0.2208163
3232987697.4498191	0.2876593	0.3701923	0.0809563	0.1433363	0.1658586	0.2947944	0.2026290	0.2187041	0.1980872	0.2660870	0.2302263	0.2292677	0.1867806	0.2751988	0.2417291	0.2208149
3232987697.4597073	0.2876388	0.3701982	0.0809266	0.1433196	0.1658523	0.2947923	0.2026482	0.2186741	0.1980711	0.2661230	0.2302144	0.2292646	0.1867781	0.2752202	0.2417338	0.2208025
3232987697.4695954	0.2876455	0.3701715	0.0809357	0.1433249	0.1658466	0.2947747	0.2026249	0.2186797	0.1980639	0.2661365	0.2302184	0.2292686	0.1867939	0.2751896	0.2417422	0.2208212
3232987697.4794836	0.2876455	0.3701976	0.0809223	0.1433221	0.1658488	0.2947664	0.2026147	0.2186870	0.1980798	0.2661061	0.2302040	0.2292512	0.1867749	0.2752114	0.2417122	0.2208104
3232987697.4893699	0.2876422	0.3701633	0.0809363	0.1433518	0.1658470	0.2947818	0.2026309	0.2186857	0.1980861	0.2661167	0.2302336	0.2292715	0.1867898	0.2752035	0.2417047	0.2208224
3232987697.4992580	0.2876536	0.3701981	0.0809545	0.1433275	0.1658507	0.2947933	0.2026239	0.2186917	0.1980869	0.2661330	0.2302061	0.2292711	0.1867751	0.2752161	0.2417314	0.2208156
3232987697.5091462	0.2876517	0.3701871	0.0809624	0.1433340	0.1658510	0.2947813	0.2026483	0.2186903	0.1980878	0.2661250	0.2302168	0.2292613	0.1867853	0.2751988	0.2417288	0.2208067
3232987697.5190344	0.2876278	0.3702033	0.0809652	0.1433215	0.1658663	0.2947875	0.2026193	0.2186898	0.1980800	0.2661146	0.2302297	0.2292467	0.1867545	0.2751870	0.2417310	0.2208057
3232987697.5289226	0.2876528	0.3701874	0.0809418	0.1433303	0.1658663	0.2947833	0.2026194	0.2186681	0.1980720	0.2661156	0.2302136	0.2292580	0.1867754	0.2752040	0.2417233	0.2208245
3232987697.5388107	0.2876348	0.3701800	0.0809360	0.1433227	0.1658504	0.2947685	0.2026290	0.2186908	0.1980774	0.2661226	0.2302263	0.2292655	0.1867813	0.2752037	0.2417207	0.2208239
3232987697.5486989	0.2876569	0.3701947	0.0809480	0.1433282	0.1658587	0.2947827	0.2026244	0.2186925	0.1980809	0.2661198	0.2302111	0.2292557	0.1867656	0.2752025	0.2417152	0.2208296
3232987697.5585871	0.2876520	0.3702041	0.0809567	0.1433176	0.1658483	0.2947878	0.2026315	0.2187080	0.1980785	0.2660945	0.2302091	0.2292796	0.1867841	0.2752036	0.2417324	0.2208197
3232987697.5684752	0.2876483	0.3701835	0.0809316	0.1433329	0.1658445	0.2948038	0.2026255	0.2186787	0.1980782	0.2661153	0.2302261	0.2292712	0.1867699	0.2752150	0.2417230	0.2208288
3232987697.5783634	0.2876499	0.3701962	0.0809286	0.1433352	0.1658440	0.2947798	0.2026300	0.2186821	0.1980801	0.2661097	0.2302053	0.2292532	0.1867721	0.2751999	0.2417137	0.2208004
3232987697.5882502	0.2876339	0.3701834	0.0809346	0.1433361	0.1658324	0.2947934	0.2026453	0.2186689	0.1980684	0.2661181	0.2302139	0.2292607	0.1867830	0.2752136	0.2417261	0.2208171
3232987697.5981383	0.2876513	0.3702099	0.0809327	0.1433426	0.1658522	0.2948006	0.2026229	0.2187199	0.1980823	0.2661075	0.2302111	0.2292749	0.1867751	0.2752104	0.2417112	0.2208139
3232987697.6080265	0.2876631	0.3701997	0.0809407	0.1433487	0.1658401	0.2947918	0.2026486	0.2186774	0.1980665	0.2661189	0.2302262	0.2292814	0.1867784	0.2751994	0.2417209	0.2208144
3232987697.6179147	0.2876592	0.3701990	0.0809500	0.1433560	0.1658638	0.2947841	0.2026332	0.2186836	0.1980591	0.2661208	0.2302219	0.2292564	0.1867769	0.2752158	0.2417201	0.2208130
3232987697.6278028	0.2876448	0.3701942	0.0809481	0.1433325	0.1658474	0.2948019	0.2026275	0.2187060	0.1980675	0.2661134	0.2302082	0.2292687	0.1867755	0.2752110	0.2417025	0.2208320
3232987697.6376910	0.2876534	0.3701900	0.0809285	0.1433500	0.1658536	0.2947799	0.2026313	0.2186872	0.1980681	0.2661330	0.2302195	0.2292775	0.1867818	0.2752143	0.2417114	0.2208066
3232987697.6475792	0.2876517	0.3701966	0.0809253	0.1433332	0.1658714	0.2947792	0.2026221	0.2186907	0.1980801	0.2661228	0.2302325	0.2292537	0.1867840	0.2751944	0.2417253	0.2208218
3232987697.6574674	0.2876543	0.3701982	0.0809510	0.1433319	0.1658474	0.2947732	0.2026412	0.2186866	0.1980827	0.2661164	0.2302266	0.2292561	0.1867825	0.2752186	0.2417082	0.2208282
3232987697.6673555	0.2876610	0.3701976	0.0809433	0.1433381	0.1658485	0.2947925	0.2026345	0.2187084	0.1980577	0.2661212	0.2302118	0.2292713	0.1867879	0.2752242	0.2417209	0.2208125
3232987697.6772437	0.2876501	0.3701976	0.0809498	0.1433489	0.1658556	0.2947942	0.2026380	0.2186907	0.1980676	0.2661102	0.2302206	0.2292745	0.1867682	0.2752102	0.2417242	0.2208355
3232987697.6871300	0.2876461	0.3702017	0.0809290	0.1433283	0.1658468	0.2947984	0.2026035	0.2187084	0.1980676	0.2661185	0.2302170	0.2292746	0.1867765	0.2752037	0.2417201	0.2208086
3232987697.6970181	0.2876318	0.3702009	0.0809421	0.1433403	0.1658554	0.2947786	0.2026245	0.2187049	0.1980760	0.2661279	0.2302262	0.2292787	0.1867820	0.2752198	0.2417074	0.2208368
3232987697.7069063	0.2876477	0.3702013	0.0809437	0.1433458	0.1658696	0.2947942	0.2026259	0.2186969	0.1980832	0.2661131	0.2302339	0.2292752	0.1867817	0.2752024	0.2417327	0.2208064
3232987697.7167945	0.2876428	0.3701976	0.0809380	0.1433285	0.1658654	0.2947855	0.2026548	0.2187054	0.1980664	0.2661166	0.2302331	0.2292744	0.1867786	0.2752104	0.2417412	0.2208367
3232987697.7266827	0.2876466	0.3701940	0.0809250	0.1433429	0.1658558	0.2948041	0.2026429	0.2187087	0.1980998	0.2661366	0.2302106	0.2292633	0.1867832	0.2752222	0.2417135	0.2208083
3232987697.7365708	0.2876505	0.3701863	0.0809527	0.1433527	0.1658544	0.2947956	0.2026270	0.2187022	0.1980800	0.2661108	0.2302267	0.2292838	0.1867782	0.2752290	0.2417220	0.2208314
3232987697.7464590	0.2876474	0.3702037	0.0809358	0.1433350	0.1658620	0.2948012	0.2026352	0.2186982	0.1980807	0.2661215	0.2302187	0.2292738	0.1867761	0.2752373	0.2417242	0.2208050
3232987697.7563472	0.2876479	0.3701897	0.0809450	0.1433431	0.1658620	0.2947890	0.2026286	0.2186867	0.1980713	0.2661184	0.2302184	0.2292637	0.1867824	0.2752045	0.2417136	0.2208300
3232987697.7662353	0.2876527	0.3701979	0.0809559	0.1433364	0.1658596	0.2947934	0.2026449	0.2186868	0.1980865	0.2661186	0.2302209	0.2292885	0.1867781	0.2752255	0.2417223	0.2208185
3232987697.7761235	0.2876431	0.3701875	0.0809373	0.1433269	0.1658539	0.2947962	0.2026176	0.2186891	0.1980714	0.2661416	0.2302399	0.2292732	0.1867921	0.2752303	0.2417352	0.2208295
3232987697.7860103	0.2876466	0.3702017	0.0809571	0.1433504	0.1658581	0.2948153	0.2026459	0.2186832	0.1980678	0.2660970	0.2302346	0.2292726	0.1867960	0.2752304	0.2417274	0.2208011
3232987697.7958984	0.2876444	0.3701959	0.0809369	0.1433522	0.1658292	0.2947915	0.2026216	0.2186864	0.1980674	0.2661262	0.2302255	0.2292925	0.1867691	0.2752257	0.2417138	0.2208139
3232987697.8057866	0.2876567	0.3702045	0.0809363	0.1433590	0.1658393	0.2947894	0.2026263	0.2187025	0.1980824	0.2661192	0.2302315	0.2292849	0.1867698	0.2752275	0.2417080	0.2208264
3232987697.8156748	0.2876523	0.3701900	0.0809418	0.1433308	0.1658637	0.2947858	0.2026368	0.2186935	0.1980638	0.2661298	0.2302332	0.2292813	0.1867795	0.2752014	0.2417196	0.2208273
3232987697.8255630	0.2876578	0.3702117	0.0809677	0.1433354	0.1658632	0.2947990	0.2026494	0.2187204	0.1980635	0.2661080	0.2302241	0.2292803	0.1867794	0.2752185	0.2417333	0.2208164
3232987697.8354511	0.2876384	0.3701908	0.0809354	0.1433512	0.1658444	0.2947916	0.2026249	0.2187081	0.1980752	0.2661127	0.2302357	0.2292694	0.1867694	0.2752182	0.2417198	0.2208071
3232987697.8453393	0.2876390	0.3702092	0.0809480	0.1433327	0.1658492	0.2947974	0.2026301	0.2187052	0.1980740	0.2661210	0.2302395	0.2292758	0.1867669	0.2752150	0.2417282	0.2208434
3232987697.8552275	0.2876305	0.3702118	0.0809396	0.1433675	0.1658488	0.2947844	0.2026123	0.2186931	0.1980911	0.2661294	0.2302105	0.2292818	0.1867747	0.2752243	0.2417151	0.2208152
3232987697.8651156	0.2876578	0.3702250	0.0809326	0.1433511	0.1658636	0.2947827	0.2026295	0.2187115	0.1980792	0.2661175	0.2302499	0.2292769	0.1867935	0.2752273	0.2417138	0.2208293
3232987697.8750038	0.2876534	0.3702112	0.0809489	0.1433327	0.1658496	0.2948019	0.2026319	0.2187097	0.1980732	0.2661330	0.2302229	0.2292860	0.1867932	0.2752178	0.2417212	0.2208316
3232987697.8848901	0.2876538	0.3701995	0.0809474	0.1433390	0.1658494	0.2948009	0.2026405	0.2187121	0.1980823	0.2661046	0.2302301	0.2292757	0.1867809	0.2752069	0.2417205	0.2208304
3232987697.8947782	0.2876517	0.3702226	0.0809655	0.1433261	0.1658566	0.2948134	0.2026207	0.2187000	0.1980859	0.2661107	0.2302388	0.2292867	0.1867819	0.2752277	0.2417320	0.2208367
3232987697.9046664	0.2876473	0.3701996	0.0809556	0.1433490	0.1658423	0.2947866	0.2026309	0.2187000	0.1980902	0.2661298	0.2301979	0.2292939	0.1867791	0.2752335	0.2417385	0.2208196
3232987697.9145546	0.2876473	0.3702010	0.0809396	0.1433453	0.1658655	0.2948071	0.2026180	0.2186953	0.1980676	0.2661317	0.2302314	0.2292828	0.1867750	0.2752325	0.2417293	0.2208166
3232987697.9244428	0.2876513	0.3702163	0.0809471	0.1433344	0.1658557	0.2948105	0.2026185	0.2187010	0.1980809	0.2661323	0.2302137	0.2292741	0.1867733	0.2752305	0.2417249	0.2208341
3232987697.9343309	0.2876315	0.3702064	0.0809341	0.1433303	0.1658741	0.2948004	0.2026155	0.2187170	0.1980792	0.2661445	0.2302287	0.2292669	0.1867933	0.2752319	0.2417253	0.2208271
3232987697.9442191	0.2876483	0.3702057	0.0809508	0.1433577	0.1658556	0.2948023	0.2026426	0.2186968	0.1980751	0.2661225	0.2302191	0.2292844	0.1867857	0.2752153	0.2417096	0.2208248
3232987697.9541073	0.2876566	0.3702182	0.0809213	0.1433380	0.1658397	0.2947918	0.2026235	0.2187149	0.1980755	0.2661300	0.2302263	0.2292684	0.1867696	0.2752052	0.2417044	0.2208278
3232987697.9639955	0.2876657	0.3701975	0.0809425	0.1433369	0.1658623	0.2948134	0.2026216	0.2187043	0.1980810	0.2661446	0.2302228	0.2292833	0.1867829	0.2752125	0.2417166	0.2208131
3232987697.9738836	0.2876542	0.3701976	0.0809371	0.1433502	0.1658537	0.2947992	0.2026361	0.2187191	0.1980844	0.2661265	0.2302289	0.2292678	0.1867872	0.2752383	0.2417333	0.2208255
3232987697.9837699	0.2876406	0.3702120	0.0809532	0.1433520	0.1658473	0.2947976	0.2026430	0.2187159	0.1980897	0.2661170	0.2302433	0.2292879	0.1867829	0.2752226	0.2417371	0.2208092
3232987697.9936581	0.2876591	0.3702032	0.0809526	0.1433336	0.1658573	0.2947983	0.2026505	0.2186988	0.1980910	0.2661265	0.2302330	0.2292750	0.1867917	0.2752294	0.2417315	0.2208233
3232987698.0035462	0.2876300	0.3702123	0.0809380	0.1433445	0.1658503	0.2947982	0.2026201	0.2187116	0.1980743	0.2661221	0.2302170	0.2292787	0.1867797	0.2752265	0.2417248	0.2208401
3232987698.0134344	0.2876451	0.3702014	0.0809480	0.1433417	0.1658586	0.2947987	0.2026365	0.2187087	0.1980829	0.2661293	0.2302316	0.2292870	0.1867990	0.2752188	0.2417188	0.2208362
3232987698.0233226	0.2876500	0.3702151	0.0809552	0.1433515	0.1658641	0.2948026	0.2026497	0.2187217	0.1980946	0.2661266	0.2302267	0.2292779	0.1867830	0.2752161	0.2417256	0.2208319
3232987698.0332108	0.2876535	0.3702228	0.0809374	0.1433462	0.1658620	0.2947987	0.2026382	0.2186849	0.1980736	0.2661168	0.2302368	0.2292761	0.1867655	0.2752260	0.2417366	0.2208492
3232987698.0430989	0.2876433	0.3702111	0.0809385	0.1433452	0.1658578	0.2948078	0.2026377	0.2187020	0.1981018	0.2661236	0.2302362	0.2293050	0.1867692	0.2752482	0.2417173	0.2208305
3232987698.0529871	0.2876612	0.3702204	0.0809235	0.1433382	0.1658430	0.2947964	0.2026491	0.2187228	0.1980605	0.2661489	0.2302076	0.2292820	0.1867694	0.2752258	0.2417073	0.2208424
3232987698.0628753	0.2876413	0.3702059	0.0809374	0.1433522	0.1658505	0.2947970	0.2026155	0.2187192	0.1980818	0.2661173	0.2302469	0.2292877	0.1867867	0.2752315	0.2417089	0.2208341
3232987698.0727634	0.2876547	0.3701945	0.0809275	0.1433319	0.1658565	0.2947937	0.2026360	0.2187185	0.1980854	0.2661160	0.2302358	0.2292909	0.1867844	0.2752371	0.2417207	0.2208301
3232987698.0826502	0.2876517	0.3702198	0.0809476	0.1433382	0.1658500	0.2948208	0.2026423	0.2187079	0.1980870	0.2661180	0.2302233	0.2292688	0.1867885	0.2752213	0.2417121	0.2208533
3232987698.0925384	0.2876659	0.3702047	0.0809257	0.1433580	0.1658684	0.2948085	0.2026454	0.2187150	0.1980962	0.2661395	0.2302172	0.2292859	0.1867873	0.2752608	0.2417450	0.2208340
3232987698.1024265	0.2876415	0.3702004	0.0809537	0.1433475	0.1658622	0.2947986	0.2026324	0.2187027	0.1980914	0.2661365	0.2302277	0.2292784	0.1867727	0.2752328	0.2417153	0.2208355
3232987698.1123147	0.2876495	0.3702132	0.0809545	0.1433275	0.1658401	0.2948185	0.2026268	0.2187006	0.1980659	0.2661369	0.2302341	0.2292761	0.1867899	0.2752063	0.2417297	0.2208524
3232987698.1222029	0.2876552	0.3702167	0.0809460	0.1433384	0.1658321	0.2948031	0.2026200	0.2187057	0.1980681	0.2661268	0.2302197	0.2292806	0.1867808	0.2752217	0.2417278	0.2208362
3232987698.1320910	0.2876575	0.3702239	0.0809389	0.1433409	0.1658682	0.2947968	0.2026387	0.2187082	0.1980905	0.2661360	0.2302460	0.2292832	0.1867829	0.2752296	0.2417204	0.2208323
3232987698.1419792	0.2876603	0.3702175	0.0809481	0.1433439	0.1658671	0.2948268	0.2026133	0.2187216	0.1980966	0.2661402	0.2302211	0.2292821	0.1867952	0.2752351	0.2417420	0.2208482
3232987698.1518674	0.2876647	0.3702139	0.0809383	0.1433330	0.1658447	0.2948002	0.2026197	0.2187099	0.1980701	0.2661295	0.2302283	0.2292820	0.1867891	0.2752397	0.2417162	0.2208427
3232987698.1617556	0.2876479	0.3702145	0.0809305	0.1433421	0.1658581	0.2948082	0.2026391	0.2186984	0.1980888	0.2661424	0.2302285	0.2292840	0.1867878	0.2752417	0.2417330	0.2208303
3232987698.1716437	0.2876477	0.3702056	0.0809511	0.1433401	0.1658541	0.2947952	0.2026400	0.2187016	0.1980844	0.2661564	0.2302214	0.2292897	0.1867857	0.2752227	0.2417266	0.2208337
3232987698.1815300	0.2876588	0.3702338	0.0809330	0.1433507	0.1658517	0.2948023	0.2026407	0.2187133	0.1980841	0.2661173	0.2302292	0.2292735	0.1867873	0.2752389	0.2417316	0.2208427
3232987698.1914182	0.2876526	0.3702203	0.0809518	0.1433413	0.1658760	0.2948066	0.2026363	0.2187131	0.1980929	0.2661425	0.2302203	0.2292896	0.1867991	0.2752387	0.2417259	0.2208339
3232987698.2013063	0.2876616	0.3702223	0.0809475	0.1433437	0.1658636	0.2948031	0.2026283	0.2186979	0.1980895	0.2661274	0.2302297	0.2292865	0.1867875	0.2752168	0.2417289	0.2208438
3232987698.2111945	0.2876551	0.3702052	0.0809473	0.1433376	0.1658405	0.2948051	0.2026297	0.2186875	0.1980792	0.2661406	0.2302265	0.2292693	0.1867882	0.2752234	0.2417171	0.2208406
3232987698.2210827	0.2876636	0.3702536	0.0809372	0.1433335	0.1658480	0.2947832	0.2026409	0.2186992	0.1980792	0.2661263	0.2302401	0.2292752	0.1867849	0.2752177	0.2417473	0.2208350
3232987698.2309709	0.2876476	0.3702166	0.0809354	0.1433503	0.1658388	0.2948149	0.2026402	0.2187120	0.1980840	0.2661362	0.2302248	0.2292859	0.1867884	0.2752263	0.2417323	0.2208358
3232987698.2408590	0.2876618	0.3702311	0.0809412	0.1433526	0.1658466	0.2948145	0.2026214	0.2187111	0.1980936	0.2661312	0.2302223	0.2292947	0.1867841	0.2752561	0.2417460	0.2208387
3232987698.2507472	0.2876509	0.3702291	0.0809426	0.1433465	0.1658530	0.2948257	0.2026477	0.2187088	0.1980825	0.2661524	0.2302418	0.2292885	0.1867947	0.2752283	0.2417225	0.2208474
3232987698.2606354	0.2876449	0.3702168	0.0809580	0.1433469	0.1658724	0.2948109	0.2026233	0.2187147	0.1980862	0.2661392	0.2302349	0.2293032	0.1867930	0.2752253	0.2417205	0.2208277
3232987698.2705235	0.2876451	0.3702322	0.0809397	0.1433476	0.1658594	0.2948075	0.2026288	0.2187212	0.1980782	0.2661444	0.2302107	0.2292960	0.1867833	0.2752329	0.2417454	0.2208331
3232987698.2804103	0.2876394	0.3702244	0.0809505	0.1433436	0.1658360	0.2948056	0.2026190	0.2187256	0.1980678	0.2661443	0.2302431	0.2292774	0.1867969	0.2752479	0.2417218	0.2208286
3232987698.2902985	0.2876644	0.3702333	0.0809439	0.1433707	0.1658679	0.2948379	0.2026363	0.2187177	0.1980733	0.2661489	0.2302320	0.2292819	0.1867865	0.2752412	0.2417342	0.2208407
3232987698.3001866	0.2876583	0.3702339	0.0809426	0.1433441	0.1658534	0.2947863	0.2026306	0.2187277	0.1980897	0.2661431	0.2302296	0.2293093	0.1867949	0.2752377	0.2417185	0.2208520
3232987698.3100748	0.2876573	0.3702358	0.0809480	0.1433312	0.1658535	0.2948162	0.2026318	0.2187267	0.1980890	0.2661524	0.2302243	0.2292910	0.1867919	0.2752486	0.2417330	0.2208328
3232987698.3199630	0.2876456	0.3702305	0.0809303	0.1433434	0.1658612	0.2948156	0.2026302	0.2187172	0.1980790	0.2661403	0.2302389	0.2292893	0.1867815	0.2752259	0.2417239	0.2208546
3232987698.3298511	0.2876497	0.3702313	0.0809330	0.1433436	0.1658667	0.2948191	0.2026405	0.2187028	0.1980995	0.2661521	0.2302423	0.2292907	0.1867750	0.2752375	0.2417479	0.2208341
3232987698.3397393	0.2876511	0.3702261	0.0809411	0.1433517	0.1658557	0.2948181	0.2026557	0.2187019	0.1980904	0.2661388	0.2302303	0.2292794	0.1867888	0.2752467	0.2417248	0.2208541
3232987698.3496275	0.2876346	0.3702293	0.0809289	0.1433331	0.1658567	0.2948106	0.2026314	0.2187173	0.1981013	0.2661341	0.2302232	0.2292917	0.1867886	0.2752564	0.2417358	0.2208372
3232987698.3595157	0.2876445	0.3702042	0.0809378	0.1433570	0.1658531	0.2948109	0.2026404	0.2187140	0.1980845	0.2661538	0.2302413	0.2292984	0.1868008	0.2752307	0.2417295	0.2208412
3232987698.3694038	0.2876461	0.3702094	0.0809419	0.1433551	0.1658418	0.2948005	0.2026208	0.2187058	0.1980777	0.2661408	0.2302336	0.2292803	0.1868017	0.2752530	0.2417163	0.2208380
3232987698.3792901	0.2876352	0.3702168	0.0809468	0.1433288	0.1658499	0.2948273	0.2026390	0.2187071	0.1980826	0.2661509	0.2302368	0.2292800	0.1867782	0.2752467	0.2417328	0.2208376
3232987698.3891783	0.2876460	0.3702459	0.0809300	0.1433531	0.1658621	0.2948153	0.2026446	0.2187169	0.1980901	0.2661350	0.2302458	0.2292878	0.1867807	0.2752369	0.2417179	0.2208500
3232987698.3990664	0.2876522	0.3702405	0.0809458	0.1433400	0.1658706	0.2948162	0.2026292	0.2187121	0.1980983	0.2661228	0.2302231	0.2292668	0.1867826	0.2752407	0.2417270	0.2208430
3232987698.4089546	0.2876545	0.3702443	0.0809454	0.1433510	0.1658510	0.2948306	0.2026521	0.2187229	0.1980966	0.2661459	0.2302305	0.2292969	0.1867813	0.2752633	0.2417292	0.2208402
3232987698.4188428	0.2876607	0.3702409	0.0809474	0.1433403	0.1658508	0.2948103	0.2026488	0.2187146	0.1980794	0.2661470	0.2302336	0.2292833	0.1867816	0.2752380	0.2417266	0.2208426
3232987698.4287310	0.2876638	0.3702352	0.0809328	0.1433464	0.1658570	0.2948173	0.2026454	0.2187107	0.1980903	0.2661422	0.2302281	0.2292909	0.1867979	0.2752395	0.2417284	0.2208423
3232987698.4386191	0.2876540	0.3702242	0.0809494	0.1433393	0.1658658	0.2948229	0.2026209	0.2187133	0.1980997	0.2661407	0.2302222	0.2292964	0.1867987	0.2752424	0.2417467	0.2208502
3232987698.4485073	0.2876556	0.3702378	0.0809614	0.1433655	0.1658575	0.2948152	0.2026322	0.2187158	0.1980962	0.2661337	0.2302281	0.2292958	0.1867808	0.2752408	0.2417273	0.2208222
3232987698.4583955	0.2876566	0.3702205	0.0809650	0.1433516	0.1658721	0.2948425	0.2026547	0.2187170	0.1980864	0.2661620	0.2302448	0.2292958	0.1868079	0.2752443	0.2417272	0.2208388
3232987698.4682837	0.2876428	0.3702499	0.0809436	0.1433638	0.1658626	0.2948009	0.2026393	0.2187119	0.1980890	0.2661540	0.2302296	0.2292906	0.1868086	0.2752397	0.2417275	0.2208475
3232987698.4781699	0.2876416	0.3702025	0.0809206	0.1433518	0.1658658	0.2948150	0.2026367	0.2187067	0.1980800	0.2661534	0.2302343	0.2292844	0.1867875	0.2752314	0.2417312	0.2208436
3232987698.4880581	0.2876390	0.3702280	0.0809264	0.1433303	0.1658518	0.2948073	0.2026517	0.2187087	0.1980869	0.2661442	0.2302485	0.2293145	0.1867857	0.2752327	0.2417124	0.2208392
3232987698.4979463	0.2876513	0.3702299	0.0809438	0.1433454	0.1658659	0.2948118	0.2026355	0.2187216	0.1980960	0.2661540	0.2302375	0.2292910	0.1867925	0.2752415	0.2417418	0.2208412
3232987698.5078344	0.2876357	0.3702248	0.0809356	0.1433507	0.1658580	0.2948101	0.2026468	0.2187295	0.1980953	0.2661492	0.2302659	0.2292949	0.1867840	0.2752423	0.2417307	0.2208537
3232987698.5177226	0.2876506	0.3702368	0.0809561	0.1433524	0.1658659	0.2948141	0.2026401	0.2187216	0.1981039	0.2661469	0.2302388	0.2293005	0.1867865	0.2752561	0.2417294	0.2208345
3232987698.5276108	0.2876529	0.3702400	0.0809413	0.1433347	0.1658603	0.2948234	0.2026419	0.2187262	0.1980738	0.2661461	0.2302265	0.2292836	0.1867992	0.2752591	0.2417378	0.2208528
3232987698.5374989	0.2876601	0.3702242	0.0809468	0.1433379	0.1658691	0.2948052	0.2026384	0.2187086	0.1980873	0.2661376	0.2302249	0.2292951	0.1868005	0.2752368	0.2417209	0.2208463
3232987698.5473871	0.2876767	0.3702266	0.0809320	0.1433672	0.1658457	0.2948301	0.2026235	0.2187103	0.1980903	0.2661443	0.2302284	0.2292894	0.1867854	0.2752460	0.2417312	0.2208409
3232987698.5572753	0.2876899	0.3702539	0.0809568	0.1433487	0.1658686	0.2948372	0.2026393	0.2187309	0.1981012	0.2661444	0.2302377	0.2293070	0.1867947	0.2752446	0.2417355	0.2208188
3232987698.5671635	0.2876552	0.3702600	0.0809522	0.1433494	0.1658750	0.2948253	0.2026279	0.2187107	0.1980822	0.2661570	0.2302429	0.2293096	0.1867915	0.2752434	0.2417371	0.2208704
3232987698.5770502	0.2876760	0.3702476	0.0809364	0.1433429	0.1658540	0.2948329	0.2026368	0.2187153	0.1980973	0.2661442	0.2302520	0.2292750	0.1867849	0.2752630	0.2417463	0.2208720
3232987698.5869384	0.2876613	0.3702285	0.0809391	0.1433420	0.1658741	0.2948231	0.2026358	0.2187176	0.1981047	0.2661701	0.2302401	0.2292948	0.1868001	0.2752392	0.2417350	0.2208367
3232987698.5968266	0.2876585	0.3702475	0.0809494	0.1433404	0.1658549	0.2948390	0.2026409	0.2187264	0.1980855	0.2661433	0.2302375	0.2293074	0.1867879	0.2752550	0.2417058	0.2208450
3232987698.6067147	0.2876533	0.3702497	0.0809532	0.1433686	0.1658634	0.2948212	0.2026470	0.2187198	0.1980952	0.2661570	0.2302238	0.2292894	0.1867903	0.2752587	0.2417187	0.2208532
3232987698.6166029	0.2876818	0.3702751	0.0809642	0.1433534	0.1658766	0.2948357	0.2026479	0.2187405	0.1981019	0.2661451	0.2302497	0.2293083	0.1867785	0.2752537	0.2417416	0.2208453
3232987698.6264911	0.2876806	0.3702483	0.0809589	0.1433612	0.1658613	0.2948198	0.2026644	0.2187295	0.1980782	0.2661458	0.2302362	0.2293012	0.1867966	0.2752448	0.2417436	0.2208433
3232987698.6363792	0.2876679	0.3702531	0.0809458	0.1433573	0.1658824	0.2948332	0.2026686	0.2187336	0.1980971	0.2661426	0.2302413	0.2293011	0.1868129	0.2752652	0.2417375	0.2208750
3232987698.6462674	0.2876512	0.3702344	0.0809611	0.1433483	0.1658473	0.2948426	0.2026487	0.2187269	0.1980942	0.2661396	0.2302376	0.2293116	0.1867806	0.2752480	0.2417533	0.2208509
3232987698.6561556	0.2876626	0.3702472	0.0809483	0.1433400	0.1658596	0.2948256	0.2026429	0.2187371	0.1980974	0.2661636	0.2302305	0.2293018	0.1868032	0.2752628	0.2417502	0.2208579
3232987698.6660438	0.2876544	0.3702559	0.0809540	0.1433429	0.1658861	0.2948337	0.2026471	0.2187301	0.1980891	0.2661533	0.2302484	0.2293015	0.1867916	0.2752628	0.2417468	0.2208529
3232987698.6759300	0.2876853	0.3702573	0.0809306	0.1433538	0.1658619	0.2948341	0.2026556	0.2187397	0.1980892	0.2661688	0.2302475	0.2292956	0.1868055	0.2752561	0.2417166	0.2208622
3232987698.6858182	0.2876571	0.3702496	0.0809498	0.1433532	0.1658555	0.2948421	0.2026455	0.2187257	0.1980869	0.2661708	0.2302568	0.2293068	0.1867892	0.2752579	0.2417556	0.2208545
3232987698.6957064	0.2876534	0.3702520	0.0809254	0.1433560	0.1658674	0.2948354	0.2026421	0.2187280	0.1981101	0.2661533	0.2302407	0.2293042	0.1867999	0.2752552	0.2417386	0.2208713
3232987698.7055945	0.2876579	0.3702381	0.0809238	0.1433612	0.1658577	0.2948405	0.2026405	0.2187252	0.1980997	0.2661620	0.2302328	0.2293012	0.1868042	0.2752638	0.2417342	0.2208506
3232987698.7154827	0.2876687	0.3702572	0.0809413	0.1433734	0.1658837	0.2948273	0.2026576	0.2187198	0.1980966	0.2661638	0.2302306	0.2293224	0.1867940	0.2752571	0.2417467	0.2208614
3232987698.7253709	0.2876759	0.3702506	0.0809403	0.1433669	0.1658758	0.2948383	0.2026412	0.2187380	0.1981060	0.2661542	0.2302352	0.2293069	0.1867920	0.2752716	0.2417350	0.2208356
3232987698.7352591	0.2876672	0.3702569	0.0809509	0.1433430	0.1658686	0.2948175	0.2026419	0.2187301	0.1980867	0.2661623	0.2302673	0.2293091	0.1868134	0.2752312	0.2417336	0.2208621
3232987698.7451472	0.2876685	0.3702551	0.0809374	0.1433476	0.1658695	0.2948402	0.2026403	0.2187266	0.1980901	0.2661557	0.2302485	0.2293185	0.1867864	0.2752682	0.2417316	0.2208620
3232987698.7550354	0.2876722	0.3702431	0.0809427	0.1433613	0.1658743	0.2948349	0.2026382	0.2187172	0.1980927	0.2661772	0.2302493	0.2293115	0.1867974	0.2752459	0.2417325	0.2208709
3232987698.7649236	0.2876677	0.3702703	0.0809363	0.1433380	0.1658593	0.2948366	0.2026501	0.2187266	0.1980921	0.2661465	0.2302468	0.2292892	0.1867950	0.2752644	0.2417392	0.2208498
3232987698.7748103	0.2876619	0.3702490	0.0809506	0.1433567	0.1658582	0.2948476	0.2026373	0.2187184	0.1981135	0.2661583	0.2302301	0.2293100	0.1868015	0.2752652	0.2417451	0.2208755
3232987698.7846985	0.2876658	0.3702534	0.0809366	0.1433649	0.1658611	0.2948264	0.2026546	0.2187363	0.1980855	0.2661755	0.2302407	0.2293041	0.1868074	0.2752613	0.2417509	0.2208784
3232987698.7945867	0.2876764	0.3702674	0.0809493	0.1433637	0.1658473	0.2948411	0.2026329	0.2187064	0.1981063	0.2661667	0.2302523	0.2292927	0.1867961	0.2752781	0.2417436	0.2208592
3232987698.8044748	0.2876624	0.3702433	0.0809487	0.1433440	0.1658616	0.2948102	0.2026375	0.2187401	0.1980843	0.2661626	0.2302283	0.2293214	0.1867928	0.2752737	0.2417465	0.2208811
3232987698.8143630	0.2876686	0.3702506	0.0809332	0.1433532	0.1658648	0.2948244	0.2026439	0.2187193	0.1980844	0.2661790	0.2302307	0.2293085	0.1868049	0.2752747	0.2417624	0.2208746
3232987698.8242512	0.2876561	0.3702754	0.0809452	0.1433548	0.1658656	0.2948348	0.2026328	0.2187542	0.1981141	0.2661736	0.2302318	0.2293250	0.1867982	0.2752662	0.2417329	0.2208641
3232987698.8341393	0.2876685	0.3702585	0.0809661	0.1433668	0.1658663	0.2948468	0.2026370	0.2187464	0.1980885	0.2661694	0.2302446	0.2293128	0.1868077	0.2752533	0.2417359	0.2208469
3232987698.8440275	0.2876776	0.3702655	0.0809491	0.1433641	0.1658661	0.2948198	0.2026387	0.2187412	0.1981049	0.2661602	0.2302407	0.2293036	0.1868064	0.2752581	0.2417421	0.2208584
3232987698.8539157	0.2876795	0.3702782	0.0809594	0.1433661	0.1658648	0.2948372	0.2026512	0.2187292	0.1980976	0.2661744	0.2302636	0.2293174	0.1867865	0.2752620	0.2417352	0.2208508
3232987698.8638039	0.2876613	0.3702561	0.0809547	0.1433584	0.1658609	0.2948274	0.2026525	0.2187276	0.1980899	0.2661608	0.2302352	0.2293176	0.1868251	0.2752615	0.2417433	0.2208763
3232987698.8736901	0.2876673	0.3702391	0.0809618	0.1433617	0.1658625	0.2948400	0.2026577	0.2187195	0.1980962	0.2661724	0.2302324	0.2293132	0.1868035	0.2752723	0.2417451	0.2208690
3232987698.8835783	0.2876665	0.3702620	0.0809748	0.1433711	0.1658655	0.2948475	0.2026523	0.2187488	0.1980997	0.2661731	0.2302342	0.2293136	0.1867943	0.2752692	0.2417412	0.2208796
3232987698.8934665	0.2876879	0.3702706	0.0809439	0.1433634	0.1658698	0.2948374	0.2026426	0.2187239	0.1980856	0.2661832	0.2302567	0.2292969	0.1868022	0.2752777	0.2417546	0.2208534
3232987698.9033546	0.2876665	0.3702687	0.0809475	0.1433744	0.1658807	0.2948402	0.2026663	0.2187331	0.1980903	0.2661711	0.2302384	0.2293224	0.1867890	0.2752722	0.2417374	0.2208782
3232987698.9132428	0.2876843	0.3702535	0.0809472	0.1433355	0.1658779	0.2948462	0.2026376	0.2187344	0.1980854	0.2661630	0.2302459	0.2293432	0.1867997	0.2752652	0.2417433	0.2208581
3232987698.9231310	0.2876731	0.3702597	0.0809337	0.1433468	0.1658789	0.2948422	0.2026462	0.2187399	0.1981008	0.2661817	0.2302471	0.2293046	0.1868079	0.2752647	0.2417472	0.2208648
3232987698.9330192	0.2876761	0.3702885	0.0809609	0.1433614	0.1658814	0.2948453	0.2026417	0.2187351	0.1981038	0.2661799	0.2302453	0.2293023	0.1868072	0.2752686	0.2417513	0.2208760
3232987698.9429073	0.2876844	0.3702667	0.0809462	0.1433561	0.1658721	0.2948530	0.2026550	0.2187545	0.1981233	0.2661626	0.2302506	0.2293259	0.1868191	0.2752565	0.2417457	0.2208737
3232987698.9527955	0.2876853	0.3702789	0.0809584	0.1433595	0.1658810	0.2948439	0.2026455	0.2187450	0.1981040	0.2661798	0.2302368	0.2293135	0.1868171	0.2752687	0.2417486	0.2208778
3232987698.9626837	0.2876649	0.3702619	0.0809495	0.1433658	0.1658695	0.2948443	0.2026592	0.2187305	0.1980888	0.2661602	0.2302517	0.2293138	0.1867980	0.2752732	0.2417435	0.2208685
3232987698.9725699	0.2876887	0.3702621	0.0809471	0.1433561	0.1658623	0.2948350	0.2026566	0.2187488	0.1981147	0.2661734	0.2302413	0.2292976	0.1868080	0.2752747	0.2417577	0.2208437
3232987698.9824581	0.2876751	0.3702778	0.0809475	0.1433596	0.1658714	0.2948322	0.2026568	0.2187511	0.1981037	0.2661741	0.2302381	0.2293121	0.1868058	0.2752497	0.2417396	0.2208681
3232987698.9923463	0.2876772	0.3702896	0.0809547	0.1433547	0.1658672	0.2948503	0.2026535	0.2187503	0.1981081	0.2661824	0.2302464	0.2293090	0.1868081	0.2752730	0.2417421	0.2208598
3232987699.0022345	0.2876743	0.3702509	0.0809684	0.1433605	0.1658808	0.2948470	0.2026768	0.2187339	0.1980982	0.2661746	0.2302585	0.2293002	0.1868137	0.2752588	0.2417623	0.2208743
3232987699.0121226	0.2876728	0.3702835	0.0809426	0.1433650	0.1658637	0.2948639	0.2026670	0.2187273	0.1981246	0.2661665	0.2302353	0.2293009	0.1867983	0.2752781	0.2417564	0.2208599
3232987699.0220108	0.2876708	0.3702676	0.0809401	0.1433531	0.1658628	0.2948558	0.2026501	0.2187255	0.1980930	0.2661607	0.2302681	0.2293096	0.1868085	0.2752473	0.2417275	0.2208640
3232987699.0318990	0.2876877	0.3702716	0.0809491	0.1433573	0.1658735	0.2948385	0.2026388	0.2187472	0.1981110	0.2661613	0.2302518	0.2293034	0.1867929	0.2752750	0.2417309	0.2208668
3232987699.0417871	0.2876970	0.3702799	0.0809602	0.1433782	0.1658821	0.2948472	0.2026680	0.2187350	0.1980767	0.2661698	0.2302504	0.2293061	0.1868041	0.2752707	0.2417619	0.2208668
3232987699.0516753	0.2876859	0.3702648	0.0809406	0.1433546	0.1658806	0.2948344	0.2026684	0.2187434	0.1980942	0.2661787	0.2302457	0.2293214	0.1868018	0.2752732	0.2417536	0.2208676
3232987699.0615635	0.2876761	0.3702617	0.0809596	0.1433635	0.1658838	0.2948460	0.2026681	0.2187401	0.1981151	0.2661547	0.2302360	0.2293077	0.1868201	0.2752703	0.2417455	0.2208684
3232987699.0714502	0.2876715	0.3702700	0.0809413	0.1433702	0.1658718	0.2948428	0.2026388	0.2187278	0.1980968	0.2661715	0.2302473	0.2293096	0.1867961	0.2752672	0.2417535	0.2208808
3232987699.0813384	0.2876844	0.3702662	0.0809536	0.1433617	0.1658608	0.2948455	0.2026570	0.2187464	0.1981067	0.2661739	0.2302565	0.2293199	0.1868262	0.2752474	0.2417481	0.2208472
3232987699.0912266	0.2876776	0.3702581	0.0809616	0.1433724	0.1658594	0.2948448	0.2026477	0.2187255	0.1981010	0.2661795	0.2302455	0.2293129	0.1868057	0.2752722	0.2417350	0.2208735
3232987699.1011147	0.2876740	0.3702697	0.0809621	0.1433598	0.1658691	0.2948507	0.2026721	0.2187637	0.1981103	0.2661750	0.2302509	0.2293128	0.1867997	0.2752747	0.2417380	0.2208709
3232987699.1110029	0.2876740	0.3702665	0.0809755	0.1433508	0.1658816	0.2948484	0.2026633	0.2187263	0.1980838	0.2661674	0.2302657	0.2293077	0.1868196	0.2752565	0.2417824	0.2208531
3232987699.1208911	0.2876779	0.3702790	0.0809555	0.1433631	0.1658720	0.2948610	0.2026422	0.2187220	0.1980949	0.2661720	0.2302577	0.2293292	0.1868001	0.2752702	0.2417439	0.2208733
3232987699.1307793	0.2876782	0.3702613	0.0809597	0.1433747	0.1658859	0.2948424	0.2026477	0.2187249	0.1980955	0.2661919	0.2302476	0.2293322	0.1868177	0.2752756	0.2417514	0.2208542
3232987699.1406674	0.2876881	0.3702632	0.0809514	0.1433658	0.1658681	0.2948429	0.2026705	0.2187235	0.1981006	0.2661483	0.2302539	0.2293086	0.1868143	0.2752624	0.2417489	0.2208615
3232987699.1505556	0.2876772	0.3702850	0.0809495	0.1433639	0.1658784	0.2948594	0.2026676	0.2187425	0.1980947	0.2661681	0.2302414	0.2293122	0.1867994	0.2752660	0.2417443	0.2208716
3232987699.1604438	0.2877080	0.3702534	0.0809477	0.1433580	0.1658818	0.2948440	0.2026474	0.2187509	0.1981058	0.2661656	0.2302711	0.2293066	0.1868005	0.2752844	0.2417758	0.2208562
3232987699.1703300	0.2876728	0.3702546	0.0809466	0.1433663	0.1658693	0.2948628	0.2026518	0.2187359	0.1980985	0.2661750	0.2302611	0.2293132	0.1868099	0.2752754	0.2417517	0.2208645
3232987699.1802182	0.2876645	0.3702705	0.0809417	0.1433459	0.1658792	0.2948537	0.2026696	0.2187229	0.1981031	0.2661683	0.2302637	0.2293089	0.1868017	0.2752867	0.2417766	0.2208828
3232987699.1901064	0.2876780	0.3702677	0.0809562	0.1433560	0.1658687	0.2948511	0.2026761	0.2187429	0.1981098	0.2661504	0.2302372	0.2292997	0.1868050	0.2752767	0.2417633	0.2208678
3232987699.1999946	0.2876967	0.3702730	0.0809745	0.1433869	0.1658778	0.2948372	0.2026628	0.2187387	0.1981293	0.2661653	0.2302388	0.2293167	0.1868055	0.2752554	0.2417846	0.2208767
3232987699.2098827	0.2876737	0.3702779	0.0809475	0.1433632	0.1658706	0.2948511	0.2026689	0.2187411	0.1981014	0.2661729	0.2302658	0.2293216	0.1868008	0.2752657	0.2417735	0.2208804
3232987699.2197709	0.2876759	0.3702735	0.0809348	0.1433630	0.1658820	0.2948636	0.2026822	0.2187429	0.1980986	0.2661699	0.2302625	0.2293077	0.1868013	0.2752638	0.2417614	0.2208546
3232987699.2296591	0.2876806	0.3702620	0.0809467	0.1433675	0.1658622	0.2948405	0.2026489	0.2187318	0.1981052	0.2661604	0.2302478	0.2293171	0.1868020	0.2752680	0.2417364	0.2208650
3232987699.2395473	0.2876784	0.3702874	0.0809616	0.1433528	0.1658730	0.2948539	0.2026495	0.2187653	0.1981057	0.2661640	0.2302516	0.2293169	0.1868011	0.2752837	0.2417562	0.2208682
3232987699.2494354	0.2876943	0.3702730	0.0809501	0.1433715	0.1658663	0.2948385	0.2026609	0.2187205	0.1980908	0.2661712	0.2302494	0.2292948	0.1868133	0.2752619	0.2417528	0.2208576
3232987699.2593236	0.2876853	0.3702780	0.0809506	0.1433560	0.1658709	0.2948529	0.2026634	0.2187485	0.1981079	0.2661614	0.2302486	0.2293322	0.1868265	0.2752914	0.2417633	0.2208611
3232987699.2692099	0.2877003	0.3702578	0.0809540	0.1433576	0.1658747	0.2948491	0.2026572	0.2187315	0.1981119	0.2661788	0.2302540	0.2293166	0.1867955	0.2752842	0.2417611	0.2208634
3232987699.2790980	0.2876785	0.3702824	0.0809506	0.1433671	0.1658795	0.2948523	0.2026472	0.2187385	0.1980999	0.2661779	0.2302475	0.2293107	0.1868130	0.2752792	0.2417483	0.2208652
3232987699.2889862	0.2876704	0.3702694	0.0809364	0.1433647	0.1658653	0.2948530	0.2026489	0.2187417	0.1981058	0.2661705	0.2302448	0.2293422	0.1868095	0.2752810	0.2417642	0.2208614
3232987699.2988744	0.2877012	0.3702851	0.0809645	0.1433631	0.1658820	0.2948528	0.2026545	0.2187395	0.1981178	0.2661847	0.2302538	0.2293043	0.1868179	0.2752813	0.2417724	0.2208745
3232987699.3087625	0.2876796	0.3702739	0.0809609	0.1433753	0.1658805	0.2948621	0.2026637	0.2187458	0.1981178	0.2661900	0.2302467	0.2293145	0.1868049	0.2752757	0.2417632	0.2208790
3232987699.3186507	0.2876896	0.3702801	0.0809528	0.1433564	0.1658922	0.2948579	0.2026692	0.2187475	0.1980917	0.2661854	0.2302468	0.2293293	0.1868085	0.2753002	0.2417416	0.2208857
3232987699.3285389	0.2876875	0.3702711	0.0809232	0.1433749	0.1658843	0.2948554	0.2026591	0.2187358	0.1980965	0.2661789	0.2302596	0.2293229	0.1868103	0.2752832	0.2417630	0.2208705
3232987699.3384271	0.2876941	0.3702863	0.0809577	0.1433667	0.1658692	0.2948519	0.2026328	0.2187624	0.1981162	0.2661733	0.2302613	0.2293035	0.1867979	0.2752726	0.2417599	0.2208892
3232987699.3483152	0.2876948	0.3702748	0.0809571	0.1433569	0.1658912	0.2948511	0.2026539	0.2187342	0.1981015	0.2661881	0.2302751	0.2293231	0.1868147	0.2752676	0.2417583	0.2208797
3232987699.3582034	0.2876948	0.3702806	0.0809361	0.1433669	0.1658699	0.2948386	0.2026691	0.2187464	0.1981123	0.2661938	0.2302674	0.2293112	0.1868327	0.2752815	0.2417669	0.2208701
3232987699.3680902	0.2876853	0.3702780	0.0809680	0.1433833	0.1658793	0.2948614	0.2026462	0.2187436	0.1981021	0.2661850	0.2302568	0.2293205	0.1868210	0.2752772	0.2417586	0.2208533
3232987699.3779783	0.2876969	0.3702833	0.0809477	0.1433742	0.1658841	0.2948801	0.2026412	0.2187475	0.1981136	0.2661860	0.2302565	0.2293246	0.1868184	0.2752757	0.2417632	0.2208893
3232987699.3878665	0.2876813	0.3702695	0.0809583	0.1433733	0.1658596	0.2948567	0.2026636	0.2187280	0.1981098	0.2661700	0.2302611	0.2293269	0.1868043	0.2752888	0.2417533	0.2208793
3232987699.3977547	0.2877075	0.3702470	0.0809426	0.1433789	0.1658726	0.2948462	0.2026668	0.2187287	0.1981172	0.2661713	0.2302766	0.2293326	0.1867985	0.2752853	0.2417523	0.2208759
3232987699.4076428	0.2876865	0.3702913	0.0809414	0.1433735	0.1658864	0.2948718	0.2026417	0.2187767	0.1981212	0.2661730	0.2302854	0.2293266	0.1868114	0.2752940	0.2417665	0.2208693
3232987699.4175310	0.2876914	0.3702759	0.0809715	0.1433739	0.1658891	0.2948636	0.2026682	0.2187313	0.1981231	0.2661764	0.2302540	0.2293205	0.1868205	0.2752676	0.2417756	0.2208853
3232987699.4274192	0.2876948	0.3702723	0.0809573	0.1433463	0.1658772	0.2948558	0.2026663	0.2187344	0.1981178	0.2661819	0.2302616	0.2293094	0.1868015	0.2752921	0.2417732	0.2208676
3232987699.4373074	0.2876933	0.3702922	0.0809384	0.1433771	0.1658718	0.2948527	0.2026637	0.2187333	0.1981432	0.2661747	0.2302658	0.2293042	0.1868240	0.2752756	0.2417570	0.2208807
3232987699.4471955	0.2876802	0.3702929	0.0809494	0.1433750	0.1658690	0.2948666	0.2026567	0.2187438	0.1981034	0.2661845	0.2302666	0.2293202	0.1868135	0.2752866	0.2417589	0.2208761
3232987699.4570837	0.2877055	0.3702599	0.0809568	0.1433511	0.1658782	0.2948485	0.2026677	0.2187459	0.1981165	0.2661907	0.2302636	0.2293262	0.1868104	0.2752801	0.2417622	0.2208883
3232987699.4669700	0.2876836	0.3702901	0.0809560	0.1433782	0.1658753	0.2948486	0.2026656	0.2187425	0.1981136	0.2661646	0.2302710	0.2293346	0.1868183	0.2752793	0.2417532	0.2208777
3232987699.4768581	0.2876910	0.3702715	0.0809581	0.1433604	0.1658874	0.2948535	0.2026490	0.2187444	0.1981092	0.2662126	0.2302441	0.2293242	0.1868149	0.2752942	0.2417485	0.2208839
3232987699.4867463	0.2876770	0.3702726	0.0809487	0.1433600	0.1658965	0.2948547	0.2026677	0.2187486	0.1981131	0.2661883	0.2302545	0.2293294	0.1868109	0.2752964	0.2417836	0.2208865
3232987699.4966345	0.2876824	0.3702900	0.0809466	0.1433540	0.1658771	0.2948486	0.2026608	0.2187483	0.1981151	0.2661904	0.2302616	0.2293188	0.1868107	0.2752765	0.2417738	0.2208949
3232987699.5065227	0.2876863	0.3702893	0.0809605	0.1433702	0.1658633	0.2948703	0.2026461	0.2187397	0.1981275	0.2662014	0.2302758	0.2293300	0.1868070	0.2753059	0.2417468	0.2208840
3232987699.5164108	0.2876917	0.3702846	0.0809582	0.1433915	0.1658694	0.2948569	0.2026780	0.2187497	0.1981162	0.2661727	0.2302525	0.2293377	0.1868114	0.2752928	0.2417719	0.2208798
3232987699.5262990	0.2876992	0.3702782	0.0809394	0.1433729	0.1658781	0.2948415	0.2026589	0.2187451	0.1981112	0.2661894	0.2302516	0.2293176	0.1868014	0.2752784	0.2417674	0.2208783
3232987699.5361872	0.2876892	0.3702788	0.0809474	0.1433746	0.1658940	0.2948747	0.2026413	0.2187291	0.1981232	0.2661972	0.2302666	0.2293264	0.1868132	0.2752737	0.2417679	0.2208803
3232987699.5460753	0.2876845	0.3702788	0.0809632	0.1433587	0.1658905	0.2948639	0.2026446	0.2187445	0.1981141	0.2661620	0.2302660	0.2293327	0.1868137	0.2752768	0.2417614	0.2208806
3232987699.5559635	0.2876805	0.3702826	0.0809335	0.1433704	0.1658790	0.2948515	0.2026687	0.2187300	0.1981234	0.2661876	0.2302547	0.2293363	0.1868283	0.2752853	0.2417593	0.2208659
3232987699.5658503	0.2877022	0.3702808	0.0809599	0.1433634	0.1658817	0.2948519	0.2026678	0.2187543	0.1981073	0.2661686	0.2302685	0.2293264	0.1868192	0.2752982	0.2417615	0.2208758
3232987699.5757384	0.2876925	0.3702729	0.0809535	0.1433725	0.1658821	0.2948584	0.2026605	0.2187669	0.1981061	0.2661970	0.2302766	0.2293444	0.1868305	0.2752733	0.2417701	0.2208780
3232987699.5856266	0.2876914	0.3702788	0.0809701	0.1433812	0.1658702	0.2948583	0.2026709	0.2187487	0.1981086	0.2661725	0.2302646	0.2293285	0.1868183	0.2753026	0.2417641	0.2208775
3232987699.5955148	0.2876882	0.3702783	0.0809565	0.1433623	0.1658882	0.2948577	0.2026488	0.2187574	0.1981130	0.2661832	0.2302686	0.2293384	0.1868291	0.2752920	0.2417672	0.2208837
3232987699.6054029	0.2876870	0.3702839	0.0809587	0.1433723	0.1658767	0.2948432	0.2026507	0.2187303	0.1981189	0.2661945	0.2302663	0.2293412	0.1868184	0.2752996	0.2417640	0.2208777
3232987699.6152911	0.2877043	0.3702821	0.0809612	0.1433790	0.1658779	0.2948709	0.2026561	0.2187530	0.1981165	0.2661955	0.2302724	0.2293285	0.1868308	0.2752734	0.2417719	0.2208755
3232987699.6251793	0.2877028	0.3702914	0.0809546	0.1433591	0.1658837	0.2948758	0.2026827	0.2187622	0.1981156	0.2661901	0.2302530	0.2293248	0.1868361	0.2752784	0.2417765	0.2208922
3232987699.6350675	0.2877011	0.3702801	0.0809629	0.1433604	0.1658734	0.2948703	0.2026774	0.2187438	0.1981280	0.2662020	0.2302622	0.2293207	0.1868162	0.2752895	0.2417688	0.2208771
3232987699.6449556	0.2876868	0.3702874	0.0809549	0.1433724	0.1658659	0.2948462	0.2026638	0.2187592	0.1981111	0.2661890	0.2302565	0.2293432	0.1868309	0.2752903	0.2417605	0.2208961
3232987699.6548438	0.2876995	0.3702831	0.0809546	0.1433873	0.1658829	0.2948675	0.2026721	0.2187485	0.1981235	0.2661821	0.2302661	0.2293202	0.1868185	0.2752818	0.2417492	0.2208817
3232987699.6647301	0.2876954	0.3702831	0.0809623	0.1433702	0.1658755	0.2948600	0.2026592	0.2187356	0.1981158	0.2661916	0.2302535	0.2293254	0.1868184	0.2752842	0.2417769	0.2208790
3232987699.6746182	0.2877019	0.3703054	0.0809516	0.1433736	0.1658734	0.2948598	0.2026735	0.2187548	0.1981012	0.2662014	0.2302611	0.2293152	0.1868163	0.2752751	0.2417671	0.2208678
3232987699.6845064	0.2876988	0.3702739	0.0809500	0.1433803	0.1658745	0.2948776	0.2026931	0.2187370	0.1981185	0.2661902	0.2302695	0.2293378	0.1868368	0.2752886	0.2417649	0.2208928
3232987699.6943946	0.2876945	0.3702843	0.0809638	0.1433746	0.1658861	0.2948737	0.2026797	0.2187478	0.1980988	0.2661749	0.2302606	0.2293267	0.1868252	0.2752881	0.2417719	0.2208981
3232987699.7042828	0.2876796	0.3702949	0.0809357	0.1433675	0.1658786	0.2948725	0.2026701	0.2187598	0.1981326	0.2661942	0.2302678	0.2293283	0.1868156	0.2753101	0.2417721	0.2208924
3232987699.7141709	0.2876746	0.3702952	0.0809592	0.1433716	0.1658797	0.2948705	0.2026618	0.2187457	0.1981170	0.2661892	0.2302642	0.2293475	0.1868265	0.2752920	0.2417651	0.2208747
3232987699.7240591	0.2876804	0.3702985	0.0809407	0.1433822	0.1658835	0.2948796	0.2026676	0.2187582	0.1981148	0.2661981	0.2302654	0.2293360	0.1868064	0.2752991	0.2417741	0.2208717
3232987699.7339473	0.2877013	0.3703094	0.0809612	0.1433717	0.1658877	0.2948595	0.2026693	0.2187592	0.1981406	0.2661840	0.2302568	0.2293307	0.1868196	0.2753044	0.2417689	0.2208906
3232987699.7438354	0.2876937	0.3702989	0.0809505	0.1433883	0.1658797	0.2948699	0.2026600	0.2187646	0.1981082	0.2661880	0.2302825	0.2293304	0.1868265	0.2753042	0.2417599	0.2208799
3232987699.7537236	0.2876947	0.3703179	0.0809439	0.1433719	0.1658496	0.2948801	0.2026537	0.2187534	0.1981166	0.2662059	0.2302763	0.2293465	0.1868206	0.2752807	0.2417722	0.2208972
3232987699.7636099	0.2877028	0.3703108	0.0809619	0.1433811	0.1658559	0.2948703	0.2026641	0.2187654	0.1981186	0.2661885	0.2302642	0.2293194	0.1868266	0.2752912	0.2417640	0.2208791
3232987699.7734981	0.2876919	0.3703031	0.0809482	0.1433780	0.1658794	0.2948604	0.2026443	0.2187394	0.1981281	0.2662098	0.2302588	0.2293332	0.1868274	0.2752873	0.2417703	0.2208850
3232987699.7833862	0.2876900	0.3703120	0.0809556	0.1433785	0.1658799	0.2948788	0.2026465	0.2187505	0.1981249	0.2661941	0.2302838	0.2293494	0.1868321	0.2752935	0.2417699	0.2209124
3232987699.7932744	0.2877009	0.3703016	0.0809491	0.1433831	0.1658888	0.2948639	0.2026563	0.2187632	0.1981121	0.2661836	0.2302499	0.2293296	0.1868282	0.2752971	0.2417652	0.2208855
3232987699.8031626	0.2876791	0.3703196	0.0809463	0.1433908	0.1658852	0.2948808	0.2026823	0.2187814	0.1981034	0.2661950	0.2302807	0.2293211	0.1868192	0.2752960	0.2417656	0.2208738
3232987699.8130507	0.2876873	0.3703016	0.0809447	0.1433683	0.1658714	0.2948632	0.2026760	0.2187664	0.1981288	0.2661920	0.2302568	0.2293414	0.1868346	0.2752995	0.2417582	0.2208957
3232987699.8229389	0.2877035	0.3703000	0.0809562	0.1433677	0.1658670	0.2948656	0.2026658	0.2187593	0.1981154	0.2662060	0.2302760	0.2293509	0.1868159	0.2753040	0.2417655	0.2208986
3232987699.8328271	0.2877094	0.3703169	0.0809377	0.1433807	0.1658851	0.2948816	0.2026671	0.2187535	0.1981292	0.2661792	0.2302603	0.2293471	0.1868309	0.2753226	0.2417916	0.2209061
3232987699.8427153	0.2877122	0.3703042	0.0809609	0.1433638	0.1658853	0.2948626	0.2026563	0.2187556	0.1981253	0.2662281	0.2302659	0.2293436	0.1868231	0.2752979	0.2417708	0.2208926
3232987699.8526034	0.2877033	0.3703062	0.0809463	0.1433833	0.1658673	0.2948858	0.2026677	0.2187704	0.1981396	0.2661769	0.2302741	0.2293365	0.1868212	0.2753038	0.2417769	0.2209000
3232987699.8624902	0.2876892	0.3703030	0.0809534	0.1433672	0.1658775	0.2948710	0.2026451	0.2187483	0.1981216	0.2662126	0.2302587	0.2293462	0.1868295	0.2752781	0.2417610	0.2208858
3232987699.8723783	0.2876948	0.3703005	0.0809283	0.1433752	0.1658515	0.2948684	0.2026570	0.2187703	0.1981407	0.2661971	0.2302740	0.2293451	0.1868086	0.2753151	0.2417711	0.2208997
3232987699.8822665	0.2876849	0.3703009	0.0809612	0.1433871	0.1658865	0.2948721	0.2026501	0.2187634	0.1981158	0.2662037	0.2302794	0.2293381	0.1868272	0.2752973	0.2417700	0.2208756
3232987699.8921547	0.2876842	0.3703116	0.0809586	0.1433865	0.1658844	0.2948797	0.2026463	0.2187566	0.1981115	0.2662226	0.2302838	0.2293377	0.1868198	0.2752910	0.2417780	0.2209101
3232987699.9020429	0.2877078	0.3703033	0.0809622	0.1433642	0.1658668	0.2948969	0.2026667	0.2187715	0.1981076	0.2662019	0.2302831	0.2293346	0.1868216	0.2753163	0.2417450	0.2208916
3232987699.9119310	0.2876729	0.3703075	0.0809339	0.1433640	0.1658957	0.2948747	0.2026673	0.2187526	0.1980982	0.2662119	0.2302769	0.2293466	0.1868106	0.2753007	0.2417628	0.2209059
3232987699.9218192	0.2876959	0.3703111	0.0809479	0.1433772	0.1658791	0.2948734	0.2026628	0.2187346	0.1981125	0.2662185	0.2302800	0.2293475	0.1868206	0.2753055	0.2417641	0.2208799
3232987699.9317074	0.2876745	0.3703111	0.0809482	0.1433856	0.1658755	0.2948646	0.2026685	0.2187592	0.1981373	0.2661934	0.2302688	0.2293485	0.1868183	0.2752939	0.2417770	0.2208953
3232987699.9415956	0.2876927	0.3703198	0.0809547	0.1434005	0.1658718	0.2948738	0.2026688	0.2187675	0.1981332	0.2662148	0.2302731	0.2293466	0.1868385	0.2753205	0.2417660	0.2208998
3232987699.9514837	0.2876846	0.3703113	0.0809448	0.1433838	0.1658961	0.2948856	0.2026545	0.2187790	0.1981109	0.2662156	0.2302584	0.2293512	0.1868205	0.2752911	0.2417822	0.2209109
3232987699.9613700	0.2876880	0.3703157	0.0809593	0.1433757	0.1658769	0.2948841	0.2026737	0.2187643	0.1981116	0.2662044	0.2302728	0.2293471	0.1868433	0.2753018	0.2417749	0.2208918
3232987699.9712582	0.2876824	0.3703045	0.0809438	0.1433885	0.1658762	0.2948787	0.2026629	0.2187641	0.1981171	0.2661929	0.2302742	0.2293585	0.1868157	0.2753098	0.2417634	0.2208965
3232987699.9811463	0.2876751	0.3702888	0.0809555	0.1433913	0.1658946	0.2948750	0.2026743	0.2187512	0.1981268	0.2661995	0.2302539	0.2293532	0.1868328	0.2753047	0.2417709	0.2209072
3232987699.9910345	0.2876949	0.3703111	0.0809615	0.1433794	0.1658884	0.2948864	0.2026749	0.2187674	0.1981278	0.2662036	0.2302862	0.2293445	0.1868327	0.2753125	0.2417518	0.2208822
3232987700.0009227	0.2876999	0.3703146	0.0809602	0.1433776	0.1658679	0.2948818	0.2026749	0.2187667	0.1981173	0.2662169	0.2302964	0.2293426	0.1868245	0.2753050	0.2417839	0.2208942
3232987700.0108108	0.2876990	0.3703169	0.0809553	0.1433885	0.1658880	0.2948697	0.2026481	0.2187682	0.1981236	0.2661924	0.2302700	0.2293610	0.1868052	0.2753054	0.2417704	0.2208873
3232987700.0206990	0.2877032	0.3703206	0.0809468	0.1433587	0.1658810	0.2948840	0.2026469	0.2187566	0.1981074	0.2662100	0.2302688	0.2293488	0.1868223	0.2753237	0.2417667	0.2208981
3232987700.0305872	0.2876882	0.3703345	0.0809616	0.1433726	0.1658822	0.2948886	0.2026697	0.2187647	0.1981376	0.2662078	0.2302720	0.2293355	0.1868306	0.2752973	0.2417753	0.2209087
3232987700.0404754	0.2876995	0.3703150	0.0809568	0.1433959	0.1658632	0.2948888	0.2026678	0.2187622	0.1981154	0.2662126	0.2302661	0.2293442	0.1868300	0.2753147	0.2417814	0.2209057
3232987700.0503635	0.2876924	0.3703412	0.0809683	0.1433943	0.1658703	0.2948961	0.2026583	0.2187881	0.1981208	0.2662328	0.2302604	0.2293571	0.1868352	0.2753212	0.2417658	0.2209151
3232987700.0602503	0.2877057	0.3703222	0.0809558	0.1434015	0.1658692	0.2948873	0.2026603	0.2187779	0.1981327	0.2661973	0.2302697	0.2293567	0.1868307	0.2753126	0.2417774	0.2208986
3232987700.0701385	0.2876915	0.3703261	0.0809558	0.1433947	0.1658684	0.2948892	0.2026670	0.2187706	0.1981147	0.2662222	0.2302632	0.2293448	0.1868289	0.2753065	0.2417756	0.2208973
3232987700.0800266	0.2876869	0.3703102	0.0809552	0.1433918	0.1658966	0.2948696	0.2026760	0.2187628	0.1981256	0.2662157	0.2302856	0.2293394	0.1868136	0.2753090	0.2417865	0.2208932
3232987700.0899148	0.2876835	0.3703192	0.0809435	0.1433847	0.1658763	0.2948754	0.2026780	0.2187819	0.1981216	0.2662082	0.2302775	0.2293470	0.1868090	0.2753115	0.2417633	0.2208851
3232987700.0998030	0.2877040	0.3703385	0.0809614	0.1433725	0.1658887	0.2948912	0.2026754	0.2187764	0.1981134	0.2662218	0.2302666	0.2293580	0.1868247	0.2753191	0.2417730	0.2209025
3232987700.1096911	0.2877066	0.3703262	0.0809584	0.1433779	0.1658823	0.2948873	0.2026724	0.2187742	0.1981348	0.2662155	0.2302759	0.2293571	0.1868166	0.2753344	0.2417698	0.2209001
3232987700.1195793	0.2877106	0.3703319	0.0809572	0.1433758	0.1658724	0.2949034	0.2026475	0.2187652	0.1981193	0.2662200	0.2302775	0.2293529	0.1868386	0.2753321	0.2417619	0.2209097
3232987700.1294675	0.2876996	0.3703256	0.0809462	0.1433757	0.1658796	0.2948909	0.2026726	0.2187465	0.1981112	0.2662112	0.2302593	0.2293710	0.1868353	0.2753293	0.2417895	0.2209100
3232987700.1393557	0.2877136	0.3703310	0.0809610	0.1433914	0.1658736	0.2948984	0.2026565	0.2187826	0.1981266	0.2662132	0.2302650	0.2293536	0.1868226	0.2753211	0.2417618	0.2209156
3232987700.1492438	0.2877013	0.3703338	0.0809658	0.1433645	0.1658926	0.2948945	0.2026622	0.2187769	0.1981235	0.2662162	0.2302767	0.2293628	0.1868395	0.2753082	0.2417824	0.2209100
3232987700.1591301	0.2877145	0.3703205	0.0809524	0.1433931	0.1658890	0.2948923	0.2026767	0.2187571	0.1981300	0.2662242	0.2302667	0.2293531	0.1868237	0.2753289	0.2417778	0.2208956
3232987700.1690183	0.2877182	0.3703305	0.0809660	0.1433885	0.1658610	0.2949173	0.2026610	0.2187634	0.1981280	0.2662205	0.2302722	0.2293773	0.1868374	0.2753295	0.2417850	0.2209060
3232987700.1789064	0.2877026	0.3703498	0.0809480	0.1433875	0.1658922	0.2948902	0.2026609	0.2187861	0.1981039	0.2662160	0.2302885	0.2293439	0.1868309	0.2753268	0.2417650	0.2209299
3232987700.1887946	0.2877021	0.3703274	0.0809510	0.1433604	0.1658675	0.2948786	0.2026686	0.2187898	0.1981133	0.2662187	0.2302797	0.2293475	0.1868293	0.2753185	0.2417682	0.2208935
3232987700.1986828	0.2876935	0.3703280	0.0809597	0.1434038	0.1658804	0.2948983	0.2026685	0.2187763	0.1981306	0.2662234	0.2302667	0.2293546	0.1868305	0.2753139	0.2417799	0.2209283
3232987700.2085710	0.2877145	0.3703190	0.0809653	0.1433871	0.1658542	0.2948945	0.2026664	0.2187881	0.1981299	0.2662174	0.2302828	0.2293706	0.1868246	0.2753174	0.2417625	0.2209170
3232987700.2184591	0.2876954	0.3703348	0.0809540	0.1433900	0.1658958	0.2948863	0.2026633	0.2187590	0.1981205	0.2662382	0.2302687	0.2293676	0.1868091	0.2753168	0.2417683	0.2209192
3232987700.2283473	0.2877003	0.3703424	0.0809530	0.1433661	0.1658732	0.2949029	0.2026671	0.2187509	0.1981134	0.2661969	0.2302843	0.2293721	0.1868240	0.2753331	0.2417767	0.2209180
3232987700.2382355	0.2876993	0.3703246	0.0809621	0.1433797	0.1659051	0.2948814	0.2026601	0.2187704	0.1981243	0.2662324	0.2302750	0.2293745	0.1868289	0.2753328	0.2417934	0.2209189
3232987700.2481236	0.2876973	0.3703339	0.0809625	0.1433846	0.1658984	0.2948921	0.2026556	0.2187766	0.1981172	0.2662343	0.2302723	0.2293492	0.1868336	0.2753201	0.2417601	0.2209107
3232987700.2580099	0.2876988	0.3703415	0.0809567	0.1433759	0.1658887	0.2949137	0.2026703	0.2187732	0.1981364	0.2662286	0.2302959	0.2293619	0.1868315	0.2753209	0.2417840	0.2209184
3232987700.2678981	0.2877118	0.3703400	0.0809483	0.1433930	0.1658616	0.2949064	0.2026664	0.2187764	0.1981203	0.2662272	0.2302831	0.2293697	0.1868036	0.2753359	0.2417564	0.2209094
3232987700.2777863	0.2877226	0.3703396	0.0809551	0.1433924	0.1659012	0.2948942	0.2026633	0.2187761	0.1981123	0.2662243	0.2302879	0.2293659	0.1868329	0.2753191	0.2417607	0.2209248
3232987700.2876744	0.2876934	0.3703575	0.0809537	0.1433921	0.1658831	0.2949021	0.2026705	0.2187589	0.1981298	0.2662385	0.2302718	0.2293660	0.1868186	0.2753075	0.2417895	0.2209050
3232987700.2975626	0.2876904	0.3703271	0.0809584	0.1433850	0.1658858	0.2948943	0.2026488	0.2187759	0.1981198	0.2662394	0.2302626	0.2293501	0.1868430	0.2753227	0.2417846	0.2208928
3232987700.3074508	0.2876907	0.3703452	0.0809661	0.1433978	0.1658950	0.2948982	0.2026714	0.2187828	0.1981377	0.2662234	0.2302695	0.2293662	0.1868258	0.2753259	0.2417730	0.2209089
3232987700.3173389	0.2876844	0.3703343	0.0809590	0.1433782	0.1658925	0.2948980	0.2026802	0.2187772	0.1981392	0.2662435	0.2302611	0.2293689	0.1868208	0.2753220	0.2417740	0.2209066
3232987700.3272271	0.2876989	0.3703433	0.0809589	0.1434033	0.1658885	0.2949027	0.2026758	0.2187758	0.1981199	0.2662265	0.2302761	0.2293635	0.1868252	0.2753221	0.2417776	0.2209123
3232987700.3371153	0.2876991	0.3703405	0.0809455	0.1433816	0.1658653	0.2949064	0.2026460	0.2187796	0.1981428	0.2662340	0.2302508	0.2293702	0.1868419	0.2753412	0.2417613	0.2209123
3232987700.3470035	0.2876777	0.3703301	0.0809500	0.1433928	0.1658878	0.2948994	0.2026755	0.2187708	0.1980989	0.2662405	0.2302884	0.2293680	0.1868123	0.2753398	0.2417693	0.2209191
3232987700.3568902	0.2877119	0.3703164	0.0809634	0.1433711	0.1658930	0.2949005	0.2026604	0.2187753	0.1981304	0.2662264	0.2302727	0.2293657	0.1868082	0.2753389	0.2417782	0.2208958
3232987700.3667784	0.2876949	0.3703662	0.0809698	0.1433966	0.1658830	0.2948945	0.2026595	0.2187660	0.1981198	0.2662430	0.2302738	0.2293585	0.1868336	0.2753280	0.2417790	0.2209205
3232987700.3766665	0.2877115	0.3703313	0.0809572	0.1433904	0.1658879	0.2949174	0.2026614	0.2187840	0.1981280	0.2662349	0.2302792	0.2293699	0.1868302	0.2753220	0.2417830	0.2209186
3232987700.3865547	0.2877080	0.3703423	0.0809397	0.1433780	0.1659109	0.2949127	0.2026647	0.2187849	0.1981243	0.2662302	0.2302687	0.2293727	0.1868170	0.2753206	0.2417683	0.2209240
3232987700.3964429	0.2877168	0.3703546	0.0809402	0.1433830	0.1658794	0.2948933	0.2026574	0.2187866	0.1981217	0.2662495	0.2302711	0.2293940	0.1868396	0.2753359	0.2417783	0.2209247
3232987700.4063311	0.2876883	0.3703442	0.0809420	0.1433917	0.1658808	0.2949092	0.2026756	0.2187641	0.1981223	0.2662246	0.2302853	0.2293514	0.1868106	0.2753234	0.2417780	0.2209046
3232987700.4162192	0.2877071	0.3703543	0.0809694	0.1433958	0.1658941	0.2949191	0.2026862	0.2187861	0.1981302	0.2662327	0.2302705	0.2293579	0.1868216	0.2753417	0.2418023	0.2209081
3232987700.4261074	0.2876987	0.3703292	0.0809577	0.1434026	0.1658937	0.2948943	0.2026651	0.2187733	0.1981325	0.2662364	0.2302656	0.2293702	0.1868208	0.2753283	0.2417951	0.2209325
3232987700.4359956	0.2876967	0.3703604	0.0809738	0.1433812	0.1658778	0.2948967	0.2026765	0.2187727	0.1981281	0.2662272	0.2302822	0.2293731	0.1868130	0.2753469	0.2417739	0.2209345
3232987700.4458837	0.2877106	0.3703469	0.0809527	0.1434046	0.1658807	0.2949120	0.2026675	0.2187767	0.1981057	0.2662311	0.2302793	0.2293810	0.1868222	0.2753345	0.2417894	0.2209217
3232987700.4557700	0.2876826	0.3703553	0.0809335	0.1433950	0.1658915	0.2948945	0.2026522	0.2187872	0.1980958	0.2662251	0.2302805	0.2293638	0.1868197	0.2753287	0.2417653	0.2209122
3232987700.4656582	0.2876791	0.3703476	0.0809653	0.1433931	0.1658894	0.2949255	0.2026572	0.2187735	0.1981065	0.2662491	0.2302627	0.2293627	0.1868238	0.2753276	0.2417664	0.2209222
3232987700.4755464	0.2876953	0.3703493	0.0809670	0.1433735	0.1658864	0.2949140	0.2026772	0.2188004	0.1981163	0.2662357	0.2302764	0.2293693	0.1868311	0.2753566	0.2417851	0.2209128
3232987700.4854345	0.2876988	0.3703629	0.0809696	0.1433910	0.1658617	0.2948959	0.2026774	0.2187821	0.1981202	0.2662313	0.2302843	0.2293598	0.1868293	0.2753372	0.2417707	0.2209083
3232987700.4953227	0.2877007	0.3703444	0.0809672	0.1433807	0.1658986	0.2949190	0.2026647	0.2187825	0.1981202	0.2662506	0.2302819	0.2293919	0.1868473	0.2753423	0.2417803	0.2209355
3232987700.5052109	0.2876842	0.3703395	0.0809597	0.1433948	0.1658841	0.2948906	0.2026647	0.2187745	0.1981254	0.2662257	0.2302851	0.2293741	0.1868122	0.2753467	0.2417657	0.2209254
3232987700.5150990	0.2876926	0.3703498	0.0809632	0.1434072	0.1658772	0.2949160	0.2026473	0.2187914	0.1981257	0.2662495	0.2302710	0.2293753	0.1867976	0.2753472	0.2417795	0.2209365
3232987700.5249872	0.2877005	0.3703400	0.0809718	0.1434147	0.1658954	0.2949205	0.2026722	0.2187819	0.1981306	0.2662358	0.2302727	0.2293757	0.1868274	0.2753278	0.2417777	0.2209293
3232987700.5348754	0.2877038	0.3703640	0.0809466	0.1434009	0.1658832	0.2949103	0.2026727	0.2188007	0.1981169	0.2662480	0.2302751	0.2293766	0.1868260	0.2753330	0.2417710	0.2209269
3232987700.5447636	0.2877057	0.3703496	0.0809770	0.1433922	0.1658701	0.2949054	0.2026550	0.2187874	0.1981058	0.2662515	0.2302531	0.2293729	0.1868437	0.2753324	0.2417759	0.2209122
3232987700.5546503	0.2876916	0.3703527	0.0809646	0.1434026	0.1658957	0.2948948	0.2026481	0.2187786	0.1981307	0.2662507	0.2302666	0.2293626	0.1868096	0.2753590	0.2417944	0.2209152
3232987700.5645385	0.2877076	0.3703580	0.0809384	0.1433901	0.1658966	0.2949196	0.2026661	0.2187882	0.1981159	0.2662263	0.2302833	0.2293686	0.1868263	0.2753612	0.2417827	0.2209111
3232987700.5744266	0.2877052	0.3703556	0.0809566	0.1433839	0.1658855	0.2949126	0.2026732	0.2187923	0.1981258	0.2662506	0.2302841	0.2293855	0.1868196	0.2753323	0.2417655	0.2209325
3232987700.5843148	0.2877014	0.3703514	0.0809584	0.1433872	0.1658841	0.2949068	0.2026773	0.2187932	0.1981299	0.2662442	0.2302861	0.2293836	0.1868374	0.2753624	0.2417781	0.2209001
3232987700.5942030	0.2877060	0.3703596	0.0809492	0.1433982	0.1658767	0.2949048	0.2026750	0.2187951	0.1981275	0.2662632	0.2303030	0.2293887	0.1868342	0.2753239	0.2417788	0.2209165
3232987700.6040912	0.2877057	0.3703622	0.0809612	0.1434006	0.1658784	0.2949023	0.2026578	0.2187910	0.1981310	0.2662267	0.2302651	0.2293848	0.1868139	0.2753403	0.2417814	0.2209221
3232987700.6139793	0.2876819	0.3703515	0.0809573	0.1433787	0.1658835	0.2949131	0.2026775	0.2187858	0.1981323	0.2662639	0.2302832	0.2293732	0.1868163	0.2753405	0.2417759	0.2209295
3232987700.6238675	0.2876978	0.3703677	0.0809532	0.1434012	0.1658795	0.2949180	0.2026596	0.2188063	0.1981207	0.2662416	0.2302845	0.2293760	0.1868148	0.2753551	0.2417944	0.2209084
3232987700.6337557	0.2877158	0.3703600	0.0809622	0.1433982	0.1658897	0.2949106	0.2026803	0.2187784	0.1981329	0.2662372	0.2302860	0.2293753	0.1868449	0.2753406	0.2417775	0.2209417
3232987700.6436439	0.2876904	0.3703542	0.0809704	0.1433929	0.1658835	0.2949253	0.2026642	0.2187978	0.1981318	0.2662541	0.2302793	0.2293861	0.1868213	0.2753526	0.2417818	0.2209342
3232987700.6535301	0.2876975	0.3703521	0.0809672	0.1433900	0.1658853	0.2949096	0.2026686	0.2187893	0.1981184	0.2662508	0.2302686	0.2293761	0.1868312	0.2753540	0.2417714	0.2209200
3232987700.6634183	0.2877024	0.3703702	0.0809541	0.1433847	0.1658757	0.2949132	0.2026660	0.2187869	0.1981344	0.2662563	0.2302889	0.2293685	0.1868366	0.2753554	0.2417743	0.2209379
3232987700.6733065	0.2877159	0.3703513	0.0809646	0.1433847	0.1658773	0.2949349	0.2026915	0.2187879	0.1981209	0.2662324	0.2302746	0.2293856	0.1868331	0.2753617	0.2417690	0.2209351
3232987700.6831946	0.2877229	0.3703641	0.0809519	0.1434020	0.1658740	0.2949130	0.2026875	0.2187931	0.1981358	0.2662315	0.2303013	0.2293864	0.1868217	0.2753570	0.2417808	0.2209221
3232987700.6930828	0.2877096	0.3703759	0.0809682	0.1434059	0.1658729	0.2949381	0.2026708	0.2187993	0.1981310	0.2662303	0.2302744	0.2293666	0.1868353	0.2753420	0.2417730	0.2209270
3232987700.7029710	0.2876943	0.3703675	0.0809621	0.1433990	0.1659102	0.2949249	0.2026725	0.2188085	0.1981266	0.2662423	0.2302828	0.2293851	0.1868277	0.2753364	0.2417873	0.2209326
3232987700.7128592	0.2877078	0.3703575	0.0809642	0.1433967	0.1658729	0.2949236	0.2026666	0.2187914	0.1981279	0.2662341	0.2302697	0.2293740	0.1868211	0.2753521	0.2417782	0.2209279
3232987700.7227473	0.2876936	0.3703549	0.0809322	0.1433984	0.1658859	0.2949191	0.2026455	0.2187815	0.1981351	0.2662617	0.2302736	0.2293875	0.1868416	0.2753577	0.2417701	0.2209276
3232987700.7326355	0.2876997	0.3703699	0.0809444	0.1434092	0.1658830	0.2949233	0.2026658	0.2188039	0.1981278	0.2662486	0.2302883	0.2293866	0.1868324	0.2753506	0.2417933	0.2209273
3232987700.7425237	0.2877014	0.3703812	0.0809842	0.1434028	0.1659000	0.2949474	0.2026754	0.2188010	0.1981422	0.2662393	0.2302898	0.2293716	0.1868285	0.2753260	0.2417909	0.2209351
3232987700.7524099	0.2876930	0.3703545	0.0809593	0.1434031	0.1658790	0.2949364	0.2026675	0.2188099	0.1981165	0.2662492	0.2302953	0.2293752	0.1868358	0.2753423	0.2417805	0.2209232
3232987700.7622981	0.2877088	0.3703708	0.0809681	0.1434080	0.1658852	0.2949222	0.2026701	0.2187710	0.1981267	0.2662594	0.2302779	0.2293786	0.1868209	0.2753355	0.2417714	0.2209302
3232987700.7721863	0.2876894	0.3703693	0.0809510	0.1434075	0.1658820	0.2949338	0.2026764	0.2187881	0.1981112	0.2662429	0.2302866	0.2293873	0.1868502	0.2753677	0.2417931	0.2209417
3232987700.7820744	0.2877062	0.3703716	0.0809339	0.1433877	0.1658913	0.2949132	0.2026741	0.2188066	0.1981187	0.2662556	0.2302771	0.2293996	0.1868289	0.2753413	0.2417681	0.2209353
3232987700.7919626	0.2876978	0.3703725	0.0809766	0.1433954	0.1658967	0.2949213	0.2026795	0.2187869	0.1981366	0.2662390	0.2302782	0.2293852	0.1868234	0.2753605	0.2417734	0.2209376
3232987700.8018508	0.2877081	0.3703455	0.0809481	0.1433969	0.1658884	0.2949142	0.2026692	0.2187911	0.1981257	0.2662537	0.2302796	0.2293996	0.1868205	0.2753550	0.2417747	0.2209305
3232987700.8117390	0.2876935	0.3703774	0.0809583	0.1434014	0.1658808	0.2949303	0.2026751	0.2188001	0.1981259	0.2662347	0.2302724	0.2293858	0.1868242	0.2753583	0.2417806	0.2209202
3232987700.8216271	0.2877151	0.3703481	0.0809486	0.1434116	0.1658850	0.2949125	0.2026844	0.2187794	0.1981361	0.2662566	0.2302694	0.2293777	0.1868166	0.2753381	0.2417812	0.2209430
3232987700.8315153	0.2877055	0.3703637	0.0809571	0.1433813	0.1658979	0.2949309	0.2026880	0.2188073	0.1981244	0.2662611	0.2302856	0.2293882	0.1868256	0.2753625	0.2417964	0.2209411
3232987700.8414035	0.2876998	0.3703765	0.0809475	0.1434173	0.1658965	0.2949236	0.2026580	0.2188054	0.1981322	0.2662509	0.2302742	0.2293955	0.1868356	0.2753537	0.2417926	0.2209301
3232987700.8512902	0.2877025	0.3703991	0.0809637	0.1434094	0.1658990	0.2949369	0.2026708	0.2188029	0.1981256	0.2662472	0.2302764	0.2293518	0.1868292	0.2753440	0.2417823	0.2209372
3232987700.8611784	0.2877152	0.3703575	0.0809658	0.1434078	0.1658815	0.2949180	0.2026783	0.2188133	0.1981251	0.2662689	0.2302676	0.2293963	0.1868234	0.2753407	0.2417728	0.2209423
3232987700.8710666	0.2877111	0.3703637	0.0809564	0.1433969	0.1658939	0.2949412	0.2026605	0.2187925	0.1981320	0.2662659	0.2302738	0.2293841	0.1868137	0.2753609	0.2417896	0.2209202
3232987700.8809547	0.2877115	0.3703618	0.0809654	0.1434088	0.1658774	0.2949135	0.2026864	0.2187915	0.1981176	0.2662643	0.2302780	0.2293916	0.1868310	0.2753470	0.2417836	0.2209265
3232987700.8908429	0.2877070	0.3703571	0.0809592	0.1433989	0.1658971	0.2949233	0.2026636	0.2187856	0.1981411	0.2662539	0.2302782	0.2293865	0.1868153	0.2753570	0.2417692	0.2209385
3232987700.9007311	0.2877224	0.3703600	0.0809660	0.1434025	0.1659003	0.2949302	0.2026587	0.2187960	0.1981154	0.2662637	0.2302699	0.2294014	0.1868398	0.2753477	0.2417852	0.2209408
3232987700.9106193	0.2877088	0.3703735	0.0809374	0.1434143	0.1659099	0.2949282	0.2026739	0.2187837	0.1981364	0.2662480	0.2302740	0.2293890	0.1868346	0.2753526	0.2417751	0.2209306
3232987700.9205074	0.2876992	0.3703741	0.0809411	0.1433956	0.1658861	0.2949358	0.2026752	0.2187992	0.1981244	0.2662547	0.2302786	0.2293892	0.1868446	0.2753720	0.2417982	0.2209230
3232987700.9303956	0.2876973	0.3703731	0.0809512	0.1433806	0.1659015	0.2949352	0.2026617	0.2187901	0.1981043	0.2662501	0.2302784	0.2293725	0.1868146	0.2753510	0.2417857	0.2209284
3232987700.9402838	0.2876854	0.3703691	0.0809719	0.1433994	0.1658807	0.2949240	0.2026712	0.2187897	0.1981267	0.2662595	0.2302822	0.2293819	0.1868287	0.2753619	0.2417861	0.2209309
3232987700.9501700	0.2877259	0.3703933	0.0809651	0.1434096	0.1658904	0.2949375	0.2026710	0.2188107	0.1981321	0.2662572	0.2302840	0.2293786	0.1868364	0.2753483	0.2417954	0.2209267
3232987700.9600582	0.2877238	0.3703789	0.0809539	0.1434050	0.1658833	0.2949385	0.2026814	0.2187973	0.1981393	0.2662444	0.2302910	0.2293982	0.1868431	0.2753503	0.2417912	0.2209225
3232987700.9699464	0.2877186	0.3703737	0.0809454	0.1434135	0.1658985	0.2949556	0.2026840	0.2187972	0.1981346	0.2662519	0.2302788	0.2293826	0.1868332	0.2753597	0.2417657	0.2209420
3232987700.9798346	0.2877076	0.3703798	0.0809606	0.1434007	0.1658891	0.2949114	0.2026729	0.2187857	0.1981286	0.2662454	0.2303029	0.2293845	0.1868125	0.2753508	0.2417903	0.2209564
3232987700.9897227	0.2877065	0.3703727	0.0809470	0.1433947	0.1658836	0.2949092	0.2026809	0.2187878	0.1981331	0.2662575	0.2302767	0.2293752	0.1868149	0.2753600	0.2417704	0.2209417
3232987700.9996109	0.2877058	0.3703973	0.0809672	0.1434049	0.1658876	0.2949156	0.2026637	0.2187910	0.1981149	0.2662599	0.2302884	0.2293901	0.1868178	0.2753466	0.2417912	0.2209273
3232987701.0094991	0.2877508	0.3703757	0.0809476	0.1433896	0.1658934	0.2949135	0.2026711	0.2187927	0.1981282	0.2662659	0.2302904	0.2293854	0.1868216	0.2753706	0.2417819	0.2209549
3232987701.0193872	0.2877231	0.3703677	0.0809778	0.1433952	0.1659026	0.2949128	0.2026700	0.2188056	0.1981332	0.2662326	0.2302807	0.2294039	0.1868083	0.2753492	0.2417815	0.2209354
3232987701.0292754	0.2877009	0.3703896	0.0809436	0.1434000	0.1658734	0.2949337	0.2026768	0.2187852	0.1981213	0.2662539	0.2302816	0.2293793	0.1868347	0.2753377	0.2417923	0.2209366
3232987701.0391636	0.2877076	0.3703661	0.0809608	0.1434019	0.1658878	0.2949187	0.2026685	0.2187781	0.1981299	0.2662383	0.2302772	0.2293835	0.1868302	0.2753523	0.2417969	0.2209304
3232987701.0490503	0.2877045	0.3703592	0.0809536	0.1434221	0.1658766	0.2949242	0.2026659	0.2188092	0.1981213	0.2662785	0.2302841	0.2293957	0.1868368	0.2753680	0.2417863	0.2209475
3232987701.0589385	0.2877239	0.3703757	0.0809725	0.1434164	0.1658895	0.2949458	0.2027042	0.2187947	0.1981293	0.2662504	0.2302898	0.2293757	0.1868352	0.2753662	0.2417951	0.2209477
3232987701.0688267	0.2877133	0.3703669	0.0809458	0.1433972	0.1658891	0.2949317	0.2026719	0.2187941	0.1981521	0.2662717	0.2302738	0.2293962	0.1868319	0.2753566	0.2417862	0.2209302
3232987701.0787148	0.2877067	0.3703853	0.0809658	0.1433917	0.1658909	0.2949363	0.2026518	0.2187997	0.1981439	0.2662619	0.2302897	0.2294032	0.1868410	0.2753625	0.2417822	0.2209381
3232987701.0886030	0.2877385	0.3703697	0.0809617	0.1433818	0.1658970	0.2949166	0.2026635	0.2188043	0.1981287	0.2662476	0.2302805	0.2293905	0.1868261	0.2753452	0.2417866	0.2209401
3232987701.0984912	0.2877078	0.3703686	0.0809487	0.1434101	0.1658875	0.2949278	0.2026804	0.2187991	0.1981429	0.2662610	0.2302980	0.2293830	0.1868204	0.2753434	0.2417801	0.2209277
3232987701.1083794	0.2877046	0.3703995	0.0809610	0.1434114	0.1658876	0.2949302	0.2026866	0.2187900	0.1981407	0.2662551	0.2302905	0.2293935	0.1868330	0.2753613	0.2418009	0.2209266
3232987701.1182675	0.2876977	0.3703635	0.0809660	0.1433913	0.1658953	0.2949330	0.2026662	0.2187969	0.1981331	0.2662512	0.2302867	0.2293813	0.1868376	0.2753651	0.2417876	0.2209455
3232987701.1281557	0.2877101	0.3703816	0.0809500	0.1433833	0.1658985	0.2949338	0.2026537	0.2187977	0.1981411	0.2662517	0.2302929	0.2293812	0.1868102	0.2753402	0.2417846	0.2209330
3232987701.1380439	0.2876976	0.3703851	0.0809657	0.1434139	0.1658911	0.2949141	0.2026644	0.2188062	0.1981344	0.2662344	0.2302862	0.2293871	0.1868343	0.2753522	0.2418024	0.2209364
3232987701.1479301	0.2876911	0.3703619	0.0809513	0.1433902	0.1658803	0.2949276	0.2026648	0.2188105	0.1981196	0.2662527	0.2302899	0.2293787	0.1868361	0.2753606	0.2417866	0.2208994
3232987701.1578183	0.2876911	0.3703722	0.0809597	0.1433962	0.1658844	0.2949251	0.2026698	0.2187914	0.1981106	0.2662572	0.2302993	0.2293763	0.1868387	0.2753579	0.2417772	0.2209508
3232987701.1677065	0.2877082	0.3703822	0.0809721	0.1433882	0.1659060	0.2949507	0.2026608	0.2188035	0.1981136	0.2662594	0.2302768	0.2293933	0.1868296	0.2753572	0.2417840	0.2209392
3232987701.1775947	0.2876915	0.3703673	0.0809641	0.1434083	0.1658933	0.2949022	0.2026600	0.2187975	0.1981197	0.2662415	0.2302821	0.2293704	0.1868328	0.2753549	0.2417819	0.2209449
3232987701.1874828	0.2877164	0.3703840	0.0809581	0.1434027	0.1658760	0.2949079	0.2026466	0.2187890	0.1981095	0.2662624	0.2302945	0.2294087	0.1868252	0.2753729	0.2417857	0.2209353
3232987701.1973710	0.2877050	0.3703723	0.0809487	0.1434051	0.1658908	0.2949051	0.2026724	0.2187836	0.1981286	0.2662473	0.2302846	0.2293801	0.1868114	0.2753477	0.2417931	0.2209255
3232987701.2072592	0.2877086	0.3703773	0.0809517	0.1433979	0.1658905	0.2949296	0.2026695	0.2188020	0.1981369	0.2662554	0.2302812	0.2293901	0.1868264	0.2753544	0.2417879	0.2209324
3232987701.2171473	0.2876988	0.3703778	0.0809692	0.1434023	0.1658853	0.2949355	0.2026832	0.2187932	0.1981382	0.2662487	0.2302846	0.2293832	0.1868402	0.2753583	0.2417921	0.2209390
3232987701.2270355	0.2877085	0.3703658	0.0809528	0.1434048	0.1658698	0.2949380	0.2026717	0.2187997	0.1981309	0.2662617	0.2302831	0.2293965	0.1868269	0.2753910	0.2417784	0.2209154
3232987701.2369237	0.2877088	0.3703710	0.0809700	0.1433988	0.1658663	0.2949158	0.2026662	0.2187929	0.1981203	0.2662537	0.2302794	0.2294013	0.1868298	0.2753534	0.2417724	0.2209235
3232987701.2468100	0.2877231	0.3703800	0.0809678	0.1433921	0.1658859	0.2949423	0.2026810	0.2187877	0.1981212	0.2662591	0.2302717	0.2293962	0.1868358	0.2753431	0.2417804	0.2209337
3232987701.2566981	0.2877120	0.3703467	0.0809501	0.1433997	0.1658935	0.2949221	0.2026755	0.2188053	0.1981267	0.2662501	0.2302859	0.2293872	0.1868277	0.2753464	0.2417812	0.2209428
3232987701.2665863	0.2877282	0.3703447	0.0809465	0.1434075	0.1658945	0.2949344	0.2026767	0.2187945	0.1981342	0.2662476	0.2302582	0.2293796	0.1868151	0.2753634	0.2417780	0.2209314
3232987701.2764745	0.2877090	0.3703663	0.0809693	0.1434111	0.1658941	0.2949417	0.2026653	0.2187959	0.1981052	0.2662373	0.2302903	0.2293954	0.1868428	0.2753525	0.2417803	0.2209337
3232987701.2863626	0.2877030	0.3703743	0.0809532	0.1433989	0.1658796	0.2949205	0.2026802	0.2187953	0.1981234	0.2662480	0.2302876	0.2293812	0.1868377	0.2753624	0.2417821	0.2209378
3232987701.2962508	0.2877041	0.3703645	0.0809485	0.1433713	0.1658857	0.2949084	0.2026795	0.2188013	0.1981231	0.2662474	0.2302856	0.2293978	0.1868346	0.2753437	0.2417863	0.2209365
3232987701.3061390	0.2876937	0.3703796	0.0809438	0.1434038	0.1658842	0.2949217	0.2026666	0.2187836	0.1981276	0.2662773	0.2302635	0.2293738	0.1868347	0.2753671	0.2417890	0.2209284
3232987701.3160272	0.2877007	0.3703620	0.0809696	0.1433926	0.1658802	0.2949185	0.2026877	0.2187872	0.1981173	0.2662384	0.2302699	0.2293918	0.1868095	0.2753442	0.2417787	0.2209495
3232987701.3259153	0.2876970	0.3703834	0.0809610	0.1433962	0.1658933	0.2949371	0.2026767	0.2188183	0.1981051	0.2662602	0.2302938	0.2293686	0.1868451	0.2753815	0.2417945	0.2209364
3232987701.3358035	0.2877051	0.3703640	0.0809551	0.1434112	0.1659037	0.2949170	0.2026657	0.2187886	0.1981270	0.2662544	0.2303005	0.2293876	0.1868230	0.2753589	0.2417937	0.2209375
3232987701.3456902	0.2877052	0.3703646	0.0809446	0.1433966	0.1658736	0.2949176	0.2026844	0.2187980	0.1981311	0.2662613	0.2302837	0.2293852	0.1868279	0.2753511	0.2417745	0.2209098
3232987701.3555784	0.2877059	0.3703716	0.0809565	0.1434053	0.1658986	0.2949302	0.2026836	0.2188018	0.1981252	0.2662290	0.2302681	0.2293763	0.1868263	0.2753678	0.2417895	0.2209292
3232987701.3654666	0.2877276	0.3703671	0.0809420	0.1434045	0.1659025	0.2949375	0.2026655	0.2187894	0.1981360	0.2662518	0.2302711	0.2293871	0.1868250	0.2753594	0.2417851	0.2209359
3232987701.3753548	0.2876959	0.3703733	0.0809508	0.1433984	0.1658829	0.2949263	0.2026894	0.2188048	0.1981273	0.2662294	0.2302813	0.2293663	0.1868323	0.2753559	0.2417913	0.2209194
3232987701.3852429	0.2877134	0.3703687	0.0809639	0.1434063	0.1658883	0.2949513	0.2026762	0.2187717	0.1981151	0.2662278	0.2302887	0.2293650	0.1868213	0.2753320	0.2417895	0.2209139
3232987701.3951311	0.2876903	0.3703564	0.0809489	0.1433976	0.1658689	0.2949339	0.2026727	0.2187955	0.1981189	0.2662473	0.2303008	0.2293605	0.1868317	0.2753372	0.2417848	0.2209200
3232987701.4050193	0.2877102	0.3703582	0.0809464	0.1434064	0.1658838	0.2949152	0.2026605	0.2187997	0.1981379	0.2662536	0.2302970	0.2293664	0.1868440	0.2753461	0.2417883	0.2209327
3232987701.4149075	0.2876888	0.3703782	0.0809506	0.1434050	0.1659076	0.2949340	0.2026745	0.2187888	0.1981365	0.2662455	0.2302714	0.2293844	0.1868368	0.2753579	0.2417780	0.2209525
3232987701.4247956	0.2877134	0.3703761	0.0809631	0.1434064	0.1659042	0.2949160	0.2026896	0.2187890	0.1981272	0.2662583	0.2302927	0.2293934	0.1868590	0.2753600	0.2417885	0.2209419
3232987701.4346838	0.2877033	0.3703715	0.0809676	0.1433928	0.1658858	0.2949455	0.2026857	0.2187951	0.1981394	0.2662503	0.2302870	0.2293857	0.1868287	0.2753582	0.2417878	0.2209406
3232987701.4445701	0.2876901	0.3703696	0.0809600	0.1433989	0.1658955	0.2949095	0.2026824	0.2188140	0.1981286	0.2662480	0.2302719	0.2293899	0.1868401	0.2753522	0.2417820	0.2209338
3232987701.4544582	0.2877023	0.3703628	0.0809430	0.1434060	0.1658862	0.2949113	0.2026724	0.2187928	0.1981321	0.2662366	0.2302925	0.2293789	0.1868311	0.2753715	0.2417835	0.2209483
3232987701.4643464	0.2876811	0.3703605	0.0809693	0.1433926	0.1658869	0.2949296	0.2026663	0.2187848	0.1981134	0.2662629	0.2302856	0.2293831	0.1868259	0.2753407	0.2417837	0.2209566
3232987701.4742346	0.2877124	0.3703652	0.0809535	0.1434051	0.1658849	0.2949221	0.2026771	0.2188077	0.1981311	0.2662489	0.2302952	0.2293681	0.1868220	0.2753645	0.2417878	0.2209188
3232987701.4841228	0.2876998	0.3703742	0.0809478	0.1434045	0.1659047	0.2949315	0.2026677	0.2187929	0.1981300	0.2662319	0.2302833	0.2293979	0.1868451	0.2753576	0.2417906	0.2209283
3232987701.4940109	0.2877082	0.3703503	0.0809732	0.1434325	0.1658918	0.2949310	0.2026848	0.2188125	0.1981321	0.2662515	0.2302980	0.2293938	0.1868244	0.2753544	0.2417857	0.2209398
3232987701.5038991	0.2877036	0.3703608	0.0809626	0.1433954	0.1658748	0.2949083	0.2026653	0.2187905	0.1981431	0.2662564	0.2302917	0.2293871	0.1868237	0.2753574	0.2417742	0.2209318
3232987701.5137873	0.2877039	0.3703633	0.0809581	0.1433912	0.1658870	0.2949225	0.2026574	0.2187974	0.1981330	0.2662460	0.2302958	0.2293872	0.1868423	0.2753459	0.2417878	0.2209432
3232987701.5236754	0.2877189	0.3703765	0.0809492	0.1434082	0.1658905	0.2949391	0.2026850	0.2187835	0.1981307	0.2662356	0.2302916	0.2293915	0.1868351	0.2753489	0.2417777	0.2209335
3232987701.5335636	0.2877016	0.3703699	0.0809557	0.1434050	0.1658845	0.2949263	0.2026647	0.2188103	0.1981337	0.2662652	0.2302994	0.2293982	0.1868261	0.2753546	0.2417954	0.2209465
3232987701.5434499	0.2877206	0.3703711	0.0809553	0.1434185	0.1658790	0.2949191	0.2026701	0.2187888	0.1981228	0.2662514	0.2302886	0.2293940	0.1868390	0.2753674	0.2417822	0.2209126
3232987701.5533380	0.2877086	0.3703617	0.0809397	0.1434009	0.1658862	0.2949380	0.2026668	0.2187778	0.1981277	0.2662469	0.2302931	0.2293843	0.1868439	0.2753418	0.2417963	0.2209103
3232987701.5632262	0.2877086	0.3703605	0.0809518	0.1434085	0.1658811	0.2949180	0.2026534	0.2188009	0.1981327	0.2662401	0.2302829	0.2293861	0.1868246	0.2753530	0.2417705	0.2209376
3232987701.5731144	0.2876985	0.3703675	0.0809501	0.1434124	0.1658835	0.2949289	0.2026713	0.2188061	0.1981233	0.2662591	0.2303052	0.2293790	0.1868294	0.2753628	0.2417909	0.2209305
3232987701.5830026	0.2877042	0.3703750	0.0809575	0.1434074	0.1658872	0.2949197	0.2026767	0.2188047	0.1981375	0.2662491	0.2302847	0.2293877	0.1868356	0.2753534	0.2417783	0.2209214
3232987701.5928907	0.2877121	0.3703757	0.0809768	0.1434031	0.1658994	0.2949395	0.2026830	0.2187884	0.1981329	0.2662544	0.2302861	0.2293901	0.1868177	0.2753487	0.2417795	0.2209311
3232987701.6027789	0.2877063	0.3703565	0.0809560	0.1434070	0.1658924	0.2949164	0.2026804	0.2187894	0.1981257	0.2662501	0.2302874	0.2293866	0.1868527	0.2753678	0.2417943	0.2209490
3232987701.6126671	0.2877075	0.3703634	0.0809640	0.1433972	0.1658720	0.2949176	0.2026795	0.2187891	0.1981320	0.2662388	0.2302791	0.2293896	0.1868310	0.2753450	0.2418034	0.2209328
3232987701.6225553	0.2877074	0.3703741	0.0809594	0.1434003	0.1658999	0.2949412	0.2026826	0.2187847	0.1981305	0.2662466	0.2302918	0.2293930	0.1868241	0.2753578	0.2417921	0.2209345
3232987701.6324434	0.2877049	0.3703810	0.0809675	0.1433900	0.1659128	0.2949288	0.2026991	0.2188076	0.1981469	0.2662358	0.2302871	0.2293847	0.1868347	0.2753507	0.2417869	0.2209423
3232987701.6423302	0.2877324	0.3703771	0.0809592	0.1433877	0.1658917	0.2949426	0.2026847	0.2187871	0.1981454	0.2662684	0.2303067	0.2293871	0.1868440	0.2753420	0.2417931	0.2209384
3232987701.6522183	0.2877197	0.3703759	0.0809521	0.1433969	0.1659003	0.2949312	0.2026842	0.2188020	0.1981239	0.2662551	0.2302702	0.2293805	0.1868381	0.2753485	0.2418047	0.2209263
3232987701.6621065	0.2877069	0.3703763	0.0809586	0.1434042	0.1658893	0.2949329	0.2026794	0.2188135	0.1981376	0.2662526	0.2302931	0.2294025	0.1868339	0.2753514	0.2417844	0.2209423
3232987701.6719947	0.2877188	0.3703519	0.0809496	0.1434101	0.1658982	0.2949206	0.2026752	0.2187932	0.1981484	0.2662656	0.2302929	0.2293870	0.1868330	0.2753568	0.2417969	0.2209437
3232987701.6818829	0.2877017	0.3703779	0.0809802	0.1434014	0.1658958	0.2949468	0.2026732	0.2188030	0.1981426	0.2662438	0.2302921	0.2293861	0.1868422	0.2753510	0.2417978	0.2209176
3232987701.6917710	0.2877295	0.3703613	0.0809664	0.1434015	0.1658973	0.2949237	0.2026639	0.2187942	0.1981464	0.2662613	0.2302872	0.2293939	0.1868392	0.2753355	0.2417852	0.2209460
3232987701.7016592	0.2877184	0.3703690	0.0809650	0.1434002	0.1658948	0.2949472	0.2026911	0.2188062	0.1981344	0.2662588	0.2302783	0.2293771	0.1868478	0.2753490	0.2417818	0.2209432
3232987701.7115474	0.2877189	0.3703769	0.0809688	0.1433997	0.1658908	0.2949250	0.2026835	0.2187990	0.1981285	0.2662469	0.2303063	0.2293918	0.1868484	0.2753461	0.2418046	0.2209183
3232987701.7214355	0.2877117	0.3703854	0.0809451	0.1434109	0.1659011	0.2949356	0.2026585	0.2188086	0.1981294	0.2662606	0.2302937	0.2293878	0.1868280	0.2753576	0.2417878	0.2209338
3232987701.7313237	0.2877175	0.3703550	0.0809696	0.1434111	0.1658872	0.2949134	0.2026883	0.2187870	0.1981355	0.2662698	0.2302831	0.2294069	0.1868362	0.2753645	0.2417960	0.2209217
3232987701.7412100	0.2877195	0.3703683	0.0809504	0.1433977	0.1658879	0.2949155	0.2026897	0.2187955	0.1981351	0.2662522	0.2303026	0.2293963	0.1868402	0.2753561	0.2417906	0.2209455
3232987701.7510982	0.2877174	0.3703804	0.0809635	0.1434068	0.1658919	0.2949264	0.2026864	0.2187951	0.1981447	0.2662488	0.2302811	0.2293831	0.1868250	0.2753551	0.2417969	0.2209495
3232987701.7609863	0.2877041	0.3703755	0.0809736	0.1434037	0.1659057	0.2949189	0.2026810	0.2187901	0.1981244	0.2662623	0.2303018	0.2293862	0.1868608	0.2753472	0.2417771	0.2209392
3232987701.7708745	0.2877102	0.3703520	0.0809356	0.1433903	0.1658928	0.2949336	0.2026796	0.2187987	0.1981447	0.2662400	0.2302820	0.2293758	0.1868146	0.2753688	0.2417952	0.2209147
3232987701.7807627	0.2877077	0.3703642	0.0809620	0.1433714	0.1658786	0.2949220	0.2026867	0.2187961	0.1981379	0.2662576	0.2303049	0.2293822	0.1868290	0.2753465	0.2417899	0.2209226
3232987701.7906508	0.2877324	0.3703677	0.0809699	0.1433911	0.1658886	0.2949112	0.2026882	0.2187894	0.1981269	0.2662382	0.2302936	0.2293882	0.1868500	0.2753326	0.2418023	0.2209290
3232987701.8005390	0.2877206	0.3703493	0.0809743	0.1434022	0.1659037	0.2949181	0.2026853	0.2187915	0.1981456	0.2662518	0.2302950	0.2294003	0.1868312	0.2753235	0.2417831	0.2209318
3232987701.8104272	0.2877192	0.3703668	0.0809594	0.1433857	0.1658976	0.2949274	0.2026750	0.2187880	0.1981409	0.2662443	0.2302952	0.2293929	0.1868394	0.2753537	0.2417914	0.2209312
3232987701.8203154	0.2877325	0.3703653	0.0809570	0.1433994	0.1658793	0.2949088	0.2026723	0.2187905	0.1981491	0.2662537	0.2302816	0.2293845	0.1868651	0.2753461	0.2417976	0.2209288
3232987701.8302035	0.2877085	0.3703574	0.0809540	0.1434032	0.1658973	0.2949083	0.2026806	0.2187958	0.1981284	0.2662427	0.2302879	0.2293928	0.1868267	0.2753692	0.2418031	0.2209273
