3232988741.0688901	0.2503674	0.3047397	0.0796177	0.1293272	0.2240291	0.3463605	0.1058412	0.0876397	0.0924319	0.1418958	0.3237004	0.3402788	0.2792194	0.3834699	0.1371311	0.0993576
3232988741.0787783	0.2503465	0.3047462	0.0796142	0.1293265	0.2240065	0.3463529	0.1058272	0.0876363	0.0924172	0.1418860	0.3237083	0.3402671	0.2792125	0.3834611	0.1371174	0.0993664
3232988741.0886664	0.2503419	0.3047309	0.0796215	0.1293068	0.2240135	0.3463766	0.1058407	0.0876375	0.0924006	0.1418916	0.3237067	0.3402839	0.2792216	0.3834794	0.1371309	0.0993654
3232988741.0985546	0.2503653	0.3047293	0.0796129	0.1292999	0.2240042	0.3463628	0.1058553	0.0876220	0.0924232	0.1418631	0.3236985	0.3402841	0.2792280	0.3834696	0.1371368	0.0993567
3232988741.1084428	0.2503475	0.3047217	0.0796226	0.1293206	0.2240229	0.3463397	0.1058294	0.0876327	0.0924133	0.1418987	0.3237324	0.3402894	0.2792083	0.3834664	0.1371202	0.0993564
3232988741.1183310	0.2503477	0.3047566	0.0796147	0.1293227	0.2239930	0.3463542	0.1058459	0.0876500	0.0924242	0.1418992	0.3237269	0.3402508	0.2792114	0.3834833	0.1371380	0.0993604
3232988741.1282191	0.2503540	0.3047277	0.0796126	0.1293217	0.2240146	0.3463523	0.1058398	0.0876489	0.0924331	0.1418975	0.3237039	0.3402754	0.2792182	0.3834580	0.1371300	0.0993589
3232988741.1381073	0.2503487	0.3047290	0.0796196	0.1293151	0.2240011	0.3463598	0.1058281	0.0876333	0.0924207	0.1418826	0.3237101	0.3402581	0.2792144	0.3834632	0.1371476	0.0993393
3232988741.1479955	0.2503736	0.3047365	0.0795959	0.1293104	0.2240069	0.3463683	0.1058546	0.0876322	0.0924266	0.1418890	0.3237086	0.3402860	0.2792361	0.3834487	0.1371077	0.0993730
3232988741.1578836	0.2503618	0.3047321	0.0796262	0.1293188	0.2240265	0.3463475	0.1058415	0.0876366	0.0924287	0.1418999	0.3237249	0.3402561	0.2792163	0.3834867	0.1371390	0.0993573
3232988741.1677699	0.2503488	0.3047311	0.0796151	0.1293352	0.2240140	0.3463689	0.1058501	0.0876359	0.0924276	0.1419028	0.3237124	0.3402782	0.2792019	0.3834633	0.1371433	0.0993858
3232988741.1776581	0.2503534	0.3047466	0.0796334	0.1293254	0.2239989	0.3463639	0.1058397	0.0876377	0.0924293	0.1418788	0.3237102	0.3402705	0.2792205	0.3834598	0.1371387	0.0993614
3232988741.1875463	0.2503324	0.3047386	0.0796066	0.1293235	0.2240196	0.3463546	0.1058490	0.0876373	0.0924123	0.1418965	0.3237205	0.3402683	0.2792307	0.3834633	0.1371370	0.0993626
3232988741.1974344	0.2503527	0.3047485	0.0796172	0.1293290	0.2240163	0.3463530	0.1058233	0.0876267	0.0924163	0.1418845	0.3236869	0.3402683	0.2792068	0.3834746	0.1371288	0.0993523
3232988741.2073226	0.2503640	0.3047320	0.0796306	0.1293421	0.2239992	0.3463556	0.1058262	0.0876371	0.0924297	0.1418961	0.3237119	0.3402782	0.2792316	0.3834399	0.1371428	0.0993586
3232988741.2172108	0.2503605	0.3047381	0.0796137	0.1293158	0.2240208	0.3463439	0.1058509	0.0876318	0.0924140	0.1418782	0.3237046	0.3402862	0.2792336	0.3834876	0.1371263	0.0993623
3232988741.2270989	0.2503592	0.3047249	0.0796105	0.1293215	0.2240198	0.3463346	0.1058501	0.0876430	0.0924193	0.1418922	0.3237080	0.3402576	0.2792108	0.3834639	0.1371371	0.0993436
3232988741.2369871	0.2503422	0.3047217	0.0796273	0.1293012	0.2239985	0.3463246	0.1058335	0.0876251	0.0923953	0.1418812	0.3237033	0.3402746	0.2792024	0.3834728	0.1371363	0.0993732
3232988741.2468753	0.2503430	0.3047191	0.0796297	0.1293035	0.2240066	0.3463433	0.1058375	0.0876230	0.0924267	0.1418668	0.3237079	0.3402602	0.2792208	0.3834728	0.1371349	0.0993656
3232988741.2567635	0.2503581	0.3047429	0.0796058	0.1292962	0.2240084	0.3463495	0.1058410	0.0876277	0.0924400	0.1418811	0.3236960	0.3402779	0.2792109	0.3834772	0.1371273	0.0993554
3232988741.2666502	0.2503608	0.3047225	0.0796072	0.1293238	0.2239935	0.3463500	0.1058532	0.0876322	0.0924163	0.1418916	0.3236984	0.3402657	0.2792331	0.3834595	0.1371304	0.0993712
3232988741.2765384	0.2503556	0.3047312	0.0796189	0.1293294	0.2240113	0.3463526	0.1058622	0.0876438	0.0924222	0.1418906	0.3237074	0.3402830	0.2792197	0.3834581	0.1371432	0.0993576
3232988741.2864265	0.2503528	0.3047218	0.0796097	0.1293226	0.2240218	0.3463459	0.1058419	0.0876230	0.0924387	0.1418977	0.3237023	0.3402840	0.2792215	0.3834657	0.1371258	0.0993843
3232988741.2963147	0.2503336	0.3047196	0.0796102	0.1293132	0.2240192	0.3463467	0.1058257	0.0876260	0.0924205	0.1418873	0.3237095	0.3402818	0.2792120	0.3834819	0.1371115	0.0993457
3232988741.3062029	0.2503548	0.3047232	0.0796105	0.1293235	0.2240122	0.3463431	0.1058246	0.0876243	0.0924078	0.1418988	0.3237047	0.3402600	0.2792108	0.3834598	0.1371351	0.0993757
3232988741.3160911	0.2503755	0.3047378	0.0796216	0.1293177	0.2240138	0.3463640	0.1058465	0.0876478	0.0924173	0.1418713	0.3236992	0.3402767	0.2791941	0.3834621	0.1371397	0.0993724
3232988741.3259792	0.2503716	0.3047166	0.0796220	0.1293277	0.2240224	0.3463705	0.1058573	0.0876339	0.0924074	0.1418853	0.3237099	0.3402834	0.2792106	0.3834689	0.1371411	0.0993555
3232988741.3358674	0.2503557	0.3047416	0.0796084	0.1293046	0.2240079	0.3463365	0.1058551	0.0876314	0.0924338	0.1418922	0.3237085	0.3402770	0.2792158	0.3834687	0.1371216	0.0993496
3232988741.3457556	0.2503366	0.3047326	0.0796174	0.1293162	0.2240168	0.3463396	0.1058499	0.0876271	0.0924210	0.1418834	0.3237074	0.3402908	0.2792291	0.3834690	0.1371280	0.0993497
3232988741.3556437	0.2503577	0.3047283	0.0796348	0.1293167	0.2239987	0.3463525	0.1058447	0.0876361	0.0924221	0.1418888	0.3237107	0.3402778	0.2792198	0.3834628	0.1371357	0.0993659
3232988741.3655300	0.2503638	0.3047336	0.0796273	0.1293120	0.2240150	0.3463619	0.1058399	0.0876437	0.0924343	0.1418762	0.3237118	0.3402664	0.2792355	0.3834693	0.1371139	0.0993709
3232988741.3754182	0.2503554	0.3047347	0.0796165	0.1293228	0.2240202	0.3463635	0.1058471	0.0876321	0.0924135	0.1419069	0.3236908	0.3402768	0.2792281	0.3834661	0.1371248	0.0993639
3232988741.3853064	0.2503575	0.3047330	0.0796211	0.1293343	0.2240058	0.3463351	0.1058375	0.0876434	0.0924266	0.1418752	0.3236936	0.3402790	0.2792287	0.3834831	0.1371269	0.0993747
3232988741.3951945	0.2503538	0.3047282	0.0796387	0.1293127	0.2240143	0.3463556	0.1058356	0.0876377	0.0924346	0.1418742	0.3237163	0.3402727	0.2792191	0.3834904	0.1371309	0.0993568
3232988741.4050827	0.2503500	0.3047485	0.0796135	0.1293185	0.2240183	0.3463569	0.1058244	0.0876179	0.0924388	0.1418839	0.3237090	0.3402832	0.2792143	0.3834665	0.1371189	0.0993729
3232988741.4149709	0.2503564	0.3047372	0.0796064	0.1293172	0.2240193	0.3463424	0.1058368	0.0876291	0.0924184	0.1418828	0.3236848	0.3402826	0.2792277	0.3834865	0.1371525	0.0993603
3232988741.4248590	0.2503731	0.3047509	0.0796225	0.1293129	0.2240191	0.3463472	0.1058253	0.0876300	0.0924014	0.1418614	0.3237130	0.3402874	0.2792271	0.3834697	0.1371330	0.0993597
3232988741.4347472	0.2503539	0.3047204	0.0796549	0.1293136	0.2240252	0.3463626	0.1058615	0.0876270	0.0924186	0.1418764	0.3237250	0.3402818	0.2792056	0.3834846	0.1371422	0.0993633
3232988741.4446354	0.2503530	0.3047331	0.0796031	0.1293224	0.2240144	0.3463461	0.1058543	0.0876437	0.0924398	0.1418845	0.3237173	0.3402654	0.2792439	0.3834830	0.1371249	0.0993657
3232988741.4545236	0.2503455	0.3047381	0.0796288	0.1293264	0.2240109	0.3463600	0.1058307	0.0876164	0.0924258	0.1418891	0.3237131	0.3402624	0.2792191	0.3834684	0.1371338	0.0993433
3232988741.4644103	0.2503582	0.3047347	0.0796178	0.1293230	0.2240422	0.3463382	0.1058452	0.0876319	0.0924302	0.1419018	0.3237056	0.3402619	0.2792221	0.3834650	0.1371397	0.0993639
3232988741.4742985	0.2503520	0.3047158	0.0796072	0.1292992	0.2240171	0.3463546	0.1058435	0.0876234	0.0924335	0.1419066	0.3237317	0.3402723	0.2792295	0.3834645	0.1371488	0.0993522
3232988741.4841866	0.2503396	0.3047323	0.0796416	0.1293260	0.2240281	0.3463527	0.1058407	0.0876370	0.0924109	0.1418848	0.3237097	0.3402626	0.2792120	0.3834703	0.1371378	0.0993506
3232988741.4940748	0.2503670	0.3047377	0.0796290	0.1293130	0.2240128	0.3463539	0.1058698	0.0876427	0.0924193	0.1418836	0.3237100	0.3402788	0.2792207	0.3834735	0.1371347	0.0993655
3232988741.5039630	0.2503399	0.3047290	0.0796215	0.1293098	0.2240076	0.3463518	0.1058420	0.0876172	0.0924133	0.1418799	0.3237100	0.3402720	0.2792088	0.3834720	0.1371222	0.0993580
3232988741.5138512	0.2503608	0.3047336	0.0796203	0.1293134	0.2240318	0.3463523	0.1058167	0.0876195	0.0924220	0.1418859	0.3237195	0.3402859	0.2792265	0.3834760	0.1371482	0.0993719
3232988741.5237393	0.2503431	0.3047281	0.0796103	0.1293241	0.2240277	0.3463634	0.1058380	0.0876359	0.0924089	0.1418791	0.3237280	0.3402663	0.2792036	0.3834809	0.1371284	0.0993718
3232988741.5336275	0.2503808	0.3047303	0.0796070	0.1293392	0.2240252	0.3463566	0.1058356	0.0876172	0.0924229	0.1418720	0.3236983	0.3402714	0.2792177	0.3834641	0.1371488	0.0993645
3232988741.5435157	0.2503667	0.3047505	0.0796289	0.1293203	0.2240307	0.3463577	0.1058426	0.0876415	0.0924277	0.1418817	0.3237148	0.3402754	0.2792241	0.3834736	0.1371258	0.0993807
3232988741.5534039	0.2503562	0.3047398	0.0796268	0.1293090	0.2240241	0.3463720	0.1058388	0.0876446	0.0924181	0.1418897	0.3237112	0.3402827	0.2792277	0.3834762	0.1371377	0.0993729
3232988741.5632901	0.2503603	0.3047456	0.0796227	0.1293075	0.2240272	0.3463777	0.1058308	0.0876363	0.0924321	0.1418954	0.3237157	0.3402804	0.2792018	0.3834699	0.1371266	0.0993536
3232988741.5731783	0.2503473	0.3047389	0.0796339	0.1293305	0.2240070	0.3463579	0.1058375	0.0876362	0.0924253	0.1418969	0.3237015	0.3402930	0.2792104	0.3834746	0.1371566	0.0993649
3232988741.5830665	0.2503799	0.3047522	0.0796061	0.1293217	0.2240166	0.3463526	0.1058334	0.0876333	0.0924415	0.1418888	0.3236984	0.3402916	0.2792442	0.3834684	0.1371353	0.0993702
3232988741.5929546	0.2503680	0.3047230	0.0796306	0.1293056	0.2240286	0.3463613	0.1058486	0.0876327	0.0924117	0.1418812	0.3237209	0.3402841	0.2792154	0.3834710	0.1371364	0.0993398
3232988741.6028428	0.2503572	0.3047388	0.0796297	0.1293108	0.2240063	0.3463558	0.1058262	0.0876336	0.0924212	0.1419063	0.3237218	0.3402629	0.2792130	0.3834746	0.1371427	0.0993504
3232988741.6127310	0.2503557	0.3047212	0.0796209	0.1293020	0.2240018	0.3463759	0.1058350	0.0876238	0.0924190	0.1418792	0.3237165	0.3402765	0.2792090	0.3834708	0.1371327	0.0993489
3232988741.6226192	0.2503435	0.3047346	0.0796276	0.1293284	0.2240097	0.3463529	0.1058343	0.0876338	0.0924271	0.1418816	0.3237110	0.3402836	0.2792303	0.3834842	0.1371313	0.0993570
3232988741.6325073	0.2503539	0.3047375	0.0796213	0.1293361	0.2240134	0.3463552	0.1058366	0.0876579	0.0924166	0.1418952	0.3237050	0.3402756	0.2792203	0.3834784	0.1371415	0.0993730
3232988741.6423955	0.2503468	0.3047460	0.0796372	0.1293237	0.2240197	0.3463522	0.1058528	0.0876346	0.0924232	0.1418899	0.3237173	0.3402885	0.2792155	0.3834800	0.1371314	0.0993738
3232988741.6522837	0.2503589	0.3047264	0.0796044	0.1293139	0.2240051	0.3463416	0.1058500	0.0876290	0.0924395	0.1419014	0.3236950	0.3402755	0.2792284	0.3834639	0.1371393	0.0993686
3232988741.6621699	0.2503494	0.3047493	0.0796222	0.1293240	0.2240194	0.3463555	0.1058192	0.0876369	0.0924027	0.1418798	0.3237094	0.3402702	0.2792228	0.3834759	0.1371402	0.0993620
3232988741.6720581	0.2503447	0.3047143	0.0796208	0.1293293	0.2239992	0.3463534	0.1058364	0.0876412	0.0924224	0.1419044	0.3237249	0.3402944	0.2792168	0.3834745	0.1371375	0.0993623
3232988741.6819463	0.2503536	0.3047319	0.0796057	0.1293099	0.2240060	0.3463557	0.1058358	0.0876365	0.0924208	0.1418841	0.3237023	0.3402773	0.2792319	0.3834930	0.1371116	0.0993760
3232988741.6918344	0.2503759	0.3047445	0.0796346	0.1293073	0.2240202	0.3463757	0.1058345	0.0876510	0.0924182	0.1419013	0.3237036	0.3402945	0.2792192	0.3834936	0.1371345	0.0993439
3232988741.7017226	0.2503463	0.3047473	0.0796226	0.1293308	0.2240063	0.3463409	0.1058253	0.0876405	0.0924309	0.1418964	0.3237079	0.3402783	0.2792336	0.3834768	0.1371535	0.0993751
3232988741.7116108	0.2503425	0.3047293	0.0796092	0.1293325	0.2240163	0.3463517	0.1058534	0.0876375	0.0924213	0.1418875	0.3237141	0.3402704	0.2792295	0.3834798	0.1371424	0.0993548
3232988741.7214990	0.2503582	0.3047464	0.0796102	0.1293329	0.2240071	0.3463530	0.1058435	0.0876404	0.0924256	0.1418945	0.3237328	0.3402729	0.2792427	0.3834974	0.1371507	0.0993734
3232988741.7313871	0.2503678	0.3047343	0.0796227	0.1293300	0.2240124	0.3463610	0.1058345	0.0876440	0.0924327	0.1418872	0.3237037	0.3402761	0.2792140	0.3834861	0.1371490	0.0993674
3232988741.7412753	0.2503427	0.3047451	0.0796378	0.1293117	0.2240076	0.3463636	0.1058433	0.0876314	0.0924148	0.1418920	0.3237078	0.3402967	0.2792063	0.3834671	0.1371405	0.0993804
3232988741.7511635	0.2503607	0.3047456	0.0796107	0.1293285	0.2240322	0.3463733	0.1058323	0.0876334	0.0924190	0.1418948	0.3237156	0.3402839	0.2792244	0.3834857	0.1371581	0.0993657
3232988741.7610502	0.2503719	0.3047547	0.0796197	0.1293109	0.2240309	0.3463660	0.1058329	0.0876332	0.0924198	0.1419004	0.3237195	0.3402896	0.2792224	0.3834665	0.1371449	0.0993728
3232988741.7709384	0.2503486	0.3047389	0.0796260	0.1293116	0.2240104	0.3463723	0.1058352	0.0876304	0.0924309	0.1418933	0.3236973	0.3402755	0.2792204	0.3834585	0.1371389	0.0993685
3232988741.7808266	0.2503563	0.3047449	0.0795966	0.1293336	0.2240189	0.3463542	0.1058270	0.0876454	0.0924192	0.1418917	0.3237076	0.3402710	0.2792155	0.3834853	0.1371347	0.0993803
3232988741.7907147	0.2503533	0.3047468	0.0796144	0.1293378	0.2240188	0.3463615	0.1058351	0.0876401	0.0924235	0.1418942	0.3236941	0.3402733	0.2792323	0.3834909	0.1371421	0.0993668
3232988741.8006029	0.2503516	0.3047564	0.0796264	0.1293325	0.2240099	0.3463517	0.1058336	0.0876578	0.0923941	0.1418965	0.3237024	0.3402998	0.2792310	0.3834838	0.1371249	0.0993647
3232988741.8104911	0.2503533	0.3047339	0.0796159	0.1293156	0.2240095	0.3463544	0.1058478	0.0876216	0.0924174	0.1418931	0.3237268	0.3402797	0.2792215	0.3834838	0.1371215	0.0993616
3232988741.8203793	0.2503590	0.3047466	0.0796120	0.1293272	0.2240049	0.3463578	0.1058492	0.0876458	0.0924151	0.1418968	0.3237045	0.3402973	0.2792178	0.3834846	0.1371330	0.0993609
3232988741.8302674	0.2503383	0.3047565	0.0796088	0.1293215	0.2240110	0.3463650	0.1058383	0.0876307	0.0924365	0.1419200	0.3236981	0.3402883	0.2792152	0.3834912	0.1371199	0.0993693
3232988741.8401556	0.2503401	0.3047575	0.0796115	0.1293312	0.2240130	0.3463732	0.1058408	0.0876366	0.0924377	0.1418934	0.3237205	0.3402947	0.2792161	0.3834969	0.1371452	0.0993651
3232988741.8500438	0.2503539	0.3047526	0.0795953	0.1293001	0.2240143	0.3463537	0.1058434	0.0876254	0.0924296	0.1419048	0.3237013	0.3402809	0.2792320	0.3834839	0.1371579	0.0993633
3232988741.8599300	0.2503546	0.3047482	0.0796417	0.1293230	0.2240157	0.3463542	0.1058546	0.0876324	0.0924094	0.1418969	0.3237003	0.3402864	0.2792208	0.3835075	0.1371322	0.0993738
3232988741.8698182	0.2503509	0.3047536	0.0796394	0.1292979	0.2240154	0.3463684	0.1058580	0.0876570	0.0924174	0.1418833	0.3237078	0.3402990	0.2792274	0.3834822	0.1371416	0.0993665
3232988741.8797064	0.2503471	0.3047535	0.0796302	0.1293236	0.2240164	0.3463997	0.1058465	0.0876314	0.0924269	0.1419082	0.3237136	0.3402777	0.2792197	0.3834989	0.1371310	0.0993689
3232988741.8895946	0.2503725	0.3047549	0.0796048	0.1293111	0.2240064	0.3463612	0.1058293	0.0876373	0.0924244	0.1418933	0.3237097	0.3402923	0.2792126	0.3834896	0.1371137	0.0993781
3232988741.8994827	0.2503585	0.3047435	0.0796266	0.1293174	0.2240161	0.3463555	0.1058355	0.0876445	0.0924170	0.1418917	0.3237206	0.3402845	0.2792183	0.3834968	0.1371370	0.0993646
3232988741.9093709	0.2503524	0.3047512	0.0796222	0.1293225	0.2240136	0.3463710	0.1058451	0.0876440	0.0924086	0.1418961	0.3237158	0.3402949	0.2792168	0.3834778	0.1371335	0.0993572
3232988741.9192591	0.2503599	0.3047346	0.0796051	0.1293166	0.2240124	0.3463602	0.1058591	0.0876570	0.0924062	0.1419153	0.3236982	0.3402919	0.2792266	0.3834928	0.1371230	0.0993664
3232988741.9291472	0.2503818	0.3047240	0.0796101	0.1293159	0.2240169	0.3463522	0.1058214	0.0876326	0.0924145	0.1418982	0.3237016	0.3402833	0.2792250	0.3834959	0.1371316	0.0993573
3232988741.9390354	0.2503538	0.3047557	0.0796232	0.1293297	0.2240083	0.3463836	0.1058238	0.0876394	0.0924066	0.1418927	0.3237042	0.3402809	0.2792234	0.3834588	0.1371495	0.0993761
3232988741.9489236	0.2503541	0.3047535	0.0796061	0.1293253	0.2240076	0.3463544	0.1058503	0.0876342	0.0924039	0.1419042	0.3237008	0.3402991	0.2792134	0.3834822	0.1371391	0.0993633
3232988741.9588103	0.2503749	0.3047481	0.0796102	0.1293386	0.2239973	0.3463678	0.1058422	0.0876374	0.0924178	0.1418943	0.3237148	0.3402831	0.2792159	0.3834815	0.1371195	0.0993640
3232988741.9686985	0.2503687	0.3047393	0.0796355	0.1293164	0.2240030	0.3463727	0.1058377	0.0876418	0.0924260	0.1419077	0.3237128	0.3403144	0.2792174	0.3835052	0.1371411	0.0993614
3232988741.9785867	0.2503359	0.3047341	0.0796035	0.1293316	0.2240158	0.3463627	0.1058372	0.0876212	0.0924222	0.1419069	0.3237207	0.3402892	0.2792051	0.3835014	0.1371487	0.0993552
3232988741.9884748	0.2503527	0.3047520	0.0796155	0.1293296	0.2240178	0.3463668	0.1058380	0.0876192	0.0924170	0.1418950	0.3237087	0.3403011	0.2792155	0.3834943	0.1371132	0.0993723
3232988741.9983630	0.2503388	0.3047600	0.0796077	0.1293307	0.2240211	0.3463695	0.1058354	0.0876248	0.0924293	0.1418998	0.3237040	0.3402805	0.2792080	0.3835043	0.1371593	0.0993459
3232988742.0082512	0.2503604	0.3047400	0.0796322	0.1293127	0.2240157	0.3463520	0.1058436	0.0876399	0.0924013	0.1419026	0.3237141	0.3402722	0.2792223	0.3834883	0.1371252	0.0993733
3232988742.0181394	0.2503582	0.3047499	0.0796277	0.1293389	0.2240155	0.3463821	0.1058482	0.0876357	0.0924007	0.1418896	0.3237045	0.3403032	0.2792256	0.3835002	0.1371334	0.0993710
3232988742.0280275	0.2503671	0.3047399	0.0796249	0.1293199	0.2240237	0.3463812	0.1058298	0.0876328	0.0924112	0.1418967	0.3237153	0.3402850	0.2792271	0.3835066	0.1371427	0.0993634
3232988742.0379157	0.2503470	0.3047412	0.0796089	0.1293294	0.2240066	0.3463768	0.1058418	0.0876359	0.0924202	0.1419001	0.3236967	0.3402860	0.2792276	0.3834954	0.1371233	0.0993658
3232988742.0478039	0.2503620	0.3047492	0.0796309	0.1293272	0.2240116	0.3463694	0.1058437	0.0876277	0.0924230	0.1418863	0.3236981	0.3402848	0.2792043	0.3835074	0.1371210	0.0993723
3232988742.0576901	0.2503455	0.3047500	0.0796178	0.1293433	0.2240295	0.3463807	0.1058311	0.0876241	0.0924268	0.1419037	0.3237042	0.3402715	0.2792208	0.3834846	0.1371345	0.0993439
3232988742.0675783	0.2503652	0.3047672	0.0796033	0.1293494	0.2240312	0.3463545	0.1058313	0.0876338	0.0924253	0.1418899	0.3237265	0.3403068	0.2792080	0.3834864	0.1371113	0.0993793
3232988742.0774665	0.2503495	0.3047414	0.0796280	0.1293304	0.2240045	0.3463785	0.1058584	0.0876247	0.0924106	0.1419037	0.3236945	0.3402969	0.2792189	0.3834768	0.1371494	0.0993523
3232988742.0873547	0.2503470	0.3047564	0.0796209	0.1293110	0.2240163	0.3463732	0.1058281	0.0876262	0.0924371	0.1418708	0.3237136	0.3402834	0.2791990	0.3834999	0.1371210	0.0993526
3232988742.0972428	0.2503483	0.3047581	0.0796118	0.1293268	0.2240127	0.3463616	0.1058291	0.0876360	0.0924098	0.1419067	0.3237061	0.3403279	0.2792016	0.3834859	0.1371362	0.0993672
3232988742.1071310	0.2503437	0.3047624	0.0796144	0.1293241	0.2240190	0.3463893	0.1058404	0.0876600	0.0924226	0.1418872	0.3237093	0.3402807	0.2792103	0.3835051	0.1371448	0.0993858
3232988742.1170192	0.2503778	0.3047556	0.0796236	0.1293344	0.2240094	0.3463817	0.1058434	0.0876288	0.0924237	0.1418969	0.3236964	0.3403074	0.2792237	0.3834928	0.1371477	0.0993546
3232988742.1269073	0.2503640	0.3047539	0.0796265	0.1293316	0.2240068	0.3463880	0.1058367	0.0876564	0.0924153	0.1418932	0.3237067	0.3402887	0.2792075	0.3834899	0.1371231	0.0993665
3232988742.1367955	0.2503458	0.3047597	0.0796160	0.1293376	0.2240041	0.3463542	0.1058281	0.0876353	0.0924174	0.1418953	0.3236947	0.3402950	0.2792210	0.3835036	0.1371340	0.0993661
3232988742.1466837	0.2503418	0.3047503	0.0796123	0.1293098	0.2240098	0.3463846	0.1058308	0.0876572	0.0924179	0.1418689	0.3236936	0.3402907	0.2792284	0.3834754	0.1371387	0.0993448
3232988742.1565700	0.2503459	0.3047362	0.0796161	0.1293171	0.2240211	0.3463724	0.1058497	0.0876314	0.0924212	0.1418848	0.3237050	0.3402850	0.2792208	0.3834976	0.1371283	0.0993692
3232988742.1664581	0.2503535	0.3047540	0.0796235	0.1293164	0.2240273	0.3463732	0.1058318	0.0876507	0.0924175	0.1419003	0.3237025	0.3402750	0.2792142	0.3834937	0.1371349	0.0993765
3232988742.1763463	0.2503727	0.3047385	0.0796305	0.1293360	0.2240279	0.3463826	0.1058442	0.0876100	0.0924166	0.1418954	0.3236819	0.3402894	0.2792097	0.3834853	0.1371541	0.0993546
3232988742.1862345	0.2503598	0.3047625	0.0796198	0.1293358	0.2240169	0.3463701	0.1058472	0.0876583	0.0924236	0.1418901	0.3237117	0.3402932	0.2792169	0.3834850	0.1371344	0.0993767
3232988742.1961226	0.2503433	0.3047557	0.0796215	0.1293171	0.2240088	0.3463638	0.1058360	0.0876409	0.0924299	0.1418829	0.3236999	0.3403013	0.2792068	0.3834897	0.1371431	0.0993450
3232988742.2060108	0.2503553	0.3047366	0.0796190	0.1293221	0.2240078	0.3463905	0.1058447	0.0876408	0.0924055	0.1419002	0.3236969	0.3402936	0.2792111	0.3835117	0.1371350	0.0993836
3232988742.2158990	0.2503614	0.3047558	0.0796203	0.1293197	0.2240232	0.3463891	0.1058457	0.0876425	0.0923955	0.1419082	0.3236846	0.3403035	0.2792228	0.3834650	0.1371329	0.0993800
3232988742.2257872	0.2503643	0.3047326	0.0796346	0.1293111	0.2240315	0.3463832	0.1058463	0.0876430	0.0924093	0.1418912	0.3236903	0.3403075	0.2792091	0.3834975	0.1371281	0.0993762
3232988742.2356753	0.2503441	0.3047645	0.0796226	0.1293373	0.2240110	0.3463850	0.1058512	0.0876285	0.0924200	0.1418941	0.3236906	0.3402913	0.2792195	0.3834792	0.1371292	0.0993717
3232988742.2455635	0.2503581	0.3047391	0.0796214	0.1293268	0.2240090	0.3463690	0.1058432	0.0876441	0.0924259	0.1419033	0.3236978	0.3402855	0.2792042	0.3834989	0.1371411	0.0993721
3232988742.2554502	0.2503560	0.3047505	0.0796075	0.1293125	0.2240056	0.3463967	0.1058388	0.0876064	0.0924023	0.1418972	0.3236882	0.3402823	0.2792244	0.3834731	0.1371275	0.0993786
3232988742.2653384	0.2503485	0.3047575	0.0796078	0.1293099	0.2240018	0.3463719	0.1058423	0.0876350	0.0924105	0.1418973	0.3236906	0.3402871	0.2791939	0.3834887	0.1371281	0.0993784
3232988742.2752266	0.2503572	0.3047563	0.0796246	0.1293248	0.2240138	0.3463794	0.1058429	0.0876282	0.0924210	0.1419067	0.3236896	0.3403038	0.2792059	0.3834908	0.1371244	0.0993717
3232988742.2851148	0.2503455	0.3047391	0.0796176	0.1293351	0.2240121	0.3463624	0.1058498	0.0876558	0.0924019	0.1418864	0.3237060	0.3402945	0.2792164	0.3834870	0.1371341	0.0993605
3232988742.2950029	0.2503497	0.3047556	0.0796137	0.1293368	0.2240306	0.3463593	0.1058480	0.0876343	0.0924178	0.1418877	0.3236892	0.3403089	0.2792120	0.3834708	0.1371218	0.0993808
3232988742.3048911	0.2503401	0.3047589	0.0796135	0.1293334	0.2240200	0.3463762	0.1058265	0.0876334	0.0924199	0.1418991	0.3236706	0.3402867	0.2792007	0.3834787	0.1371313	0.0993712
3232988742.3147793	0.2503601	0.3047508	0.0796094	0.1293290	0.2240121	0.3463789	0.1058282	0.0876326	0.0924211	0.1419061	0.3236956	0.3402990	0.2792042	0.3834827	0.1371415	0.0993739
3232988742.3246675	0.2503673	0.3047510	0.0796013	0.1293354	0.2240319	0.3463810	0.1058558	0.0876575	0.0924168	0.1418893	0.3236823	0.3402957	0.2792000	0.3834916	0.1371173	0.0993692
3232988742.3345556	0.2503494	0.3047530	0.0796224	0.1293463	0.2240263	0.3463748	0.1058337	0.0876439	0.0924110	0.1419101	0.3236835	0.3402862	0.2792003	0.3834807	0.1371236	0.0993802
3232988742.3444438	0.2503523	0.3047345	0.0796322	0.1293184	0.2240242	0.3463745	0.1058327	0.0876418	0.0924270	0.1418995	0.3237031	0.3402793	0.2791994	0.3834847	0.1371207	0.0993741
3232988742.3543301	0.2503540	0.3047541	0.0796150	0.1293335	0.2240225	0.3463845	0.1058342	0.0876257	0.0924148	0.1418781	0.3236845	0.3402949	0.2791926	0.3834734	0.1371232	0.0993739
3232988742.3642182	0.2503342	0.3047440	0.0796170	0.1293108	0.2240156	0.3463742	0.1058429	0.0876318	0.0924161	0.1418966	0.3236812	0.3403081	0.2792211	0.3834871	0.1371155	0.0993594
3232988742.3741064	0.2503818	0.3047636	0.0796074	0.1293395	0.2240020	0.3463929	0.1058318	0.0876495	0.0924018	0.1418941	0.3236748	0.3402940	0.2792153	0.3834865	0.1371233	0.0993687
3232988742.3839946	0.2503601	0.3047578	0.0796120	0.1293141	0.2240105	0.3463750	0.1058427	0.0876572	0.0924174	0.1419090	0.3236890	0.3402956	0.2791989	0.3834901	0.1371288	0.0993663
3232988742.3938827	0.2503637	0.3047393	0.0796082	0.1293330	0.2240071	0.3463660	0.1058597	0.0876371	0.0924130	0.1418954	0.3237070	0.3402803	0.2792101	0.3834672	0.1371233	0.0993698
3232988742.4037709	0.2503540	0.3047589	0.0795947	0.1293273	0.2240144	0.3463637	0.1058397	0.0876330	0.0924229	0.1418899	0.3237020	0.3402962	0.2792157	0.3834716	0.1371397	0.0993555
3232988742.4136591	0.2503419	0.3047481	0.0796173	0.1293326	0.2240151	0.3463738	0.1058403	0.0876372	0.0924138	0.1419008	0.3236878	0.3402884	0.2792105	0.3834877	0.1371301	0.0993785
3232988742.4235473	0.2503697	0.3047547	0.0796183	0.1293109	0.2240231	0.3463678	0.1058324	0.0876431	0.0924163	0.1418780	0.3236860	0.3402794	0.2792282	0.3834816	0.1371239	0.0993702
3232988742.4334354	0.2503581	0.3047402	0.0796246	0.1293320	0.2240313	0.3463699	0.1058449	0.0876378	0.0924276	0.1418957	0.3237031	0.3402919	0.2792445	0.3834810	0.1371056	0.0993682
3232988742.4433236	0.2503669	0.3047563	0.0796193	0.1293363	0.2240312	0.3463750	0.1058480	0.0876375	0.0924193	0.1418975	0.3236888	0.3402769	0.2791910	0.3834899	0.1371152	0.0993658
3232988742.4532099	0.2503334	0.3047355	0.0796297	0.1293306	0.2240169	0.3463648	0.1058388	0.0876595	0.0924060	0.1418833	0.3237006	0.3402645	0.2791956	0.3834814	0.1371180	0.0993733
3232988742.4630980	0.2503449	0.3047558	0.0796274	0.1293161	0.2240120	0.3463741	0.1058220	0.0876456	0.0924095	0.1418865	0.3236860	0.3402772	0.2791977	0.3834967	0.1371181	0.0993834
3232988742.4729862	0.2503588	0.3047331	0.0796176	0.1293367	0.2240187	0.3463886	0.1058482	0.0876192	0.0924227	0.1419077	0.3236912	0.3402840	0.2792177	0.3834699	0.1371362	0.0993721
3232988742.4828744	0.2503647	0.3047386	0.0796299	0.1293226	0.2240120	0.3463606	0.1058428	0.0876439	0.0924132	0.1419097	0.3236801	0.3402672	0.2792098	0.3834936	0.1371374	0.0993509
3232988742.4927626	0.2503535	0.3047357	0.0796248	0.1293262	0.2240457	0.3463473	0.1058618	0.0876433	0.0924243	0.1418796	0.3237069	0.3402919	0.2792152	0.3834812	0.1371469	0.0993722
3232988742.5026507	0.2503583	0.3047457	0.0796171	0.1293134	0.2240178	0.3463629	0.1058493	0.0876357	0.0924309	0.1418953	0.3236892	0.3402817	0.2792077	0.3834909	0.1371458	0.0993528
3232988742.5125389	0.2503638	0.3047448	0.0796172	0.1293264	0.2240182	0.3463701	0.1058459	0.0876421	0.0924082	0.1418906	0.3236900	0.3402857	0.2792253	0.3834735	0.1371169	0.0993711
3232988742.5224271	0.2503622	0.3047477	0.0796044	0.1293241	0.2240114	0.3463555	0.1058293	0.0876403	0.0924148	0.1418900	0.3236865	0.3403020	0.2792108	0.3834949	0.1371209	0.0993604
3232988742.5323153	0.2503674	0.3047316	0.0795938	0.1293296	0.2240136	0.3463674	0.1058228	0.0876318	0.0924141	0.1419142	0.3236772	0.3402833	0.2791946	0.3834830	0.1371327	0.0993587
3232988742.5422034	0.2503545	0.3047294	0.0796321	0.1293200	0.2240335	0.3463670	0.1058448	0.0876370	0.0924345	0.1418787	0.3236788	0.3402744	0.2791957	0.3834593	0.1371403	0.0993608
3232988742.5520902	0.2503669	0.3047402	0.0796202	0.1293241	0.2240039	0.3463723	0.1058432	0.0876429	0.0924137	0.1418967	0.3236855	0.3402761	0.2792042	0.3834654	0.1371208	0.0993585
3232988742.5619783	0.2503599	0.3047542	0.0796344	0.1292971	0.2240257	0.3463886	0.1058345	0.0876451	0.0924219	0.1418991	0.3236925	0.3402781	0.2791920	0.3834740	0.1370962	0.0993705
3232988742.5718665	0.2503733	0.3047467	0.0796198	0.1293152	0.2239825	0.3463541	0.1058237	0.0876239	0.0924094	0.1419091	0.3236894	0.3402807	0.2791942	0.3834765	0.1371337	0.0993686
3232988742.5817547	0.2503514	0.3047479	0.0796166	0.1293259	0.2240169	0.3463467	0.1058541	0.0876188	0.0924273	0.1418951	0.3237014	0.3402736	0.2792018	0.3834557	0.1371176	0.0993443
3232988742.5916429	0.2503652	0.3047615	0.0796148	0.1293337	0.2240225	0.3463802	0.1058295	0.0876357	0.0924167	0.1418844	0.3236974	0.3402863	0.2792050	0.3834690	0.1371283	0.0993699
3232988742.6015310	0.2503560	0.3047479	0.0796190	0.1293105	0.2240087	0.3463655	0.1058452	0.0876163	0.0924230	0.1418977	0.3237035	0.3402744	0.2792005	0.3834583	0.1371444	0.0993492
3232988742.6114192	0.2503730	0.3047537	0.0796250	0.1293242	0.2240174	0.3463607	0.1058489	0.0876415	0.0924332	0.1418904	0.3236868	0.3402621	0.2792098	0.3834610	0.1371222	0.0993575
3232988742.6213074	0.2503528	0.3047469	0.0796267	0.1293282	0.2240086	0.3463526	0.1058458	0.0876310	0.0924304	0.1418711	0.3236928	0.3402736	0.2792000	0.3834629	0.1371404	0.0993573
3232988742.6311955	0.2503505	0.3047526	0.0796368	0.1293373	0.2240058	0.3463518	0.1058273	0.0876445	0.0924125	0.1418730	0.3236852	0.3402743	0.2792006	0.3834669	0.1371259	0.0993629
3232988742.6410837	0.2503579	0.3047315	0.0796347	0.1293174	0.2240301	0.3463647	0.1058323	0.0876364	0.0924039	0.1418688	0.3236772	0.3402749	0.2792041	0.3834513	0.1371311	0.0993500
3232988742.6509700	0.2503615	0.3047482	0.0796249	0.1293295	0.2240242	0.3463615	0.1058456	0.0876342	0.0924136	0.1418846	0.3236890	0.3402721	0.2791972	0.3834686	0.1371363	0.0993720
3232988742.6608582	0.2503530	0.3047352	0.0796349	0.1293320	0.2240272	0.3463609	0.1058223	0.0876358	0.0924114	0.1418951	0.3236935	0.3402661	0.2792112	0.3834739	0.1371255	0.0993746
3232988742.6707463	0.2503604	0.3047291	0.0796228	0.1293016	0.2240257	0.3463530	0.1058326	0.0876234	0.0923920	0.1418952	0.3236883	0.3402691	0.2792052	0.3834640	0.1371288	0.0993820
3232988742.6806345	0.2503544	0.3047378	0.0796070	0.1293190	0.2240193	0.3463613	0.1058339	0.0876418	0.0924202	0.1418674	0.3236959	0.3402596	0.2792099	0.3834573	0.1371094	0.0993799
3232988742.6905227	0.2503439	0.3047583	0.0796099	0.1293350	0.2240179	0.3463480	0.1058349	0.0876396	0.0924209	0.1418903	0.3237022	0.3402689	0.2792185	0.3834487	0.1371431	0.0993565
3232988742.7004108	0.2503699	0.3047412	0.0796172	0.1293183	0.2240124	0.3463559	0.1058465	0.0876337	0.0924143	0.1418856	0.3236893	0.3402712	0.2792187	0.3834664	0.1371105	0.0993577
3232988742.7102990	0.2503751	0.3047250	0.0796416	0.1293159	0.2240438	0.3463506	0.1058344	0.0876425	0.0924139	0.1418781	0.3236962	0.3402694	0.2791938	0.3834805	0.1371355	0.0993566
3232988742.7201872	0.2503683	0.3047319	0.0796028	0.1293163	0.2240083	0.3463492	0.1058491	0.0876181	0.0924066	0.1418911	0.3236820	0.3402611	0.2792065	0.3834587	0.1371157	0.0993628
3232988742.7300754	0.2503588	0.3047300	0.0796142	0.1293121	0.2240221	0.3463743	0.1058267	0.0876152	0.0924211	0.1418848	0.3236907	0.3402599	0.2792017	0.3834701	0.1371249	0.0993465
3232988742.7399635	0.2503586	0.3047351	0.0796081	0.1293129	0.2240225	0.3463440	0.1058447	0.0876335	0.0924148	0.1418906	0.3236782	0.3402711	0.2792322	0.3834449	0.1371253	0.0993644
3232988742.7498503	0.2503506	0.3047421	0.0796207	0.1293193	0.2240237	0.3463314	0.1058373	0.0876353	0.0924293	0.1418854	0.3236718	0.3402796	0.2792001	0.3834610	0.1371228	0.0993742
3232988742.7597384	0.2503673	0.3047416	0.0796154	0.1293179	0.2240193	0.3463440	0.1058372	0.0876242	0.0924191	0.1418842	0.3236966	0.3402519	0.2792064	0.3834613	0.1371340	0.0993458
3232988742.7696266	0.2503706	0.3047234	0.0796273	0.1293151	0.2240096	0.3463627	0.1058459	0.0876478	0.0924175	0.1418522	0.3236873	0.3402764	0.2792165	0.3834619	0.1371213	0.0993489
3232988742.7795148	0.2503573	0.3047309	0.0796200	0.1293195	0.2240232	0.3463697	0.1058236	0.0876314	0.0924229	0.1418958	0.3236941	0.3402778	0.2792151	0.3834632	0.1371303	0.0993690
3232988742.7894030	0.2503549	0.3047369	0.0796097	0.1293019	0.2240006	0.3463444	0.1058495	0.0876395	0.0924175	0.1418734	0.3237030	0.3402562	0.2792134	0.3834606	0.1371388	0.0993632
3232988742.7992911	0.2503459	0.3047186	0.0796169	0.1293159	0.2240534	0.3463661	0.1058349	0.0876255	0.0924151	0.1418768	0.3236921	0.3402494	0.2792217	0.3834479	0.1371458	0.0993652
3232988742.8091793	0.2503664	0.3047179	0.0796359	0.1293117	0.2240074	0.3463376	0.1058562	0.0876373	0.0924230	0.1418901	0.3236973	0.3402628	0.2792089	0.3834734	0.1371420	0.0993631
3232988742.8190675	0.2503680	0.3047133	0.0796147	0.1293261	0.2240320	0.3463628	0.1058491	0.0876392	0.0924126	0.1418871	0.3236990	0.3402663	0.2792093	0.3834680	0.1371377	0.0993689
3232988742.8289556	0.2503489	0.3047304	0.0796299	0.1293065	0.2239991	0.3463537	0.1058321	0.0876256	0.0924227	0.1418876	0.3236954	0.3402777	0.2791959	0.3834639	0.1371463	0.0993405
3232988742.8388438	0.2503354	0.3047376	0.0796116	0.1293163	0.2240318	0.3463675	0.1058179	0.0876287	0.0924074	0.1418858	0.3236909	0.3402655	0.2792217	0.3834498	0.1371245	0.0993582
3232988742.8487301	0.2503664	0.3047329	0.0796243	0.1293183	0.2240257	0.3463429	0.1058581	0.0876299	0.0924096	0.1418785	0.3237000	0.3402576	0.2792108	0.3834397	0.1371301	0.0993567
3232988742.8586183	0.2503770	0.3047293	0.0796034	0.1293082	0.2240183	0.3463490	0.1058412	0.0876171	0.0924269	0.1418883	0.3236872	0.3402630	0.2792156	0.3834377	0.1371339	0.0993692
3232988742.8685064	0.2503610	0.3047229	0.0796272	0.1292995	0.2240307	0.3463433	0.1058363	0.0876368	0.0924083	0.1418827	0.3236779	0.3402663	0.2792031	0.3834617	0.1371210	0.0993551
3232988742.8783946	0.2503603	0.3047268	0.0796086	0.1293096	0.2240100	0.3463611	0.1058528	0.0876115	0.0924175	0.1418834	0.3236989	0.3402651	0.2792243	0.3834391	0.1371333	0.0993614
3232988742.8882828	0.2503443	0.3047284	0.0796298	0.1293156	0.2240174	0.3463631	0.1058376	0.0876448	0.0924277	0.1418991	0.3236894	0.3402553	0.2792188	0.3834500	0.1371286	0.0993676
3232988742.8981709	0.2503543	0.3047275	0.0796179	0.1292952	0.2239945	0.3463203	0.1058470	0.0876269	0.0924228	0.1418747	0.3236957	0.3402607	0.2792018	0.3834607	0.1371392	0.0993666
3232988742.9080591	0.2503569	0.3047252	0.0796140	0.1293159	0.2240299	0.3463500	0.1058302	0.0876398	0.0924158	0.1418848	0.3236823	0.3402662	0.2792128	0.3834642	0.1371464	0.0993505
3232988742.9179473	0.2503760	0.3047203	0.0796270	0.1293186	0.2240200	0.3463274	0.1058404	0.0876329	0.0924298	0.1418803	0.3236832	0.3402586	0.2792226	0.3834509	0.1371310	0.0993665
3232988742.9278355	0.2503472	0.3047263	0.0796108	0.1293078	0.2240335	0.3463741	0.1058394	0.0876224	0.0924046	0.1418832	0.3237082	0.3402466	0.2792159	0.3834706	0.1371313	0.0993627
3232988742.9377236	0.2503349	0.3047132	0.0796177	0.1293235	0.2240177	0.3463430	0.1058198	0.0876096	0.0924168	0.1418865	0.3236970	0.3402655	0.2792157	0.3834666	0.1371365	0.0993780
3232988742.9476099	0.2503761	0.3047374	0.0796273	0.1293102	0.2240190	0.3463322	0.1058559	0.0876220	0.0924227	0.1418820	0.3236867	0.3402520	0.2792023	0.3834467	0.1371265	0.0993437
3232988742.9574981	0.2503420	0.3047230	0.0796153	0.1293163	0.2240322	0.3463495	0.1058417	0.0876224	0.0924251	0.1418677	0.3236619	0.3402388	0.2792044	0.3834469	0.1371241	0.0993579
3232988742.9673862	0.2503656	0.3047279	0.0796167	0.1293114	0.2240167	0.3463492	0.1058538	0.0876292	0.0924187	0.1418823	0.3237005	0.3402807	0.2792098	0.3834317	0.1371372	0.0993480
3232988742.9772744	0.2503586	0.3047262	0.0796033	0.1293181	0.2240254	0.3463383	0.1058622	0.0876262	0.0924154	0.1418753	0.3236879	0.3402501	0.2792150	0.3834352	0.1371228	0.0993464
3232988742.9871626	0.2503614	0.3047171	0.0796101	0.1293130	0.2240175	0.3463474	0.1058354	0.0876313	0.0923995	0.1418728	0.3236794	0.3402610	0.2791968	0.3834517	0.1371419	0.0993288
3232988742.9970508	0.2503626	0.3047216	0.0796135	0.1293248	0.2240036	0.3463612	0.1058395	0.0876044	0.0924360	0.1418708	0.3236892	0.3402613	0.2791768	0.3834515	0.1371343	0.0993576
3232988743.0069389	0.2503586	0.3047478	0.0796304	0.1293180	0.2240153	0.3463438	0.1058376	0.0876441	0.0924177	0.1418675	0.3237033	0.3402415	0.2792039	0.3834575	0.1371279	0.0993534
3232988743.0168271	0.2503692	0.3047234	0.0796225	0.1293195	0.2239908	0.3463385	0.1058443	0.0876288	0.0924209	0.1418876	0.3236921	0.3402731	0.2792081	0.3834333	0.1371203	0.0993694
3232988743.0267153	0.2503643	0.3047140	0.0796224	0.1293245	0.2240173	0.3463518	0.1058477	0.0876382	0.0924304	0.1418722	0.3236952	0.3402738	0.2792046	0.3834298	0.1371319	0.0993483
3232988743.0366034	0.2503713	0.3047298	0.0796238	0.1293174	0.2240210	0.3463470	0.1058335	0.0876424	0.0924210	0.1418822	0.3236924	0.3402335	0.2792121	0.3834443	0.1371403	0.0993636
3232988743.0464902	0.2503422	0.3047305	0.0796224	0.1293170	0.2240026	0.3463243	0.1058247	0.0876333	0.0924212	0.1418739	0.3236887	0.3402714	0.2792021	0.3834491	0.1371363	0.0993500
3232988743.0563784	0.2503524	0.3047157	0.0796170	0.1293178	0.2240001	0.3463395	0.1058448	0.0876265	0.0924148	0.1418694	0.3237000	0.3402416	0.2792113	0.3834389	0.1371234	0.0993577
3232988743.0662665	0.2503605	0.3047121	0.0796030	0.1293095	0.2240206	0.3463361	0.1058524	0.0876389	0.0924132	0.1418687	0.3236860	0.3402467	0.2792093	0.3834364	0.1371413	0.0993733
3232988743.0761547	0.2503487	0.3047304	0.0796182	0.1293244	0.2240241	0.3463429	0.1058492	0.0876210	0.0924146	0.1418741	0.3236890	0.3402490	0.2792051	0.3834613	0.1371341	0.0993682
3232988743.0860429	0.2503467	0.3047220	0.0796344	0.1293121	0.2240193	0.3463450	0.1058425	0.0876327	0.0924013	0.1418834	0.3237041	0.3402647	0.2792261	0.3834268	0.1371083	0.0993585
3232988743.0959311	0.2503544	0.3047159	0.0796168	0.1293068	0.2240418	0.3463333	0.1058437	0.0876359	0.0923991	0.1418707	0.3237135	0.3402415	0.2792043	0.3834443	0.1371294	0.0993570
3232988743.1058192	0.2503465	0.3047181	0.0796195	0.1293124	0.2240080	0.3463339	0.1058471	0.0876330	0.0924162	0.1418799	0.3236868	0.3402484	0.2791938	0.3834438	0.1371327	0.0993491
3232988743.1157074	0.2503581	0.3047293	0.0796271	0.1293199	0.2240239	0.3463464	0.1058451	0.0876313	0.0924078	0.1418869	0.3236881	0.3402493	0.2791848	0.3834385	0.1371300	0.0993636
3232988743.1255956	0.2503425	0.3047243	0.0796177	0.1293191	0.2240126	0.3463636	0.1058516	0.0876283	0.0924388	0.1418931	0.3236975	0.3402612	0.2792087	0.3834294	0.1371318	0.0993676
3232988743.1354837	0.2503782	0.3047206	0.0796144	0.1293139	0.2240244	0.3463525	0.1058335	0.0876184	0.0924119	0.1418793	0.3236887	0.3402633	0.2791923	0.3834500	0.1371431	0.0993577
3232988743.1453700	0.2503585	0.3047110	0.0796229	0.1293074	0.2240259	0.3463329	0.1058354	0.0876256	0.0923924	0.1418640	0.3236861	0.3402593	0.2791897	0.3834398	0.1371218	0.0993586
3232988743.1552582	0.2503377	0.3047105	0.0796063	0.1293262	0.2240359	0.3463423	0.1058272	0.0876350	0.0924217	0.1418682	0.3237025	0.3402404	0.2791748	0.3834439	0.1371292	0.0993603
3232988743.1651463	0.2503720	0.3047172	0.0796118	0.1293050	0.2240303	0.3463361	0.1058571	0.0876267	0.0924190	0.1418650	0.3236995	0.3402550	0.2792057	0.3834648	0.1371332	0.0993640
3232988743.1750345	0.2503422	0.3047053	0.0796274	0.1293179	0.2240288	0.3463477	0.1058296	0.0876332	0.0924048	0.1418839	0.3236855	0.3402546	0.2791923	0.3834380	0.1371247	0.0993639
3232988743.1849227	0.2503812	0.3047113	0.0796265	0.1293239	0.2240332	0.3463234	0.1058475	0.0876340	0.0923991	0.1418879	0.3236891	0.3402503	0.2791969	0.3834432	0.1371361	0.0993443
3232988743.1948109	0.2503383	0.3047210	0.0796253	0.1293308	0.2240275	0.3463277	0.1058233	0.0876216	0.0924107	0.1418732	0.3236873	0.3402443	0.2792071	0.3834484	0.1371440	0.0993609
3232988743.2046990	0.2503769	0.3046971	0.0796339	0.1293062	0.2240345	0.3463283	0.1058214	0.0876113	0.0924078	0.1418690	0.3237062	0.3402462	0.2792111	0.3834374	0.1371153	0.0993584
3232988743.2145872	0.2503513	0.3047198	0.0796286	0.1293070	0.2240175	0.3463532	0.1058293	0.0876036	0.0923964	0.1418493	0.3236959	0.3402428	0.2792101	0.3834434	0.1371182	0.0993456
3232988743.2244754	0.2503763	0.3047103	0.0796235	0.1293228	0.2240307	0.3463442	0.1058448	0.0876312	0.0924213	0.1418867	0.3236922	0.3402418	0.2791988	0.3834297	0.1371354	0.0993522
3232988743.2343636	0.2503427	0.3047245	0.0796266	0.1293165	0.2240337	0.3463447	0.1058464	0.0876320	0.0924113	0.1418768	0.3237035	0.3402610	0.2792014	0.3834425	0.1371407	0.0993486
3232988743.2442503	0.2503336	0.3047251	0.0796208	0.1293268	0.2240168	0.3463350	0.1058599	0.0876266	0.0924119	0.1418810	0.3236770	0.3402481	0.2791967	0.3834597	0.1371413	0.0993538
3232988743.2541385	0.2503566	0.3047169	0.0796162	0.1293249	0.2240134	0.3463404	0.1058269	0.0876123	0.0923995	0.1418758	0.3236887	0.3402379	0.2791995	0.3834372	0.1371262	0.0993576
3232988743.2640266	0.2503571	0.3047268	0.0796155	0.1293231	0.2240120	0.3463309	0.1058366	0.0876286	0.0924265	0.1418681	0.3236951	0.3402631	0.2792048	0.3834364	0.1371333	0.0993510
3232988743.2739148	0.2503578	0.3047260	0.0796156	0.1293186	0.2240298	0.3463349	0.1058344	0.0876215	0.0924221	0.1418731	0.3236957	0.3402532	0.2792191	0.3834594	0.1371229	0.0993688
3232988743.2838030	0.2503779	0.3047186	0.0796417	0.1293089	0.2240291	0.3463433	0.1058315	0.0876321	0.0924063	0.1418869	0.3236907	0.3402426	0.2792072	0.3834394	0.1371298	0.0993439
3232988743.2936912	0.2503649	0.3047056	0.0796329	0.1293235	0.2240298	0.3463228	0.1058402	0.0876473	0.0923961	0.1418755	0.3236952	0.3402354	0.2792078	0.3834603	0.1371128	0.0993437
3232988743.3035793	0.2503527	0.3047215	0.0796152	0.1293205	0.2240050	0.3463314	0.1058357	0.0876374	0.0924011	0.1418674	0.3236958	0.3402562	0.2791908	0.3834443	0.1371451	0.0993471
3232988743.3134675	0.2503361	0.3047280	0.0796087	0.1292997	0.2240228	0.3463542	0.1058244	0.0876183	0.0924217	0.1418931	0.3237004	0.3402495	0.2792075	0.3834205	0.1371260	0.0993562
3232988743.3233557	0.2503408	0.3047226	0.0796474	0.1293025	0.2240252	0.3463446	0.1058432	0.0876068	0.0924157	0.1418717	0.3236875	0.3402435	0.2792012	0.3834521	0.1371393	0.0993479
3232988743.3332438	0.2503551	0.3047364	0.0796065	0.1293125	0.2240207	0.3463317	0.1058411	0.0876419	0.0924072	0.1418660	0.3236977	0.3402406	0.2792196	0.3834275	0.1371393	0.0993523
3232988743.3431301	0.2503703	0.3047243	0.0796183	0.1293016	0.2240172	0.3463501	0.1058513	0.0876178	0.0924067	0.1418773	0.3236764	0.3402511	0.2792057	0.3834342	0.1371409	0.0993532
3232988743.3530183	0.2503502	0.3047343	0.0796384	0.1293076	0.2240224	0.3463301	0.1058446	0.0876235	0.0924301	0.1418765	0.3236891	0.3402664	0.2792064	0.3834534	0.1371239	0.0993626
3232988743.3629065	0.2503532	0.3047206	0.0796265	0.1293175	0.2240163	0.3463506	0.1058330	0.0876233	0.0924072	0.1418783	0.3236831	0.3402411	0.2791956	0.3834447	0.1371293	0.0993426
3232988743.3727946	0.2503413	0.3047255	0.0796169	0.1293049	0.2240209	0.3463252	0.1058448	0.0876193	0.0924126	0.1418789	0.3237015	0.3402467	0.2792130	0.3834546	0.1371402	0.0993501
3232988743.3826828	0.2503652	0.3047126	0.0796096	0.1293017	0.2240062	0.3463440	0.1058354	0.0876242	0.0924218	0.1418785	0.3236887	0.3402523	0.2792035	0.3834253	0.1371373	0.0993502
3232988743.3925710	0.2503435	0.3047182	0.0796335	0.1293174	0.2240392	0.3463546	0.1058367	0.0876424	0.0924258	0.1418769	0.3236977	0.3402366	0.2792244	0.3834445	0.1371389	0.0993542
3232988743.4024591	0.2503654	0.3047203	0.0796185	0.1293086	0.2240174	0.3463264	0.1058337	0.0876252	0.0924173	0.1418823	0.3237078	0.3402564	0.2792211	0.3834319	0.1371445	0.0993645
3232988743.4123473	0.2503616	0.3047160	0.0796171	0.1293021	0.2240225	0.3463335	0.1058517	0.0876358	0.0924265	0.1418608	0.3236989	0.3402586	0.2791906	0.3834353	0.1371192	0.0993603
3232988743.4222355	0.2503715	0.3047075	0.0796107	0.1293309	0.2240117	0.3463270	0.1058331	0.0876253	0.0924269	0.1418705	0.3237050	0.3402333	0.2791841	0.3834379	0.1371345	0.0993481
3232988743.4321237	0.2503569	0.3047228	0.0796230	0.1293192	0.2240208	0.3463277	0.1058378	0.0876389	0.0924111	0.1418885	0.3236838	0.3402407	0.2792048	0.3834459	0.1371359	0.0993625
3232988743.4420099	0.2503605	0.3047113	0.0796174	0.1293184	0.2240145	0.3463316	0.1058350	0.0876276	0.0924221	0.1418620	0.3236987	0.3402435	0.2792183	0.3834452	0.1371322	0.0993598
3232988743.4518981	0.2503569	0.3047070	0.0796113	0.1293033	0.2240122	0.3463398	0.1058270	0.0876493	0.0924172	0.1418888	0.3236824	0.3402248	0.2791840	0.3834410	0.1371476	0.0993630
3232988743.4617863	0.2503472	0.3047108	0.0796099	0.1293120	0.2240070	0.3463189	0.1058473	0.0876249	0.0924227	0.1418711	0.3236807	0.3402462	0.2791826	0.3834432	0.1371215	0.0993532
3232988743.4716744	0.2503576	0.3047257	0.0796354	0.1293182	0.2240142	0.3463246	0.1058245	0.0876103	0.0924163	0.1418633	0.3236898	0.3402417	0.2792009	0.3834470	0.1371183	0.0993464
3232988743.4815626	0.2503489	0.3047205	0.0796005	0.1293026	0.2240154	0.3463187	0.1058437	0.0876089	0.0924147	0.1418568	0.3236822	0.3402479	0.2792054	0.3834325	0.1371372	0.0993543
3232988743.4914508	0.2503571	0.3047130	0.0796257	0.1293083	0.2240239	0.3463376	0.1058458	0.0876345	0.0924123	0.1418867	0.3237115	0.3402497	0.2792239	0.3834470	0.1371222	0.0993532
3232988743.5013390	0.2503524	0.3047077	0.0796230	0.1293028	0.2240378	0.3463288	0.1058374	0.0876272	0.0924133	0.1418993	0.3237013	0.3402394	0.2791973	0.3834278	0.1371323	0.0993689
3232988743.5112271	0.2503591	0.3047086	0.0796238	0.1293041	0.2240121	0.3463241	0.1058493	0.0876266	0.0924204	0.1418794	0.3236832	0.3402449	0.2792054	0.3834300	0.1371215	0.0993638
3232988743.5211153	0.2503579	0.3047318	0.0796112	0.1293182	0.2239909	0.3463308	0.1058386	0.0876293	0.0924064	0.1418783	0.3237120	0.3402337	0.2791947	0.3834145	0.1371302	0.0993687
3232988743.5310035	0.2503605	0.3047099	0.0796026	0.1293067	0.2240216	0.3463367	0.1058290	0.0876268	0.0924159	0.1418829	0.3237002	0.3402309	0.2791981	0.3834523	0.1371215	0.0993605
3232988743.5408902	0.2503549	0.3047268	0.0796133	0.1293100	0.2240102	0.3463262	0.1058311	0.0876194	0.0924196	0.1418847	0.3236931	0.3402433	0.2792076	0.3834402	0.1371138	0.0993720
3232988743.5507784	0.2503609	0.3047097	0.0796319	0.1293132	0.2240104	0.3463323	0.1058479	0.0876366	0.0923837	0.1418748	0.3236943	0.3402522	0.2792067	0.3834371	0.1371500	0.0993626
3232988743.5606666	0.2503466	0.3047218	0.0796137	0.1293116	0.2240319	0.3463161	0.1058600	0.0876465	0.0924261	0.1418732	0.3236975	0.3402289	0.2791983	0.3834366	0.1371432	0.0993617
3232988743.5705547	0.2503714	0.3046847	0.0796082	0.1293077	0.2240219	0.3463253	0.1058251	0.0876342	0.0924237	0.1418598	0.3237041	0.3402462	0.2791873	0.3834237	0.1371337	0.0993559
3232988743.5804429	0.2503475	0.3047240	0.0796119	0.1292874	0.2240090	0.3463074	0.1058313	0.0876169	0.0924052	0.1418599	0.3237000	0.3402435	0.2792008	0.3834232	0.1371316	0.0993472
3232988743.5903311	0.2503541	0.3047030	0.0796065	0.1293039	0.2240069	0.3463257	0.1058289	0.0876174	0.0924311	0.1418724	0.3236801	0.3402516	0.2792148	0.3834386	0.1371373	0.0993430
3232988743.6002192	0.2503525	0.3046981	0.0796156	0.1293338	0.2240116	0.3463244	0.1058495	0.0876423	0.0924101	0.1418589	0.3237136	0.3402444	0.2792043	0.3834434	0.1371455	0.0993490
3232988743.6101074	0.2503934	0.3046970	0.0796344	0.1293149	0.2240131	0.3463365	0.1058722	0.0876375	0.0924173	0.1418938	0.3236920	0.3402357	0.2792271	0.3834296	0.1371167	0.0993466
3232988743.6199956	0.2503669	0.3047200	0.0796151	0.1293058	0.2240221	0.3463230	0.1058479	0.0876310	0.0924377	0.1418730	0.3236962	0.3402383	0.2792103	0.3834233	0.1371279	0.0993440
3232988743.6298838	0.2503486	0.3046976	0.0796200	0.1293117	0.2240246	0.3463191	0.1058410	0.0876047	0.0924208	0.1418897	0.3237063	0.3402563	0.2792323	0.3834096	0.1371405	0.0993586
3232988743.6397700	0.2503499	0.3047022	0.0796244	0.1293110	0.2240178	0.3463258	0.1058221	0.0876231	0.0924088	0.1418607	0.3237039	0.3402445	0.2792193	0.3834175	0.1371389	0.0993556
3232988743.6496582	0.2503516	0.3047030	0.0796341	0.1293001	0.2240100	0.3463310	0.1058436	0.0876500	0.0924225	0.1418845	0.3237010	0.3402371	0.2792242	0.3834340	0.1371280	0.0993464
3232988743.6595464	0.2503694	0.3047100	0.0796163	0.1293273	0.2240235	0.3463143	0.1058658	0.0876338	0.0924203	0.1418797	0.3237061	0.3402426	0.2792212	0.3834354	0.1371422	0.0993523
3232988743.6694345	0.2503455	0.3047141	0.0796110	0.1293020	0.2240062	0.3463241	0.1058416	0.0876204	0.0924080	0.1418598	0.3237273	0.3402450	0.2792126	0.3834339	0.1371402	0.0993580
3232988743.6793227	0.2503559	0.3047119	0.0796042	0.1292914	0.2240088	0.3463243	0.1058255	0.0876337	0.0924115	0.1418637	0.3236967	0.3402277	0.2792404	0.3834365	0.1371313	0.0993678
3232988743.6892109	0.2503453	0.3047051	0.0796060	0.1293111	0.2240154	0.3463247	0.1058331	0.0876185	0.0924343	0.1418457	0.3237058	0.3402193	0.2792208	0.3834560	0.1371349	0.0993563
3232988743.6990991	0.2503566	0.3047300	0.0796188	0.1293032	0.2240192	0.3463156	0.1058409	0.0876210	0.0924363	0.1418801	0.3237076	0.3402570	0.2792187	0.3834118	0.1371442	0.0993435
3232988743.7089872	0.2503692	0.3046989	0.0796181	0.1293123	0.2240186	0.3463233	0.1058467	0.0876440	0.0924311	0.1418771	0.3237189	0.3402429	0.2792224	0.3834285	0.1371420	0.0993641
3232988743.7188754	0.2503694	0.3047135	0.0795988	0.1292883	0.2240214	0.3463149	0.1058452	0.0876469	0.0924130	0.1418615	0.3236958	0.3402421	0.2792322	0.3834396	0.1371563	0.0993451
3232988743.7287636	0.2503613	0.3046892	0.0796183	0.1293302	0.2240083	0.3463118	0.1058545	0.0876267	0.0924215	0.1418776	0.3237036	0.3402339	0.2792394	0.3834050	0.1371541	0.0993444
3232988743.7386503	0.2503490	0.3047213	0.0796239	0.1292983	0.2240261	0.3463080	0.1058430	0.0876323	0.0924306	0.1418687	0.3237015	0.3402133	0.2792186	0.3834233	0.1371673	0.0993593
3232988743.7485385	0.2503565	0.3046970	0.0796216	0.1293085	0.2240057	0.3463326	0.1058293	0.0876223	0.0924359	0.1418942	0.3237265	0.3402251	0.2792071	0.3834273	0.1371428	0.0993601
3232988743.7584267	0.2503642	0.3047129	0.0796362	0.1293057	0.2240239	0.3463311	0.1058414	0.0876516	0.0924300	0.1418789	0.3237030	0.3402466	0.2792053	0.3834351	0.1371417	0.0993481
3232988743.7683148	0.2503577	0.3046961	0.0796135	0.1293106	0.2240259	0.3463110	0.1058440	0.0876344	0.0924151	0.1418656	0.3237041	0.3402257	0.2792270	0.3834127	0.1371456	0.0993521
3232988743.7782030	0.2503686	0.3046935	0.0796089	0.1293066	0.2240293	0.3463078	0.1058498	0.0876151	0.0924222	0.1418731	0.3237081	0.3402381	0.2792119	0.3834135	0.1371358	0.0993608
3232988743.7880912	0.2503564	0.3046917	0.0796123	0.1292878	0.2240243	0.3463220	0.1058347	0.0876246	0.0924061	0.1418621	0.3237142	0.3402412	0.2792237	0.3834181	0.1371336	0.0993800
3232988743.7979794	0.2503555	0.3046961	0.0796106	0.1293002	0.2240072	0.3463256	0.1058368	0.0876222	0.0924274	0.1418539	0.3237037	0.3402496	0.2792252	0.3834322	0.1371334	0.0993473
3232988743.8078675	0.2503592	0.3046985	0.0796084	0.1293056	0.2240208	0.3463083	0.1058436	0.0875997	0.0924123	0.1418575	0.3237190	0.3402369	0.2792069	0.3834012	0.1371585	0.0993532
3232988743.8177557	0.2503558	0.3046892	0.0796312	0.1293035	0.2240314	0.3463107	0.1058602	0.0876144	0.0924199	0.1418792	0.3237078	0.3402328	0.2792295	0.3834013	0.1371268	0.0993389
3232988743.8276439	0.2503640	0.3046838	0.0796173	0.1293105	0.2240352	0.3462943	0.1058417	0.0876200	0.0924295	0.1418652	0.3237026	0.3402317	0.2792383	0.3834128	0.1371355	0.0993650
3232988743.8375301	0.2503698	0.3046945	0.0796207	0.1292975	0.2240249	0.3463010	0.1058503	0.0876343	0.0924302	0.1418792	0.3237146	0.3402307	0.2792279	0.3834280	0.1371469	0.0993434
3232988743.8474183	0.2503620	0.3046855	0.0796071	0.1292967	0.2240127	0.3463271	0.1058340	0.0876150	0.0924213	0.1418779	0.3237130	0.3402173	0.2792130	0.3834283	0.1371361	0.0993493
3232988743.8573065	0.2503616	0.3046885	0.0796304	0.1292985	0.2240086	0.3463095	0.1058273	0.0876170	0.0924367	0.1418660	0.3237241	0.3402384	0.2792189	0.3834128	0.1371251	0.0993489
3232988743.8671947	0.2503571	0.3047028	0.0796112	0.1293158	0.2240318	0.3463003	0.1058394	0.0876306	0.0924274	0.1418668	0.3237208	0.3402235	0.2792214	0.3834055	0.1371317	0.0993701
3232988743.8770828	0.2503609	0.3046845	0.0796209	0.1293003	0.2240094	0.3462960	0.1058471	0.0876152	0.0924067	0.1418760	0.3236996	0.3402438	0.2792031	0.3834152	0.1371317	0.0993412
3232988743.8869710	0.2503681	0.3047056	0.0796303	0.1293021	0.2240410	0.3463128	0.1058442	0.0876226	0.0924306	0.1418607	0.3237176	0.3402208	0.2792207	0.3834146	0.1371299	0.0993546
3232988743.8968592	0.2503483	0.3046944	0.0796074	0.1293095	0.2240081	0.3463026	0.1058384	0.0876182	0.0924158	0.1418659	0.3237138	0.3402425	0.2792294	0.3834250	0.1371071	0.0993385
3232988743.9067473	0.2503654	0.3046937	0.0796041	0.1292972	0.2240208	0.3463126	0.1058445	0.0876263	0.0924189	0.1418598	0.3237112	0.3402322	0.2792234	0.3834320	0.1371349	0.0993512
3232988743.9166355	0.2503589	0.3046823	0.0796183	0.1293046	0.2240200	0.3463054	0.1058263	0.0876145	0.0924194	0.1418923	0.3237170	0.3402391	0.2792319	0.3834265	0.1371249	0.0993554
3232988743.9265237	0.2503593	0.3047039	0.0796216	0.1293104	0.2240433	0.3463102	0.1058486	0.0876080	0.0924185	0.1418721	0.3237069	0.3402232	0.2792268	0.3834225	0.1371304	0.0993538
3232988743.9364099	0.2503798	0.3047073	0.0796083	0.1293135	0.2240383	0.3462943	0.1058433	0.0876242	0.0924141	0.1418756	0.3237144	0.3402279	0.2792200	0.3834203	0.1371364	0.0993475
3232988743.9462981	0.2503521	0.3046941	0.0796214	0.1292928	0.2240159	0.3463233	0.1058396	0.0876259	0.0924085	0.1418717	0.3237023	0.3402243	0.2792232	0.3834102	0.1371407	0.0993337
3232988743.9561863	0.2503547	0.3046776	0.0795930	0.1292892	0.2240281	0.3463100	0.1058485	0.0876119	0.0924166	0.1418561	0.3237108	0.3402248	0.2792235	0.3834127	0.1371307	0.0993596
3232988743.9660745	0.2503590	0.3047034	0.0796145	0.1293096	0.2240154	0.3463042	0.1058501	0.0876343	0.0924015	0.1418762	0.3237010	0.3402392	0.2792209	0.3834076	0.1371399	0.0993344
3232988743.9759626	0.2503836	0.3046917	0.0796214	0.1293093	0.2240236	0.3462942	0.1058451	0.0876089	0.0924065	0.1418798	0.3237109	0.3402192	0.2792220	0.3833980	0.1371299	0.0993433
3232988743.9858508	0.2503707	0.3046971	0.0796179	0.1293092	0.2240379	0.3463087	0.1058490	0.0876191	0.0924247	0.1418662	0.3237226	0.3402149	0.2792205	0.3834171	0.1371325	0.0993256
3232988743.9957390	0.2503395	0.3047023	0.0796271	0.1292937	0.2240259	0.3463111	0.1058560	0.0876114	0.0924179	0.1418443	0.3237028	0.3402240	0.2792056	0.3834198	0.1371131	0.0993365
3232988744.0056272	0.2503594	0.3046731	0.0796144	0.1293007	0.2240375	0.3463062	0.1058294	0.0876253	0.0924177	0.1418660	0.3237001	0.3402396	0.2792222	0.3834156	0.1371434	0.0993567
3232988744.0155153	0.2503650	0.3046741	0.0796279	0.1292928	0.2240316	0.3462862	0.1058519	0.0876234	0.0924165	0.1418667	0.3237056	0.3402290	0.2792018	0.3834143	0.1371373	0.0993591
3232988744.0254035	0.2503521	0.3046754	0.0796171	0.1293124	0.2240188	0.3463145	0.1058305	0.0875993	0.0924311	0.1418560	0.3236948	0.3402196	0.2792042	0.3833996	0.1371363	0.0993445
3232988744.0352902	0.2503633	0.3046915	0.0796263	0.1293156	0.2239975	0.3463097	0.1058382	0.0876146	0.0924188	0.1418754	0.3237186	0.3402347	0.2792363	0.3834020	0.1371239	0.0993579
3232988744.0451784	0.2503722	0.3046870	0.0796117	0.1293083	0.2240277	0.3463067	0.1058285	0.0876280	0.0924293	0.1418681	0.3237038	0.3402394	0.2792111	0.3834050	0.1371346	0.0993465
3232988744.0550666	0.2503679	0.3046910	0.0796186	0.1293005	0.2240118	0.3463269	0.1058335	0.0876226	0.0924256	0.1418595	0.3237106	0.3402103	0.2792209	0.3834145	0.1371224	0.0993598
3232988744.0649548	0.2503425	0.3046947	0.0796137	0.1292973	0.2240099	0.3463068	0.1058510	0.0876107	0.0924217	0.1418832	0.3237092	0.3402119	0.2791957	0.3834112	0.1371327	0.0993401
3232988744.0748429	0.2503423	0.3047004	0.0796211	0.1292870	0.2240150	0.3463021	0.1058578	0.0876252	0.0924123	0.1418698	0.3237038	0.3402127	0.2792101	0.3834228	0.1371376	0.0993532
3232988744.0847311	0.2503742	0.3047035	0.0796228	0.1292787	0.2240304	0.3463059	0.1058534	0.0876227	0.0924269	0.1418795	0.3237045	0.3402264	0.2792196	0.3834063	0.1371350	0.0993312
3232988744.0946193	0.2503672	0.3046980	0.0796194	0.1292975	0.2240307	0.3463030	0.1058468	0.0876363	0.0924334	0.1418608	0.3237066	0.3402100	0.2792189	0.3834212	0.1371413	0.0993555
3232988744.1045074	0.2503604	0.3046854	0.0796244	0.1292854	0.2240141	0.3463089	0.1058315	0.0876141	0.0924389	0.1418731	0.3237052	0.3402410	0.2792300	0.3834083	0.1371339	0.0993385
3232988744.1143956	0.2503408	0.3046916	0.0796233	0.1293019	0.2240095	0.3463025	0.1058325	0.0876241	0.0924129	0.1418607	0.3237045	0.3402325	0.2791968	0.3834207	0.1371527	0.0993532
3232988744.1242838	0.2503777	0.3046802	0.0796184	0.1292962	0.2240099	0.3462954	0.1058372	0.0876205	0.0924196	0.1418836	0.3236937	0.3402210	0.2792220	0.3833998	0.1371403	0.0993512
3232988744.1341701	0.2503546	0.3046868	0.0796117	0.1293016	0.2240283	0.3463026	0.1058379	0.0876379	0.0924167	0.1418566	0.3237126	0.3402216	0.2792409	0.3834008	0.1371288	0.0993491
3232988744.1440582	0.2503561	0.3046772	0.0796194	0.1293131	0.2240211	0.3463046	0.1058317	0.0876046	0.0924251	0.1418647	0.3236986	0.3402254	0.2792198	0.3834066	0.1371540	0.0993499
3232988744.1539464	0.2503517	0.3046892	0.0796089	0.1293048	0.2240031	0.3462858	0.1058341	0.0876135	0.0924267	0.1418669	0.3237029	0.3402143	0.2792066	0.3834068	0.1371347	0.0993290
3232988744.1638346	0.2503602	0.3046870	0.0796120	0.1292940	0.2240465	0.3462908	0.1058353	0.0876178	0.0924151	0.1418627	0.3237278	0.3402302	0.2792324	0.3833927	0.1371353	0.0993508
3232988744.1737227	0.2503498	0.3046897	0.0796037	0.1293012	0.2240235	0.3463060	0.1058357	0.0876324	0.0924111	0.1418612	0.3237112	0.3402271	0.2792058	0.3833963	0.1371445	0.0993467
3232988744.1836109	0.2503547	0.3046924	0.0796186	0.1293048	0.2240321	0.3463032	0.1058375	0.0876182	0.0924235	0.1418756	0.3236792	0.3402151	0.2792012	0.3834019	0.1371335	0.0993488
3232988744.1934991	0.2503570	0.3046909	0.0796220	0.1292968	0.2240217	0.3463032	0.1058522	0.0876277	0.0924313	0.1418734	0.3237046	0.3402256	0.2791950	0.3834243	0.1371424	0.0993716
3232988744.2033873	0.2503543	0.3046693	0.0796037	0.1292771	0.2240078	0.3463127	0.1058364	0.0876404	0.0924035	0.1418512	0.3237217	0.3402100	0.2792088	0.3833829	0.1371423	0.0993522
3232988744.2132754	0.2503655	0.3046796	0.0796164	0.1292855	0.2240030	0.3462902	0.1058481	0.0876210	0.0924172	0.1418716	0.3237049	0.3402152	0.2792149	0.3834139	0.1371340	0.0993402
3232988744.2231636	0.2503586	0.3046841	0.0796202	0.1293009	0.2240289	0.3462963	0.1058434	0.0876258	0.0924225	0.1418670	0.3237132	0.3402260	0.2792147	0.3834143	0.1371353	0.0993509
3232988744.2330499	0.2503614	0.3046800	0.0796180	0.1292790	0.2240038	0.3462902	0.1058601	0.0876331	0.0924090	0.1418518	0.3237054	0.3402214	0.2792107	0.3833992	0.1371471	0.0993491
3232988744.2429380	0.2503654	0.3046889	0.0796253	0.1293109	0.2240146	0.3462813	0.1058496	0.0876119	0.0924221	0.1418540	0.3237044	0.3402546	0.2792215	0.3834077	0.1371327	0.0993324
3232988744.2528262	0.2503698	0.3046752	0.0796218	0.1292957	0.2240403	0.3463007	0.1058550	0.0876099	0.0924217	0.1418526	0.3237030	0.3402292	0.2792288	0.3834002	0.1371474	0.0993622
3232988744.2627144	0.2503451	0.3046727	0.0796097	0.1292973	0.2240336	0.3462804	0.1058345	0.0876211	0.0924200	0.1418588	0.3237177	0.3402120	0.2792206	0.3834144	0.1371352	0.0993505
3232988744.2726026	0.2503514	0.3046742	0.0796244	0.1293051	0.2240163	0.3463045	0.1058325	0.0876329	0.0924301	0.1418508	0.3237079	0.3402313	0.2792279	0.3834022	0.1371383	0.0993338
3232988744.2824907	0.2503528	0.3046860	0.0796246	0.1292947	0.2240122	0.3463064	0.1058538	0.0876275	0.0924077	0.1418490	0.3237062	0.3402204	0.2792165	0.3834166	0.1371366	0.0993569
3232988744.2923789	0.2503667	0.3046946	0.0796206	0.1292993	0.2240116	0.3462930	0.1058464	0.0876114	0.0924276	0.1418519	0.3237243	0.3402292	0.2792004	0.3833952	0.1371412	0.0993432
3232988744.3022671	0.2503619	0.3046905	0.0796261	0.1292927	0.2240102	0.3462925	0.1058430	0.0876213	0.0924106	0.1418691	0.3237041	0.3402104	0.2792215	0.3834143	0.1371481	0.0993567
3232988744.3121552	0.2503476	0.3046764	0.0796250	0.1293032	0.2240208	0.3462822	0.1058533	0.0876119	0.0924255	0.1418597	0.3236923	0.3402142	0.2791949	0.3834041	0.1371221	0.0993387
3232988744.3220434	0.2503567	0.3046977	0.0796250	0.1292882	0.2240217	0.3462951	0.1058314	0.0876189	0.0924161	0.1418627	0.3237058	0.3402200	0.2792112	0.3834037	0.1371344	0.0993484
3232988744.3319302	0.2503445	0.3046867	0.0796225	0.1292960	0.2240285	0.3462913	0.1058445	0.0876252	0.0924152	0.1418775	0.3237084	0.3402275	0.2792211	0.3834051	0.1371447	0.0993185
3232988744.3418183	0.2503550	0.3047064	0.0796231	0.1292974	0.2240272	0.3462758	0.1058484	0.0876169	0.0924244	0.1418574	0.3237194	0.3402223	0.2792279	0.3833899	0.1371430	0.0993639
3232988744.3517065	0.2503626	0.3046732	0.0796100	0.1292707	0.2240180	0.3462941	0.1058527	0.0876113	0.0924113	0.1418665	0.3237009	0.3402327	0.2792142	0.3834054	0.1371192	0.0993567
3232988744.3615947	0.2503553	0.3046952	0.0796311	0.1293061	0.2240357	0.3462923	0.1058380	0.0876230	0.0924254	0.1418676	0.3236914	0.3402127	0.2792288	0.3834190	0.1371361	0.0993337
3232988744.3714828	0.2503535	0.3046728	0.0796166	0.1293085	0.2240177	0.3462922	0.1058338	0.0876099	0.0924207	0.1418627	0.3237241	0.3402251	0.2791995	0.3833849	0.1371414	0.0993402
3232988744.3813710	0.2503699	0.3046858	0.0796250	0.1292800	0.2240266	0.3462934	0.1058437	0.0876330	0.0924266	0.1418642	0.3237075	0.3402200	0.2792179	0.3834132	0.1371301	0.0993369
3232988744.3912592	0.2503695	0.3046759	0.0796071	0.1292996	0.2240176	0.3462876	0.1058234	0.0876188	0.0924314	0.1418602	0.3236874	0.3402179	0.2792155	0.3833916	0.1371190	0.0993458
3232988744.4011474	0.2503657	0.3046930	0.0796121	0.1292997	0.2240062	0.3462808	0.1058627	0.0876208	0.0923991	0.1418465	0.3237146	0.3402260	0.2792106	0.3833928	0.1371498	0.0993398
3232988744.4110355	0.2503586	0.3046780	0.0796248	0.1292867	0.2240236	0.3462890	0.1058389	0.0876175	0.0924143	0.1418507	0.3236955	0.3402227	0.2792182	0.3834106	0.1371399	0.0993496
3232988744.4209237	0.2503504	0.3046892	0.0796136	0.1293016	0.2240187	0.3462784	0.1058182	0.0876125	0.0924311	0.1418700	0.3237029	0.3402051	0.2792055	0.3834078	0.1371367	0.0993385
3232988744.4308100	0.2503653	0.3046675	0.0796365	0.1292994	0.2240121	0.3462819	0.1058299	0.0876175	0.0924323	0.1418575	0.3237076	0.3402186	0.2792330	0.3833994	0.1371312	0.0993462
3232988744.4406981	0.2503623	0.3046853	0.0796085	0.1293030	0.2240110	0.3462797	0.1058437	0.0876147	0.0924305	0.1418539	0.3237063	0.3402041	0.2792203	0.3834026	0.1371423	0.0993504
3232988744.4505863	0.2503710	0.3046748	0.0796212	0.1293023	0.2240095	0.3462866	0.1058341	0.0876227	0.0924101	0.1418838	0.3237149	0.3402328	0.2792336	0.3834100	0.1371513	0.0993478
3232988744.4604745	0.2503553	0.3046842	0.0796361	0.1292986	0.2240166	0.3463113	0.1058555	0.0876083	0.0924125	0.1418703	0.3236941	0.3402126	0.2792222	0.3834078	0.1371474	0.0993612
3232988744.4703627	0.2503632	0.3046768	0.0796143	0.1292973	0.2240143	0.3462880	0.1058509	0.0876116	0.0924461	0.1418678	0.3236959	0.3402022	0.2792283	0.3833912	0.1371432	0.0993347
3232988744.4802508	0.2503439	0.3046869	0.0796195	0.1292726	0.2240157	0.3462892	0.1058351	0.0876166	0.0923943	0.1418413	0.3237071	0.3402125	0.2792184	0.3833969	0.1371294	0.0993385
3232988744.4901390	0.2503394	0.3046728	0.0796037	0.1292950	0.2240234	0.3462875	0.1058412	0.0876136	0.0924310	0.1418497	0.3237033	0.3402051	0.2792180	0.3834060	0.1371345	0.0993511
3232988744.5000272	0.2503587	0.3047029	0.0796069	0.1293149	0.2240199	0.3462917	0.1058505	0.0876163	0.0924276	0.1418643	0.3237087	0.3402117	0.2792236	0.3834248	0.1371248	0.0993437
3232988744.5099153	0.2503571	0.3046813	0.0796091	0.1293088	0.2240405	0.3462881	0.1058485	0.0876178	0.0924187	0.1418605	0.3236940	0.3402052	0.2792139	0.3834138	0.1371557	0.0993524
3232988744.5198035	0.2503584	0.3046789	0.0796381	0.1293067	0.2240244	0.3463004	0.1058424	0.0876369	0.0924180	0.1418763	0.3236986	0.3402232	0.2792188	0.3834039	0.1371486	0.0993540
3232988744.5296903	0.2503448	0.3046899	0.0796061	0.1292931	0.2240076	0.3462940	0.1058527	0.0876051	0.0924195	0.1418641	0.3236942	0.3402166	0.2792326	0.3834028	0.1371257	0.0993534
3232988744.5395784	0.2503679	0.3046790	0.0796290	0.1292961	0.2240192	0.3463013	0.1058257	0.0876242	0.0924070	0.1418807	0.3237070	0.3402098	0.2792299	0.3833966	0.1371383	0.0993559
3232988744.5494666	0.2503737	0.3046871	0.0796018	0.1293058	0.2240333	0.3462884	0.1058566	0.0876069	0.0923934	0.1418560	0.3237172	0.3402216	0.2792217	0.3834145	0.1371389	0.0993426
3232988744.5593548	0.2503599	0.3046818	0.0796209	0.1293064	0.2240264	0.3462912	0.1058489	0.0876167	0.0924267	0.1418812	0.3237144	0.3402131	0.2792275	0.3833982	0.1371338	0.0993345
3232988744.5692430	0.2503581	0.3046852	0.0796216	0.1292925	0.2240270	0.3462866	0.1058445	0.0876253	0.0924241	0.1418708	0.3237120	0.3402224	0.2792258	0.3833983	0.1371266	0.0993538
3232988744.5791311	0.2503547	0.3046630	0.0796159	0.1293011	0.2240244	0.3463015	0.1058477	0.0876188	0.0924158	0.1418768	0.3237081	0.3402117	0.2792254	0.3834034	0.1371459	0.0993523
3232988744.5890193	0.2503657	0.3046848	0.0796241	0.1293025	0.2240197	0.3462745	0.1058397	0.0876200	0.0924283	0.1418740	0.3236999	0.3402274	0.2792124	0.3833780	0.1371399	0.0993463
3232988744.5989075	0.2503745	0.3046859	0.0796338	0.1292993	0.2240048	0.3463025	0.1058361	0.0876161	0.0924306	0.1418688	0.3236940	0.3402119	0.2792175	0.3833889	0.1371430	0.0993447
3232988744.6087956	0.2503572	0.3046628	0.0796207	0.1293090	0.2240137	0.3462999	0.1058393	0.0876178	0.0924289	0.1418736	0.3237171	0.3402049	0.2792213	0.3834003	0.1371387	0.0993456
3232988744.6186838	0.2503709	0.3047021	0.0796030	0.1293213	0.2240098	0.3462995	0.1058536	0.0876178	0.0924256	0.1418557	0.3236909	0.3402133	0.2792316	0.3834025	0.1371383	0.0993502
3232988744.6285701	0.2503431	0.3046769	0.0796167	0.1293133	0.2240163	0.3463062	0.1058443	0.0876027	0.0924371	0.1418610	0.3237048	0.3401995	0.2792091	0.3833939	0.1371299	0.0993470
3232988744.6384582	0.2503447	0.3046821	0.0796113	0.1292825	0.2240013	0.3463044	0.1058480	0.0876066	0.0924016	0.1418647	0.3237039	0.3402216	0.2792096	0.3833967	0.1371258	0.0993386
3232988744.6483464	0.2503537	0.3046732	0.0796009	0.1292845	0.2240289	0.3462892	0.1058301	0.0876289	0.0924141	0.1418591	0.3237096	0.3401992	0.2792314	0.3833934	0.1371326	0.0993696
3232988744.6582346	0.2503469	0.3046951	0.0796414	0.1293004	0.2240377	0.3462884	0.1058514	0.0876287	0.0924201	0.1418690	0.3236896	0.3402179	0.2792160	0.3834060	0.1371324	0.0993327
3232988744.6681228	0.2503679	0.3046769	0.0796315	0.1292971	0.2240236	0.3462874	0.1058469	0.0876146	0.0924175	0.1418483	0.3237083	0.3402100	0.2792128	0.3833915	0.1371437	0.0993591
3232988744.6780109	0.2503524	0.3046830	0.0796348	0.1293125	0.2240276	0.3462890	0.1058357	0.0876141	0.0924007	0.1418739	0.3236937	0.3402252	0.2792087	0.3833854	0.1371485	0.0993264
3232988744.6878991	0.2503581	0.3046764	0.0796175	0.1292989	0.2240328	0.3462946	0.1058607	0.0876227	0.0924163	0.1418713	0.3237051	0.3401946	0.2792041	0.3833955	0.1371395	0.0993470
3232988744.6977873	0.2503501	0.3046690	0.0796307	0.1292789	0.2240195	0.3463022	0.1058308	0.0876165	0.0924275	0.1418585	0.3237068	0.3402104	0.2792030	0.3834005	0.1371470	0.0993325
3232988744.7076755	0.2503469	0.3046840	0.0796165	0.1293075	0.2240127	0.3462897	0.1058377	0.0876136	0.0924125	0.1418633	0.3237042	0.3402147	0.2792220	0.3833985	0.1371212	0.0993523
3232988744.7175636	0.2503531	0.3046775	0.0796135	0.1292935	0.2240236	0.3462939	0.1058518	0.0876182	0.0924169	0.1418459	0.3236857	0.3402036	0.2792131	0.3833998	0.1371257	0.0993276
3232988744.7274499	0.2503649	0.3046993	0.0796157	0.1293064	0.2240154	0.3463007	0.1058472	0.0876393	0.0924231	0.1418741	0.3237052	0.3402057	0.2792128	0.3834029	0.1371339	0.0993432
3232988744.7373381	0.2503700	0.3046768	0.0796213	0.1292937	0.2240182	0.3462874	0.1058376	0.0876249	0.0924317	0.1418515	0.3236861	0.3402103	0.2792337	0.3833843	0.1371381	0.0993080
3232988744.7472262	0.2503506	0.3046652	0.0796149	0.1292984	0.2240229	0.3462961	0.1058357	0.0876156	0.0924212	0.1418522	0.3236850	0.3402115	0.2792064	0.3833917	0.1371225	0.0993563
3232988744.7571144	0.2503484	0.3046983	0.0796061	0.1292963	0.2240176	0.3462922	0.1058333	0.0876037	0.0924205	0.1418716	0.3236966	0.3402149	0.2791984	0.3833833	0.1371344	0.0993362
3232988744.7670026	0.2503604	0.3046775	0.0796165	0.1293006	0.2240152	0.3462764	0.1058372	0.0876278	0.0924219	0.1418699	0.3236888	0.3402187	0.2792047	0.3833870	0.1371185	0.0993514
3232988744.7768908	0.2503518	0.3046812	0.0796324	0.1292759	0.2240173	0.3462847	0.1058342	0.0876374	0.0924194	0.1418574	0.3237121	0.3402262	0.2792026	0.3834031	0.1371257	0.0993378
3232988744.7867789	0.2503591	0.3046874	0.0796295	0.1292922	0.2240153	0.3462982	0.1058352	0.0876079	0.0924208	0.1418627	0.3236934	0.3402051	0.2791999	0.3833856	0.1371352	0.0993526
3232988744.7966671	0.2503509	0.3046667	0.0796176	0.1292984	0.2240101	0.3462860	0.1058274	0.0876132	0.0924073	0.1418638	0.3236977	0.3402028	0.2792089	0.3833883	0.1371267	0.0993447
3232988744.8065553	0.2503587	0.3046887	0.0796141	0.1292918	0.2240128	0.3462980	0.1058369	0.0876128	0.0924215	0.1418461	0.3236986	0.3402204	0.2792226	0.3833880	0.1371321	0.0993415
3232988744.8164434	0.2503586	0.3046831	0.0796221	0.1293077	0.2240158	0.3463141	0.1058451	0.0875991	0.0924381	0.1418681	0.3236889	0.3402087	0.2792072	0.3834071	0.1371250	0.0993242
3232988744.8263302	0.2503566	0.3046846	0.0796148	0.1293020	0.2240113	0.3462952	0.1058358	0.0876160	0.0924248	0.1418542	0.3236876	0.3402226	0.2792167	0.3833954	0.1371370	0.0993524
3232988744.8362184	0.2503404	0.3046841	0.0796125	0.1293044	0.2240147	0.3462937	0.1058425	0.0876231	0.0924181	0.1418478	0.3236866	0.3402127	0.2791995	0.3833967	0.1371417	0.0993488
3232988744.8461065	0.2503522	0.3046925	0.0796231	0.1292916	0.2240099	0.3462868	0.1058477	0.0875955	0.0924137	0.1418739	0.3236783	0.3402169	0.2792311	0.3833885	0.1371296	0.0993615
3232988744.8559947	0.2503587	0.3046865	0.0796298	0.1292819	0.2239965	0.3463016	0.1058336	0.0876235	0.0924300	0.1418605	0.3236843	0.3402185	0.2791981	0.3833986	0.1371193	0.0993353
3232988744.8658829	0.2503541	0.3046875	0.0796219	0.1292953	0.2240080	0.3462858	0.1058407	0.0876033	0.0924261	0.1418582	0.3237084	0.3402155	0.2792229	0.3833896	0.1371374	0.0993530
3232988744.8757710	0.2503798	0.3046856	0.0796230	0.1292974	0.2240165	0.3462915	0.1058555	0.0876253	0.0924301	0.1418603	0.3236891	0.3402111	0.2792056	0.3834049	0.1371223	0.0993419
3232988744.8856592	0.2503564	0.3046703	0.0796203	0.1293024	0.2240136	0.3462898	0.1058381	0.0876183	0.0924098	0.1418648	0.3237049	0.3402107	0.2792106	0.3833990	0.1371142	0.0993498
3232988744.8955474	0.2503539	0.3046734	0.0796294	0.1293079	0.2239993	0.3462834	0.1058578	0.0876161	0.0924123	0.1418661	0.3236904	0.3402171	0.2792055	0.3833997	0.1371321	0.0993452
3232988744.9054356	0.2503410	0.3046806	0.0795869	0.1292891	0.2239944	0.3462782	0.1058261	0.0876234	0.0924139	0.1418728	0.3236927	0.3402152	0.2792266	0.3833873	0.1371393	0.0993642
3232988744.9153237	0.2503509	0.3046925	0.0796167	0.1292957	0.2240155	0.3462987	0.1058311	0.0876125	0.0924431	0.1418687	0.3237202	0.3402178	0.2792065	0.3834003	0.1371290	0.0993427
3232988744.9252100	0.2503595	0.3046853	0.0796112	0.1293071	0.2240275	0.3462972	0.1058367	0.0876145	0.0924233	0.1418704	0.3236978	0.3402141	0.2792009	0.3833923	0.1371182	0.0993483
3232988744.9350982	0.2503554	0.3046885	0.0796105	0.1293028	0.2240115	0.3463034	0.1058556	0.0876265	0.0924244	0.1418672	0.3236957	0.3402322	0.2792000	0.3833907	0.1371284	0.0993373
3232988744.9449863	0.2503462	0.3046850	0.0796207	0.1292898	0.2240059	0.3462876	0.1058421	0.0876106	0.0924103	0.1418766	0.3236920	0.3402016	0.2792216	0.3834030	0.1371263	0.0993565
3232988744.9548745	0.2503524	0.3046747	0.0796125	0.1292962	0.2240174	0.3463031	0.1058405	0.0876041	0.0924042	0.1418540	0.3237084	0.3402104	0.2792132	0.3833979	0.1371343	0.0993327
3232988744.9647627	0.2503674	0.3046760	0.0796183	0.1293032	0.2240055	0.3462670	0.1058356	0.0876222	0.0924216	0.1418611	0.3236901	0.3402048	0.2792076	0.3833971	0.1371224	0.0993568
3232988744.9746509	0.2503449	0.3046905	0.0796168	0.1292834	0.2240283	0.3462947	0.1058532	0.0876101	0.0924327	0.1418551	0.3237083	0.3402149	0.2792133	0.3834067	0.1371463	0.0993240
3232988744.9845390	0.2503714	0.3046746	0.0796285	0.1293086	0.2240253	0.3462785	0.1058486	0.0876260	0.0924239	0.1418755	0.3237010	0.3402016	0.2792198	0.3833890	0.1371526	0.0993526
3232988744.9944272	0.2503525	0.3046809	0.0796156	0.1292876	0.2240255	0.3462913	0.1058452	0.0876150	0.0924221	0.1418610	0.3236983	0.3402125	0.2792231	0.3834075	0.1371364	0.0993492
3232988745.0043154	0.2503565	0.3046808	0.0796346	0.1293049	0.2240184	0.3462849	0.1058328	0.0876010	0.0924264	0.1418516	0.3236977	0.3402212	0.2792407	0.3833821	0.1371339	0.0993396
3232988745.0142035	0.2503470	0.3046814	0.0796105	0.1292892	0.2240054	0.3462922	0.1058470	0.0876291	0.0924151	0.1418338	0.3237072	0.3402111	0.2792287	0.3834103	0.1371405	0.0993454
3232988745.0240903	0.2503650	0.3046868	0.0796188	0.1292882	0.2240249	0.3462793	0.1058312	0.0876125	0.0924230	0.1418791	0.3236998	0.3402049	0.2792060	0.3833857	0.1371233	0.0993394
3232988745.0339785	0.2503661	0.3046855	0.0796097	0.1292966	0.2240172	0.3463022	0.1058250	0.0876191	0.0924203	0.1418606	0.3237016	0.3402224	0.2792176	0.3833970	0.1371318	0.0993337
3232988745.0438666	0.2503547	0.3046848	0.0796059	0.1292931	0.2240277	0.3462880	0.1058445	0.0876169	0.0924132	0.1418570	0.3237093	0.3402099	0.2792265	0.3833894	0.1371258	0.0993316
3232988745.0537548	0.2503325	0.3046811	0.0796221	0.1292870	0.2240283	0.3462993	0.1058472	0.0876066	0.0924146	0.1418678	0.3236853	0.3402117	0.2792238	0.3834041	0.1371250	0.0993501
3232988745.0636430	0.2503551	0.3046675	0.0796191	0.1292854	0.2239961	0.3463000	0.1058185	0.0876149	0.0924289	0.1418938	0.3236983	0.3402198	0.2792230	0.3833956	0.1371339	0.0993249
3232988745.0735311	0.2503506	0.3046967	0.0796125	0.1292959	0.2240013	0.3462953	0.1058283	0.0876246	0.0924312	0.1418653	0.3237027	0.3402077	0.2792137	0.3833992	0.1371262	0.0993394
3232988745.0834193	0.2503537	0.3046860	0.0796148	0.1292837	0.2240120	0.3462937	0.1058376	0.0876131	0.0924145	0.1418484	0.3237108	0.3402179	0.2792244	0.3834055	0.1371405	0.0993579
3232988745.0933075	0.2503715	0.3046882	0.0796172	0.1293004	0.2240197	0.3462881	0.1058514	0.0876228	0.0924454	0.1418671	0.3237066	0.3402072	0.2792327	0.3834048	0.1371430	0.0993404
3232988745.1031957	0.2503793	0.3046756	0.0796100	0.1292990	0.2240231	0.3462950	0.1058427	0.0876072	0.0924092	0.1418589	0.3237136	0.3402106	0.2792253	0.3833891	0.1371343	0.0993553
3232988745.1130838	0.2503572	0.3046830	0.0796269	0.1292955	0.2240082	0.3462811	0.1058487	0.0876243	0.0924076	0.1418736	0.3237095	0.3401992	0.2792199	0.3833992	0.1371254	0.0993421
3232988745.1229701	0.2503725	0.3046753	0.0796268	0.1292965	0.2240236	0.3462861	0.1058379	0.0876181	0.0924345	0.1418624	0.3236959	0.3402214	0.2792257	0.3833914	0.1371407	0.0993511
3232988745.1328583	0.2503660	0.3046873	0.0796284	0.1293058	0.2240195	0.3462795	0.1058330	0.0876185	0.0924188	0.1418822	0.3237183	0.3402256	0.2792214	0.3833942	0.1371389	0.0993462
3232988745.1427464	0.2503591	0.3046634	0.0796110	0.1293037	0.2240280	0.3462944	0.1058438	0.0876055	0.0924195	0.1418674	0.3237317	0.3402134	0.2792252	0.3833925	0.1371321	0.0993423
3232988745.1526346	0.2503706	0.3046874	0.0796151	0.1293053	0.2240201	0.3462902	0.1058425	0.0876193	0.0924255	0.1418770	0.3237127	0.3402046	0.2791959	0.3833942	0.1371416	0.0993325
3232988745.1625228	0.2503411	0.3046859	0.0796172	0.1292977	0.2240074	0.3462871	0.1058359	0.0876241	0.0924217	0.1418757	0.3237128	0.3401991	0.2792173	0.3833764	0.1371366	0.0993399
3232988745.1724110	0.2503428	0.3046838	0.0796206	0.1292995	0.2240180	0.3463035	0.1058353	0.0876211	0.0924182	0.1418697	0.3237071	0.3401980	0.2792230	0.3834016	0.1371321	0.0993245
3232988745.1822991	0.2503302	0.3046845	0.0796186	0.1292860	0.2240274	0.3462923	0.1058461	0.0876097	0.0924049	0.1418755	0.3237045	0.3402148	0.2792193	0.3834017	0.1371420	0.0993327
3232988745.1921873	0.2503426	0.3046842	0.0796195	0.1293010	0.2240188	0.3462934	0.1058402	0.0876168	0.0924188	0.1418468	0.3236916	0.3402118	0.2792159	0.3834074	0.1371410	0.0993361
3232988745.2020755	0.2503443	0.3046733	0.0796208	0.1292961	0.2240182	0.3462869	0.1058734	0.0876234	0.0924143	0.1418597	0.3237082	0.3402073	0.2792147	0.3833925	0.1371374	0.0993443
3232988745.2119637	0.2503552	0.3046673	0.0796293	0.1292937	0.2240174	0.3462877	0.1058407	0.0876209	0.0924217	0.1418672	0.3237130	0.3402182	0.2792118	0.3834059	0.1371389	0.0993629
3232988745.2218499	0.2503425	0.3046818	0.0796139	0.1292981	0.2240198	0.3462897	0.1058276	0.0875887	0.0924151	0.1418606	0.3237116	0.3402016	0.2792096	0.3833998	0.1371272	0.0993512
3232988745.2317381	0.2503600	0.3046667	0.0796272	0.1292827	0.2240194	0.3462974	0.1058249	0.0876173	0.0924286	0.1418580	0.3237230	0.3402301	0.2792237	0.3833970	0.1371418	0.0993496
3232988745.2416263	0.2503634	0.3046831	0.0795885	0.1292920	0.2240176	0.3462941	0.1058399	0.0876160	0.0924093	0.1418621	0.3237068	0.3402107	0.2792179	0.3834031	0.1371417	0.0993617
3232988745.2515144	0.2503509	0.3046716	0.0796346	0.1292974	0.2240326	0.3462900	0.1058441	0.0876251	0.0924123	0.1418645	0.3236979	0.3402147	0.2792200	0.3833868	0.1371473	0.0993337
3232988745.2614026	0.2503455	0.3046806	0.0796201	0.1292873	0.2240109	0.3462965	0.1058436	0.0876246	0.0924456	0.1418669	0.3236922	0.3402100	0.2792270	0.3833939	0.1371493	0.0993377
3232988745.2712908	0.2503617	0.3046820	0.0796229	0.1293018	0.2240189	0.3463009	0.1058333	0.0876164	0.0924272	0.1418736	0.3236941	0.3402067	0.2792185	0.3834203	0.1371275	0.0993408
3232988745.2811789	0.2503682	0.3046849	0.0796022	0.1293101	0.2240175	0.3462764	0.1058391	0.0876120	0.0924006	0.1418631	0.3237059	0.3402053	0.2792062	0.3833859	0.1371345	0.0993482
3232988745.2910671	0.2503581	0.3046711	0.0796145	0.1292912	0.2240261	0.3462863	0.1058334	0.0876159	0.0924264	0.1418621	0.3237072	0.3402151	0.2792184	0.3833923	0.1371330	0.0993241
3232988745.3009553	0.2503526	0.3046936	0.0796193	0.1293017	0.2240102	0.3462905	0.1058446	0.0876203	0.0924152	0.1418683	0.3236976	0.3402035	0.2792046	0.3833948	0.1371330	0.0993557
3232988745.3108435	0.2503562	0.3046887	0.0796188	0.1292930	0.2240304	0.3462993	0.1058434	0.0876164	0.0924244	0.1418495	0.3236952	0.3402039	0.2792325	0.3834126	0.1371274	0.0993398
3232988745.3207302	0.2503486	0.3046777	0.0796146	0.1293097	0.2240053	0.3462849	0.1058318	0.0876247	0.0924194	0.1418466	0.3237202	0.3402090	0.2792190	0.3834018	0.1371369	0.0993534
3232988745.3306184	0.2503548	0.3046851	0.0796053	0.1292973	0.2240028	0.3462783	0.1058304	0.0876119	0.0924246	0.1418713	0.3236991	0.3402061	0.2792186	0.3834070	0.1371391	0.0993201
3232988745.3405066	0.2503468	0.3047000	0.0796210	0.1293058	0.2240114	0.3463005	0.1058266	0.0876161	0.0924235	0.1418493	0.3236928	0.3402066	0.2792152	0.3833983	0.1371150	0.0993499
3232988745.3503947	0.2503564	0.3046710	0.0796048	0.1292804	0.2240061	0.3462747	0.1058402	0.0876239	0.0924321	0.1418420	0.3237058	0.3402063	0.2792049	0.3833856	0.1371428	0.0993502
3232988745.3602829	0.2503694	0.3046864	0.0796166	0.1293065	0.2240132	0.3462773	0.1058314	0.0876170	0.0924274	0.1418701	0.3236979	0.3402147	0.2792163	0.3834033	0.1371210	0.0993610
3232988745.3701711	0.2503638	0.3046809	0.0796259	0.1292788	0.2240342	0.3462771	0.1058609	0.0876107	0.0924187	0.1418555	0.3236946	0.3402243	0.2792362	0.3833916	0.1371451	0.0993504
3232988745.3800592	0.2503595	0.3046909	0.0796209	0.1293110	0.2240183	0.3462865	0.1058456	0.0876153	0.0924385	0.1418680	0.3237137	0.3402113	0.2792271	0.3833942	0.1371523	0.0993465
3232988745.3899474	0.2503596	0.3046725	0.0796145	0.1292835	0.2240178	0.3463069	0.1058202	0.0876165	0.0924236	0.1418623	0.3237011	0.3402248	0.2792073	0.3833945	0.1371327	0.0993465
3232988745.3998356	0.2503320	0.3046722	0.0796212	0.1292994	0.2240050	0.3463126	0.1058386	0.0876373	0.0924101	0.1418708	0.3237011	0.3402126	0.2792175	0.3833966	0.1371220	0.0993372
3232988745.4097238	0.2503612	0.3046797	0.0796254	0.1293000	0.2240288	0.3462887	0.1058422	0.0875969	0.0924121	0.1418444	0.3237049	0.3402131	0.2792137	0.3834001	0.1371469	0.0993426
3232988745.4196100	0.2503647	0.3046911	0.0796117	0.1292950	0.2240147	0.3462972	0.1058437	0.0876160	0.0924403	0.1418833	0.3237138	0.3402173	0.2792236	0.3833894	0.1371164	0.0993383
3232988745.4294982	0.2503708	0.3046841	0.0796197	0.1292879	0.2240049	0.3463038	0.1058504	0.0875872	0.0924160	0.1418705	0.3237131	0.3402195	0.2792104	0.3833818	0.1371295	0.0993345
3232988745.4393864	0.2503394	0.3046649	0.0796132	0.1292969	0.2240267	0.3463050	0.1058197	0.0876217	0.0924264	0.1418692	0.3237105	0.3402119	0.2792178	0.3833988	0.1371332	0.0993324
3232988745.4492745	0.2503560	0.3046740	0.0796096	0.1293012	0.2240208	0.3462835	0.1058383	0.0876190	0.0924277	0.1418556	0.3237123	0.3401918	0.2792112	0.3834067	0.1371268	0.0993419
3232988745.4591627	0.2503636	0.3046819	0.0796183	0.1292927	0.2240160	0.3462813	0.1058416	0.0876126	0.0924338	0.1418696	0.3237154	0.3402114	0.2792207	0.3834201	0.1371180	0.0993500
3232988745.4690509	0.2503547	0.3046825	0.0796138	0.1293072	0.2240300	0.3462915	0.1058361	0.0876416	0.0924145	0.1418572	0.3237133	0.3402174	0.2792086	0.3834138	0.1371470	0.0993328
3232988745.4789391	0.2503525	0.3046784	0.0796161	0.1292777	0.2240164	0.3462910	0.1058467	0.0876152	0.0924262	0.1418504	0.3237012	0.3402234	0.2792246	0.3834042	0.1371263	0.0993443
3232988745.4888272	0.2503523	0.3046698	0.0796037	0.1293045	0.2240228	0.3462969	0.1058475	0.0876131	0.0924153	0.1418574	0.3237076	0.3402273	0.2792053	0.3833976	0.1371269	0.0993255
3232988745.4987154	0.2503498	0.3046802	0.0796393	0.1292800	0.2240219	0.3462831	0.1058378	0.0876276	0.0924113	0.1418539	0.3237129	0.3402201	0.2792195	0.3833902	0.1371215	0.0993364
3232988745.5086036	0.2503634	0.3046747	0.0796088	0.1292896	0.2240203	0.3462923	0.1058411	0.0876156	0.0924253	0.1418662	0.3236992	0.3402154	0.2792159	0.3833864	0.1371378	0.0993273
3232988745.5184903	0.2503681	0.3046862	0.0796290	0.1292956	0.2240352	0.3462900	0.1058433	0.0876204	0.0924144	0.1418547	0.3237187	0.3402180	0.2792291	0.3833751	0.1371436	0.0993416
3232988745.5283785	0.2503513	0.3046911	0.0796214	0.1293026	0.2240068	0.3462895	0.1058203	0.0876149	0.0924210	0.1418466	0.3237075	0.3402011	0.2792111	0.3833955	0.1371286	0.0993437
3232988745.5382667	0.2503459	0.3046803	0.0796260	0.1292915	0.2240130	0.3462856	0.1058399	0.0876028	0.0924427	0.1418606	0.3236976	0.3401960	0.2792262	0.3833902	0.1371364	0.0993454
3232988745.5481548	0.2503512	0.3046687	0.0796184	0.1293014	0.2240208	0.3462731	0.1058348	0.0876183	0.0924073	0.1418509	0.3237167	0.3402152	0.2792080	0.3834135	0.1371480	0.0993356
3232988745.5580430	0.2503448	0.3046614	0.0796214	0.1292660	0.2240164	0.3462766	0.1058452	0.0876176	0.0924222	0.1418697	0.3237207	0.3401959	0.2792233	0.3833838	0.1371252	0.0993530
3232988745.5679312	0.2503419	0.3046672	0.0796169	0.1293005	0.2240236	0.3462824	0.1058501	0.0876409	0.0924328	0.1418606	0.3236942	0.3402103	0.2792298	0.3833932	0.1371371	0.0993565
3232988745.5778193	0.2503605	0.3046894	0.0796271	0.1292884	0.2240293	0.3462853	0.1058509	0.0876145	0.0924159	0.1418617	0.3237126	0.3402115	0.2792187	0.3833985	0.1371253	0.0993428
3232988745.5877075	0.2503670	0.3046680	0.0796139	0.1292882	0.2240177	0.3462866	0.1058402	0.0876267	0.0924174	0.1418382	0.3237111	0.3401986	0.2792181	0.3834076	0.1371281	0.0993423
3232988745.5975957	0.2503470	0.3046423	0.0796199	0.1292976	0.2240201	0.3462872	0.1058586	0.0876183	0.0924243	0.1418562	0.3237225	0.3402071	0.2792122	0.3833943	0.1371363	0.0993501
3232988745.6074839	0.2503562	0.3046627	0.0796241	0.1292949	0.2240036	0.3462941	0.1058467	0.0875997	0.0924227	0.1418475	0.3237124	0.3401926	0.2792447	0.3833846	0.1371294	0.0993399
3232988745.6173701	0.2503560	0.3046790	0.0796346	0.1292973	0.2240164	0.3462822	0.1058299	0.0876086	0.0924279	0.1418425	0.3237158	0.3402076	0.2792156	0.3833717	0.1371386	0.0993493
3232988745.6272583	0.2503527	0.3046806	0.0796230	0.1292951	0.2240280	0.3462793	0.1058489	0.0876183	0.0924198	0.1418723	0.3236854	0.3402103	0.2792230	0.3833818	0.1371226	0.0993437
3232988745.6371465	0.2503521	0.3046726	0.0796287	0.1292904	0.2240346	0.3462972	0.1058417	0.0876029	0.0924210	0.1418550	0.3237005	0.3402045	0.2792267	0.3833837	0.1371241	0.0993428
3232988745.6470346	0.2503376	0.3046759	0.0796134	0.1292927	0.2240273	0.3462826	0.1058512	0.0876203	0.0924190	0.1418556	0.3237098	0.3402208	0.2792100	0.3833934	0.1371358	0.0993343
3232988745.6569228	0.2503572	0.3046732	0.0795991	0.1293127	0.2240149	0.3462856	0.1058464	0.0876109	0.0924310	0.1418605	0.3236927	0.3402253	0.2792251	0.3834032	0.1371352	0.0993432
3232988745.6668110	0.2503543	0.3046683	0.0796156	0.1293105	0.2240176	0.3462863	0.1058516	0.0876150	0.0924199	0.1418567	0.3237346	0.3402080	0.2792252	0.3833899	0.1371329	0.0993550
3232988745.6766992	0.2503570	0.3046601	0.0796325	0.1292879	0.2240160	0.3463058	0.1058178	0.0876136	0.0924234	0.1418527	0.3237114	0.3401948	0.2792250	0.3833887	0.1371390	0.0993371
3232988745.6865873	0.2503459	0.3046755	0.0796191	0.1292949	0.2240134	0.3462904	0.1058410	0.0876401	0.0924228	0.1418637	0.3237096	0.3402132	0.2792259	0.3833823	0.1371378	0.0993468
3232988745.6964755	0.2503581	0.3046592	0.0796143	0.1292908	0.2240068	0.3462837	0.1058399	0.0876107	0.0924184	0.1418611	0.3236804	0.3402028	0.2792127	0.3834087	0.1371443	0.0993449
3232988745.7063637	0.2503456	0.3046733	0.0796162	0.1292910	0.2239917	0.3462734	0.1058344	0.0876288	0.0924080	0.1418412	0.3236858	0.3402025	0.2792160	0.3833908	0.1371243	0.0993425
3232988745.7162499	0.2503610	0.3046583	0.0796194	0.1292685	0.2240316	0.3462666	0.1058579	0.0876182	0.0924193	0.1418737	0.3236965	0.3402216	0.2792222	0.3833833	0.1371475	0.0993439
3232988745.7261381	0.2503681	0.3046778	0.0796217	0.1292795	0.2240210	0.3462916	0.1058544	0.0876214	0.0924241	0.1418443	0.3236960	0.3402122	0.2792269	0.3833810	0.1371411	0.0993226
3232988745.7360263	0.2503651	0.3046732	0.0796180	0.1293051	0.2240170	0.3462818	0.1058310	0.0876051	0.0924182	0.1418701	0.3237038	0.3402230	0.2792048	0.3833619	0.1371260	0.0993297
3232988745.7459145	0.2503418	0.3046682	0.0796209	0.1292894	0.2240173	0.3462774	0.1058266	0.0875991	0.0924104	0.1418741	0.3237010	0.3401971	0.2792195	0.3833904	0.1371330	0.0993153
3232988745.7558026	0.2503519	0.3046735	0.0795969	0.1292819	0.2240138	0.3462888	0.1058395	0.0876162	0.0924146	0.1418563	0.3236956	0.3402111	0.2792224	0.3833757	0.1371365	0.0993243
3232988745.7656908	0.2503502	0.3046793	0.0796235	0.1293032	0.2240296	0.3462857	0.1058344	0.0876081	0.0924164	0.1418458	0.3236929	0.3402034	0.2792262	0.3833699	0.1371236	0.0993542
3232988745.7755790	0.2503594	0.3046765	0.0796127	0.1292728	0.2240246	0.3462789	0.1058456	0.0876015	0.0924152	0.1418552	0.3236940	0.3402058	0.2792274	0.3833869	0.1371472	0.0993385
3232988745.7854671	0.2503585	0.3046676	0.0796154	0.1292928	0.2240336	0.3462847	0.1058398	0.0875985	0.0924162	0.1418904	0.3237223	0.3402011	0.2792279	0.3833974	0.1371448	0.0993414
3232988745.7953553	0.2503588	0.3046683	0.0796353	0.1292670	0.2239973	0.3462911	0.1058405	0.0876094	0.0924226	0.1418691	0.3236932	0.3401934	0.2792295	0.3833823	0.1371293	0.0993343
3232988745.8052435	0.2503448	0.3046687	0.0796141	0.1292896	0.2240261	0.3462810	0.1058264	0.0876106	0.0924298	0.1418553	0.3236905	0.3401946	0.2792131	0.3833781	0.1371110	0.0993423
3232988745.8151302	0.2503559	0.3046777	0.0796192	0.1293019	0.2240229	0.3462919	0.1058340	0.0876112	0.0924171	0.1418746	0.3236921	0.3402255	0.2792339	0.3833794	0.1371360	0.0993460
3232988745.8250184	0.2503541	0.3046697	0.0796253	0.1292912	0.2240156	0.3462764	0.1058378	0.0876021	0.0924094	0.1418473	0.3237053	0.3401924	0.2792243	0.3833911	0.1371465	0.0993540
3232988745.8349066	0.2503643	0.3046821	0.0796153	0.1293056	0.2240199	0.3462823	0.1058478	0.0875914	0.0924178	0.1418561	0.3236964	0.3401909	0.2792249	0.3834011	0.1371364	0.0993373
3232988745.8447947	0.2503548	0.3046592	0.0796123	0.1292951	0.2240086	0.3462839	0.1058350	0.0876253	0.0924284	0.1418596	0.3237013	0.3401923	0.2792214	0.3833888	0.1371451	0.0993552
3232988745.8546829	0.2503545	0.3046859	0.0796149	0.1292998	0.2240019	0.3462862	0.1058248	0.0876187	0.0924153	0.1418435	0.3237050	0.3401926	0.2792197	0.3833760	0.1371378	0.0993395
3232988745.8645711	0.2503687	0.3046664	0.0796180	0.1292875	0.2240246	0.3462846	0.1058430	0.0876102	0.0924053	0.1418590	0.3237011	0.3401947	0.2792021	0.3833885	0.1371304	0.0993604
3232988745.8744593	0.2503481	0.3046829	0.0796217	0.1293043	0.2240050	0.3462747	0.1058390	0.0876062	0.0924236	0.1418435	0.3236945	0.3402098	0.2792074	0.3833644	0.1371297	0.0993495
3232988745.8843474	0.2503741	0.3046936	0.0796249	0.1292954	0.2240122	0.3462864	0.1058318	0.0876097	0.0924046	0.1418387	0.3237218	0.3401943	0.2791954	0.3833692	0.1371469	0.0993272
3232988745.8942356	0.2503717	0.3046767	0.0796085	0.1293052	0.2240106	0.3462589	0.1058365	0.0876121	0.0924213	0.1418514	0.3236923	0.3401928	0.2792041	0.3833720	0.1371220	0.0993363
3232988745.9041238	0.2503653	0.3046615	0.0796059	0.1293044	0.2240293	0.3462786	0.1058480	0.0876271	0.0924206	0.1418587	0.3237001	0.3401920	0.2792095	0.3833694	0.1371314	0.0993348
3232988745.9140100	0.2503597	0.3046884	0.0796089	0.1293005	0.2240168	0.3462874	0.1058350	0.0876022	0.0924015	0.1418641	0.3237075	0.3402127	0.2792106	0.3833691	0.1371268	0.0993497
3232988745.9238982	0.2503488	0.3046684	0.0796115	0.1292906	0.2240199	0.3462686	0.1058286	0.0876057	0.0924252	0.1418670	0.3236964	0.3401833	0.2792134	0.3833695	0.1371318	0.0993478
3232988745.9337864	0.2503531	0.3046509	0.0796113	0.1292745	0.2240030	0.3462668	0.1058411	0.0876205	0.0924167	0.1418615	0.3237089	0.3401918	0.2792097	0.3833943	0.1371293	0.0993355
3232988745.9436746	0.2503535	0.3046525	0.0796278	0.1293193	0.2240394	0.3462715	0.1058416	0.0876141	0.0923971	0.1418379	0.3237072	0.3401891	0.2792068	0.3833791	0.1371385	0.0993418
3232988745.9535627	0.2503513	0.3046752	0.0796204	0.1292797	0.2240201	0.3462747	0.1058526	0.0876132	0.0924110	0.1418489	0.3237070	0.3402032	0.2792375	0.3833702	0.1371381	0.0993246
3232988745.9634509	0.2503564	0.3046575	0.0796155	0.1292722	0.2240144	0.3462779	0.1058317	0.0876113	0.0924249	0.1418578	0.3237152	0.3402047	0.2792154	0.3833792	0.1371418	0.0993580
3232988745.9733391	0.2503460	0.3046593	0.0796194	0.1293081	0.2240099	0.3462765	0.1058197	0.0876072	0.0924079	0.1418380	0.3236979	0.3401971	0.2792184	0.3833717	0.1371468	0.0993381
3232988745.9832273	0.2503638	0.3046555	0.0796331	0.1293123	0.2240283	0.3462781	0.1058324	0.0876100	0.0924133	0.1418745	0.3237160	0.3401941	0.2792039	0.3833745	0.1371288	0.0993493
3232988745.9931154	0.2503554	0.3046744	0.0796372	0.1292898	0.2240184	0.3462678	0.1058581	0.0876096	0.0924261	0.1418465	0.3237222	0.3402049	0.2792113	0.3833689	0.1371339	0.0993422
3232988746.0030036	0.2503624	0.3046711	0.0796179	0.1292819	0.2240295	0.3462654	0.1058452	0.0876234	0.0924193	0.1418593	0.3236922	0.3402103	0.2792140	0.3833753	0.1371441	0.0993410
3232988746.0128899	0.2503445	0.3046742	0.0796174	0.1292887	0.2240229	0.3462709	0.1058316	0.0876236	0.0924218	0.1418588	0.3237153	0.3402016	0.2792191	0.3833900	0.1371348	0.0993468
3232988746.0227780	0.2503552	0.3046647	0.0796156	0.1292833	0.2240128	0.3462550	0.1058469	0.0876104	0.0924142	0.1418566	0.3237069	0.3401836	0.2792454	0.3833650	0.1371281	0.0993537
3232988746.0326662	0.2503769	0.3046662	0.0796241	0.1293044	0.2240134	0.3462699	0.1058587	0.0876107	0.0924173	0.1418342	0.3236984	0.3401938	0.2792079	0.3833729	0.1371435	0.0993241
3232988746.0425544	0.2503601	0.3046612	0.0796331	0.1292871	0.2240259	0.3462681	0.1058469	0.0876190	0.0924155	0.1418449	0.3237124	0.3401982	0.2792188	0.3833724	0.1371450	0.0993491
3232988746.0524425	0.2503649	0.3046567	0.0796191	0.1292741	0.2240156	0.3462842	0.1058434	0.0876105	0.0924245	0.1418490	0.3237141	0.3401745	0.2792282	0.3833836	0.1371340	0.0993355
3232988746.0623307	0.2503467	0.3046667	0.0796320	0.1292924	0.2240330	0.3462900	0.1058346	0.0876011	0.0924153	0.1418599	0.3237224	0.3401917	0.2792234	0.3833680	0.1371237	0.0993274
3232988746.0722189	0.2503590	0.3046573	0.0796311	0.1292842	0.2240074	0.3462665	0.1058589	0.0876061	0.0924216	0.1418592	0.3237271	0.3401953	0.2792371	0.3833791	0.1371351	0.0993361
3232988746.0821071	0.2503555	0.3046691	0.0796172	0.1292761	0.2239952	0.3462677	0.1058331	0.0876092	0.0924317	0.1418588	0.3237117	0.3402017	0.2792220	0.3833609	0.1371335	0.0993583
3232988746.0919952	0.2503629	0.3046461	0.0796172	0.1292802	0.2240124	0.3462755	0.1058507	0.0875975	0.0924157	0.1418464	0.3236909	0.3402088	0.2792267	0.3833691	0.1371398	0.0993420
3232988746.1018834	0.2503591	0.3046572	0.0796374	0.1293035	0.2240141	0.3462754	0.1058348	0.0876059	0.0924231	0.1418289	0.3237093	0.3401909	0.2792113	0.3833750	0.1371321	0.0993390
3232988746.1117702	0.2503436	0.3046693	0.0796330	0.1292774	0.2240093	0.3462652	0.1058455	0.0876015	0.0924069	0.1418431	0.3237186	0.3401814	0.2792174	0.3833773	0.1371543	0.0993297
3232988746.1216583	0.2503454	0.3046734	0.0796101	0.1292813	0.2240068	0.3462577	0.1058358	0.0876187	0.0924230	0.1418566	0.3237064	0.3401803	0.2792103	0.3833670	0.1371288	0.0993356
3232988746.1315465	0.2503453	0.3046626	0.0796246	0.1292733	0.2240224	0.3462775	0.1058325	0.0876092	0.0924242	0.1418580	0.3237000	0.3401904	0.2792233	0.3833739	0.1371485	0.0993397
3232988746.1414347	0.2503641	0.3046347	0.0796099	0.1292795	0.2240282	0.3462413	0.1058559	0.0876187	0.0924217	0.1418616	0.3237166	0.3402064	0.2792303	0.3833766	0.1371425	0.0993456
3232988746.1513228	0.2503594	0.3046633	0.0796162	0.1292961	0.2240342	0.3462685	0.1058494	0.0876160	0.0924164	0.1418525	0.3237022	0.3401887	0.2792238	0.3833592	0.1371332	0.0993569
3232988746.1612110	0.2503663	0.3046627	0.0796208	0.1292837	0.2240165	0.3462659	0.1058660	0.0876062	0.0924241	0.1418650	0.3237107	0.3401916	0.2792236	0.3833803	0.1371297	0.0993339
3232988746.1710992	0.2503633	0.3046646	0.0796281	0.1292911	0.2240147	0.3462635	0.1058388	0.0876179	0.0924054	0.1418505	0.3237132	0.3401821	0.2792226	0.3833826	0.1371430	0.0993426
3232988746.1809874	0.2503560	0.3046535	0.0796170	0.1292823	0.2240254	0.3462540	0.1058247	0.0875888	0.0924009	0.1418554	0.3236954	0.3401902	0.2792081	0.3833772	0.1371353	0.0993361
3232988746.1908755	0.2503652	0.3046464	0.0796267	0.1292832	0.2240197	0.3462700	0.1058412	0.0876221	0.0924176	0.1418401	0.3237088	0.3401887	0.2792169	0.3833673	0.1371453	0.0993380
3232988746.2007637	0.2503540	0.3046568	0.0796079	0.1292984	0.2240286	0.3462767	0.1058389	0.0875990	0.0924057	0.1418622	0.3237199	0.3402191	0.2792251	0.3833778	0.1371437	0.0993426
