3232988467.9623299	0.2256244	0.3020796	0.0711636	0.1258541	0.0687274	0.1466398	0.2279797	0.2812948	0.0911780	0.1488016	0.3076875	0.3487186	0.0794089	0.1567439	0.3196508	0.3414803
3232988467.9722180	0.2256290	0.3020772	0.0711679	0.1258588	0.0687350	0.1466179	0.2279712	0.2812824	0.0911913	0.1488166	0.3076803	0.3487147	0.0794203	0.1567490	0.3196621	0.3414751
3232988467.9821062	0.2256099	0.3020898	0.0711426	0.1258586	0.0687163	0.1466115	0.2279662	0.2813091	0.0911950	0.1488063	0.3076891	0.3487305	0.0793991	0.1567511	0.3196621	0.3414549
3232988467.9919944	0.2256103	0.3020822	0.0711592	0.1258599	0.0687271	0.1466169	0.2279697	0.2812972	0.0911793	0.1488115	0.3076893	0.3487344	0.0794014	0.1567480	0.3196585	0.3414749
3232988468.0018826	0.2256096	0.3020950	0.0711669	0.1258758	0.0687312	0.1466428	0.2279774	0.2813275	0.0911891	0.1487954	0.3076848	0.3487297	0.0794152	0.1567405	0.3196560	0.3414824
3232988468.0117707	0.2256151	0.3020853	0.0711701	0.1258726	0.0687430	0.1466387	0.2279864	0.2813059	0.0911756	0.1488213	0.3076909	0.3487102	0.0794106	0.1567497	0.3196565	0.3414799
3232988468.0216589	0.2256251	0.3020736	0.0711762	0.1258739	0.0687345	0.1466370	0.2279590	0.2813051	0.0911789	0.1488169	0.3076621	0.3487236	0.0794018	0.1567730	0.3196372	0.3414938
3232988468.0315471	0.2256134	0.3020706	0.0711724	0.1258773	0.0687408	0.1466269	0.2279839	0.2812933	0.0911837	0.1488055	0.3076935	0.3487219	0.0793976	0.1567607	0.3196567	0.3414885
3232988468.0414352	0.2256036	0.3020783	0.0711824	0.1258548	0.0687434	0.1466265	0.2279608	0.2812886	0.0911871	0.1488197	0.3076686	0.3487314	0.0793853	0.1567569	0.3196597	0.3414693
3232988468.0513234	0.2256304	0.3020926	0.0711700	0.1258569	0.0687320	0.1466341	0.2279692	0.2812989	0.0911916	0.1488082	0.3076800	0.3487450	0.0794179	0.1567382	0.3196639	0.3414759
3232988468.0612102	0.2256146	0.3020970	0.0711686	0.1258670	0.0687402	0.1466433	0.2279658	0.2813066	0.0911928	0.1488196	0.3076956	0.3487374	0.0793862	0.1567528	0.3196591	0.3414811
3232988468.0710983	0.2256228	0.3020972	0.0711583	0.1258693	0.0687351	0.1466207	0.2279748	0.2813160	0.0911931	0.1488161	0.3076855	0.3487282	0.0793867	0.1567453	0.3196586	0.3414760
3232988468.0809865	0.2255985	0.3020905	0.0711516	0.1258542	0.0687264	0.1466521	0.2279750	0.2812871	0.0911818	0.1488070	0.3076829	0.3487382	0.0793888	0.1567584	0.3196513	0.3414819
3232988468.0908747	0.2256251	0.3021046	0.0711706	0.1258669	0.0687506	0.1466279	0.2279663	0.2813034	0.0911841	0.1488220	0.3076821	0.3487384	0.0793846	0.1567444	0.3196532	0.3414774
3232988468.1007628	0.2256253	0.3020931	0.0711497	0.1258684	0.0687356	0.1466399	0.2279501	0.2812989	0.0911802	0.1488117	0.3076777	0.3487400	0.0794076	0.1567283	0.3196756	0.3414995
3232988468.1106510	0.2256213	0.3020824	0.0711718	0.1258647	0.0687420	0.1466284	0.2279773	0.2813040	0.0911718	0.1488076	0.3076894	0.3487267	0.0793896	0.1567615	0.3196779	0.3414849
3232988468.1205392	0.2256258	0.3020948	0.0711510	0.1258575	0.0687485	0.1466412	0.2279803	0.2813053	0.0911807	0.1488030	0.3076905	0.3487505	0.0793955	0.1567519	0.3196585	0.3414783
3232988468.1304274	0.2256213	0.3020923	0.0711669	0.1258811	0.0687505	0.1466342	0.2279623	0.2813016	0.0911772	0.1488079	0.3076909	0.3487429	0.0793802	0.1567613	0.3196493	0.3414916
3232988468.1403155	0.2256357	0.3020747	0.0711608	0.1258573	0.0687422	0.1466221	0.2279559	0.2812977	0.0911795	0.1488244	0.3076867	0.3487361	0.0793820	0.1567496	0.3196509	0.3414884
3232988468.1502037	0.2256299	0.3020839	0.0711926	0.1258628	0.0687206	0.1466375	0.2279799	0.2813138	0.0911909	0.1488058	0.3076721	0.3487191	0.0793975	0.1567568	0.3196573	0.3414715
3232988468.1600900	0.2256230	0.3021096	0.0711769	0.1258665	0.0687613	0.1466376	0.2279706	0.2813186	0.0911741	0.1488102	0.3076898	0.3487327	0.0793939	0.1567410	0.3196625	0.3414813
3232988468.1699781	0.2256121	0.3021007	0.0711616	0.1258645	0.0687544	0.1466313	0.2279656	0.2813082	0.0911702	0.1488337	0.3076919	0.3487292	0.0793956	0.1567606	0.3196578	0.3414798
3232988468.1798663	0.2256179	0.3020838	0.0711664	0.1258725	0.0687305	0.1466370	0.2279726	0.2813199	0.0911877	0.1488192	0.3076926	0.3487404	0.0794185	0.1567419	0.3196589	0.3414898
3232988468.1897545	0.2256240	0.3021137	0.0711720	0.1258723	0.0687559	0.1466584	0.2279689	0.2812991	0.0911925	0.1488005	0.3076681	0.3487399	0.0793812	0.1567240	0.3196456	0.3414950
3232988468.1996427	0.2256116	0.3021132	0.0711475	0.1258591	0.0687302	0.1466447	0.2279558	0.2813016	0.0911865	0.1488121	0.3076810	0.3487645	0.0793874	0.1567395	0.3196615	0.3414830
3232988468.2095308	0.2256248	0.3020813	0.0711618	0.1258632	0.0687479	0.1466368	0.2279719	0.2812988	0.0911830	0.1488105	0.3076924	0.3487295	0.0794008	0.1567462	0.3196526	0.3414877
3232988468.2194190	0.2256217	0.3020945	0.0711596	0.1258584	0.0687471	0.1466449	0.2279822	0.2813022	0.0911742	0.1488193	0.3076955	0.3487528	0.0793897	0.1567494	0.3196673	0.3414762
3232988468.2293072	0.2256213	0.3020910	0.0711789	0.1258697	0.0687596	0.1466316	0.2279672	0.2813128	0.0911967	0.1488136	0.3077138	0.3487364	0.0794004	0.1567466	0.3196734	0.3414993
3232988468.2391953	0.2256136	0.3021104	0.0711540	0.1258444	0.0687360	0.1466482	0.2279760	0.2812967	0.0911756	0.1488215	0.3076845	0.3487285	0.0794124	0.1567382	0.3196571	0.3414701
3232988468.2490835	0.2256032	0.3020987	0.0711643	0.1258636	0.0687500	0.1466367	0.2279690	0.2812906	0.0911890	0.1488083	0.3076878	0.3487305	0.0793868	0.1567388	0.3196637	0.3414907
3232988468.2589703	0.2256304	0.3020869	0.0711812	0.1258528	0.0687488	0.1466430	0.2279924	0.2813148	0.0911985	0.1488203	0.3076872	0.3487476	0.0794052	0.1567540	0.3196569	0.3414930
3232988468.2688584	0.2256340	0.3021052	0.0711775	0.1258639	0.0687499	0.1466217	0.2279814	0.2812958	0.0911824	0.1488144	0.3076867	0.3487388	0.0793887	0.1567479	0.3196596	0.3414885
3232988468.2787466	0.2256237	0.3020826	0.0711579	0.1258794	0.0687310	0.1466302	0.2279676	0.2813220	0.0911900	0.1488242	0.3076836	0.3487351	0.0794081	0.1567481	0.3196437	0.3414830
3232988468.2886348	0.2256250	0.3020984	0.0711580	0.1258659	0.0687419	0.1466456	0.2279702	0.2812898	0.0912017	0.1488072	0.3076845	0.3487420	0.0793902	0.1567320	0.3196465	0.3414896
3232988468.2985229	0.2256123	0.3020973	0.0711535	0.1258805	0.0687184	0.1466310	0.2279691	0.2813054	0.0911945	0.1488280	0.3076723	0.3487338	0.0794156	0.1567679	0.3196557	0.3414852
3232988468.3084111	0.2256232	0.3020922	0.0711542	0.1258661	0.0687523	0.1466310	0.2279605	0.2813115	0.0911843	0.1488132	0.3076871	0.3487459	0.0794125	0.1567606	0.3196574	0.3414779
3232988468.3182993	0.2256208	0.3021130	0.0711881	0.1258666	0.0687377	0.1466459	0.2279710	0.2813168	0.0911762	0.1488107	0.3076906	0.3487183	0.0793871	0.1567439	0.3196584	0.3414793
3232988468.3281875	0.2256108	0.3020941	0.0711690	0.1258692	0.0687468	0.1466460	0.2279734	0.2813038	0.0911948	0.1488165	0.3076704	0.3487333	0.0793876	0.1567540	0.3196710	0.3414905
3232988468.3380756	0.2256159	0.3020826	0.0711743	0.1258715	0.0687295	0.1466490	0.2279589	0.2813196	0.0911841	0.1488141	0.3076851	0.3487326	0.0794094	0.1567415	0.3196634	0.3415050
3232988468.3479638	0.2255996	0.3020850	0.0711631	0.1258535	0.0687405	0.1466372	0.2279603	0.2813077	0.0911837	0.1488114	0.3076961	0.3487464	0.0793941	0.1567502	0.3196454	0.3414863
3232988468.3578501	0.2256217	0.3020955	0.0711727	0.1258627	0.0687436	0.1466478	0.2279761	0.2813111	0.0911817	0.1488222	0.3077013	0.3487312	0.0793973	0.1567624	0.3196854	0.3414830
3232988468.3677382	0.2256159	0.3020871	0.0711768	0.1258730	0.0687406	0.1466331	0.2279811	0.2813122	0.0911869	0.1488254	0.3076822	0.3487505	0.0794053	0.1567555	0.3196618	0.3414915
3232988468.3776264	0.2256204	0.3020901	0.0711741	0.1258846	0.0687355	0.1466342	0.2279859	0.2813096	0.0911955	0.1488173	0.3076943	0.3487279	0.0793906	0.1567589	0.3196516	0.3414863
3232988468.3875146	0.2256181	0.3021012	0.0711669	0.1258710	0.0687584	0.1466325	0.2279801	0.2813007	0.0911892	0.1488072	0.3076808	0.3487309	0.0794016	0.1567636	0.3196593	0.3414953
3232988468.3974028	0.2256121	0.3020799	0.0711556	0.1258616	0.0687567	0.1466396	0.2279754	0.2812811	0.0911823	0.1488085	0.3076858	0.3487244	0.0794048	0.1567275	0.3196772	0.3414828
3232988468.4072909	0.2256074	0.3021075	0.0711778	0.1258618	0.0687468	0.1466424	0.2279652	0.2813210	0.0912002	0.1488275	0.3076847	0.3487373	0.0794086	0.1567529	0.3196632	0.3414846
3232988468.4171791	0.2256319	0.3020965	0.0711644	0.1258800	0.0687305	0.1466343	0.2279603	0.2813074	0.0911801	0.1488193	0.3076875	0.3487175	0.0793964	0.1567485	0.3196468	0.3414882
3232988468.4270673	0.2256292	0.3021010	0.0711753	0.1258829	0.0687534	0.1466426	0.2279790	0.2813142	0.0911940	0.1488120	0.3076997	0.3487526	0.0793960	0.1567591	0.3196678	0.3414825
3232988468.4369554	0.2256210	0.3020926	0.0711771	0.1258816	0.0687313	0.1466341	0.2279716	0.2813017	0.0911845	0.1488077	0.3076878	0.3487227	0.0794024	0.1567851	0.3196673	0.3414919
3232988468.4468436	0.2256293	0.3020951	0.0711671	0.1258642	0.0687246	0.1466329	0.2279728	0.2813123	0.0911821	0.1488155	0.3076817	0.3487311	0.0793903	0.1567633	0.3196752	0.3414943
3232988468.4567299	0.2256225	0.3021193	0.0711527	0.1258781	0.0687670	0.1466441	0.2279849	0.2813132	0.0911852	0.1488138	0.3076846	0.3487457	0.0793958	0.1567473	0.3196594	0.3414873
3232988468.4666181	0.2256209	0.3020948	0.0711669	0.1258592	0.0687285	0.1466469	0.2279895	0.2813201	0.0912014	0.1488105	0.3076849	0.3487498	0.0794111	0.1567481	0.3196563	0.3414799
3232988468.4765062	0.2256351	0.3021001	0.0711656	0.1258799	0.0687629	0.1466501	0.2279950	0.2813135	0.0911927	0.1488308	0.3076936	0.3487388	0.0794025	0.1567335	0.3196650	0.3414991
3232988468.4863944	0.2256227	0.3021086	0.0711723	0.1258779	0.0687536	0.1466421	0.2279744	0.2813049	0.0911952	0.1488272	0.3076986	0.3487443	0.0794060	0.1567611	0.3196693	0.3414791
3232988468.4962826	0.2256390	0.3020976	0.0711480	0.1258642	0.0687587	0.1466413	0.2279842	0.2813264	0.0911907	0.1488127	0.3076950	0.3487238	0.0794071	0.1567626	0.3196810	0.3414930
3232988468.5061707	0.2256160	0.3020789	0.0711807	0.1258545	0.0687346	0.1466324	0.2279677	0.2813093	0.0911770	0.1488104	0.3077022	0.3487207	0.0794002	0.1567484	0.3196561	0.3414880
3232988468.5160589	0.2256059	0.3020995	0.0711597	0.1258819	0.0687402	0.1466361	0.2279769	0.2813019	0.0911958	0.1488294	0.3076985	0.3487396	0.0793968	0.1567291	0.3196640	0.3414993
3232988468.5259471	0.2256221	0.3021091	0.0711792	0.1258551	0.0687397	0.1466332	0.2279689	0.2813133	0.0911794	0.1488241	0.3076887	0.3487116	0.0794119	0.1567325	0.3196820	0.3414792
3232988468.5358353	0.2256363	0.3021069	0.0711785	0.1258501	0.0687413	0.1466215	0.2279825	0.2813142	0.0911931	0.1488335	0.3077083	0.3487289	0.0794096	0.1567366	0.3196698	0.3415004
3232988468.5457234	0.2256388	0.3020903	0.0711628	0.1258855	0.0687460	0.1466452	0.2279797	0.2813092	0.0911815	0.1488140	0.3076899	0.3487342	0.0794038	0.1567416	0.3196772	0.3414908
3232988468.5556102	0.2256397	0.3021146	0.0711868	0.1258472	0.0687425	0.1466426	0.2279968	0.2813057	0.0911937	0.1488132	0.3076754	0.3487510	0.0793984	0.1567544	0.3196437	0.3414977
3232988468.5654984	0.2256334	0.3021039	0.0711608	0.1258736	0.0687313	0.1466370	0.2279895	0.2813083	0.0911884	0.1488106	0.3076931	0.3487250	0.0793901	0.1567531	0.3196788	0.3414758
3232988468.5753865	0.2256429	0.3021084	0.0711629	0.1258672	0.0687419	0.1466454	0.2280025	0.2813215	0.0911970	0.1488233	0.3076855	0.3487368	0.0794079	0.1567304	0.3196789	0.3414924
3232988468.5852747	0.2256343	0.3020911	0.0711829	0.1258813	0.0687374	0.1466430	0.2279767	0.2813357	0.0911834	0.1488153	0.3076911	0.3487389	0.0794173	0.1567573	0.3196702	0.3414839
3232988468.5951629	0.2256401	0.3021025	0.0711590	0.1258887	0.0687413	0.1466286	0.2279705	0.2812965	0.0911812	0.1488249	0.3077062	0.3487309	0.0794163	0.1567429	0.3196774	0.3414949
3232988468.6050510	0.2256496	0.3021076	0.0711637	0.1258741	0.0687310	0.1466341	0.2279907	0.2813207	0.0912000	0.1488138	0.3076904	0.3487357	0.0794018	0.1567606	0.3196735	0.3414988
3232988468.6149392	0.2256397	0.3021030	0.0711603	0.1258610	0.0687431	0.1466284	0.2279800	0.2813056	0.0911969	0.1488063	0.3076954	0.3487205	0.0793985	0.1567496	0.3196947	0.3415033
3232988468.6248274	0.2256384	0.3020974	0.0711591	0.1258688	0.0687216	0.1466530	0.2279738	0.2812978	0.0912021	0.1488037	0.3076877	0.3487148	0.0794159	0.1567541	0.3196757	0.3414842
3232988468.6347156	0.2256350	0.3020963	0.0711702	0.1258521	0.0687380	0.1466472	0.2279898	0.2813058	0.0911992	0.1488103	0.3077346	0.3487298	0.0793995	0.1567429	0.3196915	0.3414995
3232988468.6446037	0.2256444	0.3021029	0.0711706	0.1258741	0.0687539	0.1466392	0.2279943	0.2813273	0.0912000	0.1488231	0.3077021	0.3487327	0.0793855	0.1567528	0.3196773	0.3414847
3232988468.6544900	0.2256222	0.3021094	0.0711728	0.1258675	0.0687486	0.1466464	0.2279793	0.2813091	0.0912035	0.1488189	0.3076834	0.3487271	0.0794012	0.1567450	0.3196663	0.3414844
3232988468.6643782	0.2256428	0.3021061	0.0711732	0.1258766	0.0687454	0.1466391	0.2280023	0.2813135	0.0911772	0.1488224	0.3077187	0.3487279	0.0794159	0.1567626	0.3196630	0.3415064
3232988468.6742663	0.2256509	0.3020939	0.0711593	0.1258709	0.0687389	0.1466466	0.2279931	0.2813126	0.0911911	0.1488158	0.3077021	0.3487356	0.0793853	0.1567566	0.3197043	0.3414772
3232988468.6841545	0.2256353	0.3020918	0.0711684	0.1258700	0.0687388	0.1466206	0.2279687	0.2813315	0.0911712	0.1488127	0.3076854	0.3487377	0.0794037	0.1567512	0.3196684	0.3414809
3232988468.6940427	0.2256373	0.3020939	0.0711667	0.1258778	0.0687531	0.1466497	0.2279993	0.2813150	0.0912023	0.1488119	0.3077013	0.3487345	0.0793967	0.1567562	0.3196679	0.3414927
3232988468.7039309	0.2256358	0.3020845	0.0711579	0.1258665	0.0687482	0.1466439	0.2279812	0.2813077	0.0911968	0.1488163	0.3077029	0.3487367	0.0794001	0.1567432	0.3196831	0.3414994
3232988468.7138190	0.2256321	0.3020955	0.0711601	0.1258468	0.0687373	0.1466533	0.2279953	0.2813129	0.0911877	0.1487863	0.3076966	0.3487359	0.0794160	0.1567597	0.3196782	0.3414831
3232988468.7237072	0.2256204	0.3021099	0.0711626	0.1258467	0.0687432	0.1466225	0.2279750	0.2812952	0.0911805	0.1488147	0.3077017	0.3487192	0.0794111	0.1567471	0.3196952	0.3414813
3232988468.7335954	0.2256503	0.3020910	0.0711781	0.1258730	0.0687321	0.1466442	0.2279826	0.2813038	0.0911872	0.1488120	0.3076972	0.3487225	0.0794071	0.1567520	0.3196626	0.3414725
3232988468.7434835	0.2256255	0.3021092	0.0711775	0.1258855	0.0687450	0.1466269	0.2279974	0.2813149	0.0911997	0.1488166	0.3077100	0.3487326	0.0794011	0.1567559	0.3196753	0.3414744
3232988468.7533703	0.2256500	0.3021032	0.0711639	0.1258733	0.0687344	0.1466310	0.2279725	0.2813093	0.0911929	0.1488003	0.3077069	0.3487417	0.0793954	0.1567352	0.3196847	0.3414657
3232988468.7632585	0.2256277	0.3020942	0.0711727	0.1258778	0.0687317	0.1466325	0.2279880	0.2812999	0.0911894	0.1488079	0.3076912	0.3487394	0.0793916	0.1567417	0.3196922	0.3414799
3232988468.7731466	0.2256179	0.3020804	0.0711684	0.1258673	0.0687447	0.1466496	0.2279926	0.2812969	0.0911883	0.1488231	0.3077037	0.3487183	0.0793915	0.1567688	0.3196687	0.3414645
3232988468.7830348	0.2256262	0.3020928	0.0711757	0.1258685	0.0687462	0.1466139	0.2279853	0.2813209	0.0912017	0.1488211	0.3077125	0.3487413	0.0794040	0.1567461	0.3196873	0.3414928
3232988468.7929230	0.2256421	0.3020890	0.0711750	0.1258667	0.0687411	0.1466344	0.2279989	0.2813163	0.0912041	0.1488061	0.3077140	0.3487346	0.0794002	0.1567432	0.3196673	0.3414625
3232988468.8028111	0.2256483	0.3020977	0.0711576	0.1258704	0.0687551	0.1466359	0.2279923	0.2812987	0.0911942	0.1488130	0.3077115	0.3487581	0.0794183	0.1567619	0.3196830	0.3414621
3232988468.8126993	0.2256411	0.3021031	0.0711786	0.1258592	0.0687400	0.1466230	0.2279808	0.2813016	0.0911920	0.1487925	0.3076942	0.3487220	0.0794144	0.1567555	0.3196734	0.3414731
3232988468.8225875	0.2256328	0.3020875	0.0711623	0.1258765	0.0687476	0.1466149	0.2279903	0.2812839	0.0911942	0.1488164	0.3076995	0.3487376	0.0794043	0.1567405	0.3196784	0.3414853
3232988468.8324757	0.2256230	0.3020876	0.0711445	0.1258705	0.0687282	0.1466332	0.2279820	0.2813152	0.0911949	0.1488051	0.3077065	0.3487434	0.0794125	0.1567495	0.3196880	0.3414759
3232988468.8423638	0.2256435	0.3020783	0.0711845	0.1258712	0.0687579	0.1466256	0.2279791	0.2813152	0.0911905	0.1488172	0.3077094	0.3487286	0.0794001	0.1567397	0.3196923	0.3414830
3232988468.8522501	0.2256430	0.3020938	0.0711863	0.1258674	0.0687427	0.1466250	0.2279937	0.2813075	0.0912113	0.1488046	0.3077051	0.3487508	0.0794100	0.1567434	0.3196808	0.3414916
3232988468.8621383	0.2256291	0.3020930	0.0711741	0.1258854	0.0687446	0.1466320	0.2279983	0.2813068	0.0912022	0.1488067	0.3077006	0.3487222	0.0794253	0.1567542	0.3196934	0.3414843
3232988468.8720264	0.2256198	0.3020972	0.0711700	0.1258617	0.0687356	0.1466313	0.2279806	0.2813076	0.0912113	0.1488175	0.3076923	0.3487314	0.0794250	0.1567575	0.3196919	0.3414656
3232988468.8819146	0.2256348	0.3020857	0.0711771	0.1258624	0.0687499	0.1466137	0.2279872	0.2813005	0.0911968	0.1487969	0.3077229	0.3487387	0.0794198	0.1567400	0.3196808	0.3414904
3232988468.8918028	0.2256406	0.3021023	0.0711686	0.1258643	0.0687498	0.1466268	0.2279864	0.2813101	0.0911958	0.1488095	0.3077040	0.3487227	0.0794073	0.1567594	0.3196967	0.3414820
3232988468.9016910	0.2256499	0.3020901	0.0712024	0.1258455	0.0687447	0.1466307	0.2279896	0.2813014	0.0911737	0.1488017	0.3077378	0.3487175	0.0794143	0.1567321	0.3196880	0.3414893
3232988468.9115791	0.2256621	0.3021003	0.0711665	0.1258578	0.0687461	0.1466504	0.2280017	0.2813094	0.0912150	0.1488205	0.3077002	0.3487197	0.0794167	0.1567621	0.3196853	0.3414601
3232988468.9214673	0.2256346	0.3020938	0.0711679	0.1258628	0.0687497	0.1466417	0.2280038	0.2812965	0.0911984	0.1487999	0.3077098	0.3487132	0.0794029	0.1567388	0.3196737	0.3414657
3232988468.9313555	0.2256337	0.3020778	0.0711556	0.1258646	0.0687424	0.1466296	0.2279946	0.2812926	0.0911764	0.1488248	0.3077147	0.3487092	0.0794144	0.1567545	0.3196777	0.3414740
3232988468.9412436	0.2256407	0.3020815	0.0711800	0.1258767	0.0687405	0.1466211	0.2279777	0.2812918	0.0911965	0.1488027	0.3077060	0.3487348	0.0794056	0.1567397	0.3196899	0.3414764
3232988468.9511299	0.2256420	0.3021060	0.0711769	0.1258688	0.0687359	0.1466307	0.2280018	0.2812951	0.0911956	0.1487999	0.3077001	0.3487113	0.0794070	0.1567452	0.3196852	0.3414718
3232988468.9610181	0.2256260	0.3020774	0.0711919	0.1258694	0.0687386	0.1466285	0.2279783	0.2813065	0.0911953	0.1488283	0.3077233	0.3487364	0.0794044	0.1567264	0.3196830	0.3414686
3232988468.9709063	0.2256402	0.3021013	0.0711592	0.1258596	0.0687322	0.1466429	0.2280166	0.2813110	0.0912010	0.1487934	0.3077039	0.3487196	0.0794247	0.1567377	0.3197006	0.3414676
3232988468.9807944	0.2256312	0.3020745	0.0711416	0.1258701	0.0687535	0.1466259	0.2279934	0.2812911	0.0912021	0.1488017	0.3077173	0.3487049	0.0794119	0.1567425	0.3196884	0.3414770
3232988468.9906826	0.2256383	0.3020914	0.0711686	0.1258523	0.0687346	0.1466259	0.2279896	0.2812965	0.0912070	0.1488095	0.3077166	0.3487236	0.0794141	0.1567388	0.3196945	0.3414645
3232988469.0005708	0.2256547	0.3020773	0.0711868	0.1258732	0.0687434	0.1466278	0.2280086	0.2812999	0.0912023	0.1487979	0.3077294	0.3487384	0.0794136	0.1567558	0.3196825	0.3414873
3232988469.0104589	0.2256432	0.3020812	0.0711919	0.1258563	0.0687541	0.1466357	0.2280030	0.2813150	0.0911774	0.1488072	0.3077276	0.3487064	0.0794194	0.1567377	0.3196875	0.3414619
3232988469.0203471	0.2256519	0.3020925	0.0711672	0.1258710	0.0687511	0.1466348	0.2279992	0.2812942	0.0911833	0.1488156	0.3076983	0.3487295	0.0794218	0.1567326	0.3196550	0.3414906
3232988469.0302353	0.2256342	0.3020913	0.0711829	0.1258582	0.0687361	0.1466343	0.2279834	0.2813112	0.0911960	0.1488038	0.3077360	0.3487224	0.0794167	0.1567494	0.3196789	0.3414852
3232988469.0401235	0.2256333	0.3020754	0.0711891	0.1258782	0.0687161	0.1466308	0.2280014	0.2812847	0.0912072	0.1488154	0.3077028	0.3487110	0.0794069	0.1567483	0.3196978	0.3414531
3232988469.0500102	0.2256592	0.3020941	0.0711702	0.1258620	0.0687352	0.1466317	0.2279927	0.2812878	0.0911887	0.1488036	0.3077184	0.3487286	0.0793955	0.1567425	0.3197051	0.3414528
3232988469.0598984	0.2256429	0.3020814	0.0711763	0.1258649	0.0687546	0.1466296	0.2279939	0.2812930	0.0912082	0.1487999	0.3077092	0.3487207	0.0794202	0.1567571	0.3196877	0.3414863
3232988469.0697865	0.2256416	0.3020998	0.0711932	0.1258599	0.0687381	0.1466197	0.2280029	0.2812940	0.0911963	0.1488053	0.3077357	0.3487150	0.0794103	0.1567494	0.3196817	0.3414798
3232988469.0796747	0.2256419	0.3020875	0.0711662	0.1258773	0.0687498	0.1466233	0.2279978	0.2813016	0.0911763	0.1488050	0.3077221	0.3487229	0.0794195	0.1567440	0.3196872	0.3414911
3232988469.0895629	0.2256443	0.3020878	0.0711753	0.1258655	0.0687310	0.1466280	0.2279879	0.2812984	0.0911780	0.1488146	0.3077268	0.3487235	0.0794179	0.1567267	0.3196812	0.3414905
3232988469.0994511	0.2256518	0.3020690	0.0711716	0.1258629	0.0687507	0.1466209	0.2279805	0.2813103	0.0911987	0.1488082	0.3077212	0.3487238	0.0794145	0.1567357	0.3196914	0.3414610
3232988469.1093392	0.2256527	0.3020956	0.0711748	0.1258592	0.0687412	0.1466343	0.2280017	0.2812786	0.0911982	0.1488029	0.3077332	0.3486986	0.0794020	0.1567551	0.3196875	0.3414681
3232988469.1192274	0.2256393	0.3020899	0.0711901	0.1258878	0.0687520	0.1466199	0.2279970	0.2813035	0.0911900	0.1488116	0.3077064	0.3487180	0.0794168	0.1567274	0.3196940	0.3414661
3232988469.1291156	0.2256606	0.3020762	0.0711874	0.1258695	0.0687445	0.1466238	0.2280129	0.2812905	0.0911894	0.1488176	0.3077456	0.3487197	0.0793980	0.1567348	0.3197047	0.3414722
3232988469.1390038	0.2256635	0.3020728	0.0711778	0.1258673	0.0687399	0.1466203	0.2280028	0.2813141	0.0912051	0.1487850	0.3077264	0.3487156	0.0794220	0.1567426	0.3196862	0.3414757
3232988469.1488900	0.2256594	0.3020794	0.0711651	0.1258639	0.0687240	0.1466260	0.2279957	0.2812894	0.0912163	0.1488069	0.3077285	0.3487308	0.0794143	0.1567289	0.3197072	0.3414696
3232988469.1587782	0.2256475	0.3020679	0.0711790	0.1258719	0.0687544	0.1466291	0.2280036	0.2812877	0.0912196	0.1488206	0.3077193	0.3487067	0.0794215	0.1567344	0.3196943	0.3414955
3232988469.1686664	0.2256645	0.3020798	0.0711792	0.1258632	0.0687455	0.1466309	0.2280115	0.2812984	0.0911947	0.1488043	0.3077418	0.3487177	0.0794029	0.1567374	0.3196991	0.3414572
3232988469.1785545	0.2256579	0.3020864	0.0711727	0.1258537	0.0687524	0.1466141	0.2280289	0.2812950	0.0912230	0.1488078	0.3077425	0.3487305	0.0794189	0.1567523	0.3196960	0.3414821
3232988469.1884427	0.2256477	0.3020788	0.0711806	0.1258749	0.0687421	0.1466138	0.2280205	0.2812918	0.0912047	0.1488002	0.3077425	0.3487272	0.0794178	0.1567504	0.3197090	0.3414717
3232988469.1983309	0.2256446	0.3020749	0.0711592	0.1258651	0.0687404	0.1465949	0.2280231	0.2812882	0.0911938	0.1487938	0.3077443	0.3487133	0.0794013	0.1567365	0.3196991	0.3414677
3232988469.2082190	0.2256570	0.3020843	0.0711737	0.1258544	0.0687465	0.1466297	0.2280054	0.2812896	0.0912034	0.1488017	0.3077068	0.3487297	0.0794009	0.1567351	0.3196863	0.3414784
3232988469.2181072	0.2256443	0.3020891	0.0711904	0.1258674	0.0687559	0.1466167	0.2280135	0.2812907	0.0912010	0.1488269	0.3077246	0.3487180	0.0794053	0.1567408	0.3197168	0.3414747
3232988469.2279954	0.2256596	0.3020769	0.0711938	0.1258491	0.0687628	0.1466208	0.2280146	0.2813004	0.0911930	0.1488105	0.3077220	0.3487082	0.0794261	0.1567326	0.3197023	0.3414764
3232988469.2378836	0.2256458	0.3020706	0.0711785	0.1258716	0.0687285	0.1466429	0.2280139	0.2812775	0.0911798	0.1487952	0.3077420	0.3487182	0.0794106	0.1567333	0.3197159	0.3414712
3232988469.2477703	0.2256475	0.3020701	0.0711797	0.1258620	0.0687460	0.1466250	0.2280052	0.2812964	0.0911884	0.1488114	0.3077112	0.3487237	0.0794212	0.1567505	0.3197198	0.3414427
3232988469.2576585	0.2256344	0.3020676	0.0711592	0.1258591	0.0687625	0.1466042	0.2280043	0.2813033	0.0912007	0.1487831	0.3077298	0.3487140	0.0794004	0.1567454	0.3197039	0.3414742
3232988469.2675467	0.2256687	0.3020672	0.0711707	0.1258492	0.0687411	0.1466286	0.2280091	0.2812901	0.0912024	0.1488090	0.3077433	0.3487044	0.0794029	0.1567422	0.3197034	0.3414677
3232988469.2774348	0.2256526	0.3020707	0.0711678	0.1258595	0.0687505	0.1466280	0.2279988	0.2812874	0.0912023	0.1488167	0.3077464	0.3487165	0.0793877	0.1567505	0.3197245	0.3414600
3232988469.2873230	0.2256402	0.3020752	0.0711836	0.1258747	0.0687619	0.1466374	0.2280089	0.2813021	0.0912082	0.1488026	0.3077417	0.3487222	0.0794190	0.1567585	0.3197246	0.3414537
3232988469.2972112	0.2256426	0.3020658	0.0711667	0.1258703	0.0687340	0.1466217	0.2280324	0.2812822	0.0912013	0.1488069	0.3077330	0.3486992	0.0794160	0.1567296	0.3196946	0.3414641
3232988469.3070993	0.2256467	0.3020794	0.0711871	0.1258677	0.0687351	0.1466037	0.2280149	0.2812973	0.0911921	0.1487948	0.3077349	0.3487104	0.0794127	0.1567315	0.3197052	0.3414595
3232988469.3169875	0.2256382	0.3020738	0.0711632	0.1258552	0.0687471	0.1466248	0.2280093	0.2812867	0.0911876	0.1488000	0.3077277	0.3487126	0.0794108	0.1567428	0.3197095	0.3414579
3232988469.3268757	0.2256490	0.3020769	0.0711849	0.1258533	0.0687593	0.1466371	0.2280185	0.2812782	0.0912054	0.1487935	0.3077238	0.3487142	0.0794193	0.1567325	0.3197120	0.3414565
3232988469.3367639	0.2256474	0.3020497	0.0711927	0.1258465	0.0687528	0.1466130	0.2280125	0.2812857	0.0912014	0.1487876	0.3077329	0.3487010	0.0794227	0.1567376	0.3197365	0.3414551
3232988469.3466501	0.2256466	0.3020705	0.0711802	0.1258709	0.0687523	0.1466388	0.2280315	0.2812787	0.0912063	0.1488148	0.3077258	0.3487050	0.0794137	0.1567338	0.3197024	0.3414571
3232988469.3565383	0.2256705	0.3020589	0.0711672	0.1258615	0.0687540	0.1466207	0.2279967	0.2812985	0.0912133	0.1487945	0.3077435	0.3486952	0.0794349	0.1567500	0.3197172	0.3414581
3232988469.3664265	0.2256640	0.3020712	0.0711659	0.1258543	0.0687409	0.1466116	0.2280054	0.2812936	0.0911933	0.1487920	0.3077315	0.3487082	0.0794098	0.1567392	0.3196943	0.3414518
3232988469.3763146	0.2256792	0.3020779	0.0711755	0.1258657	0.0687649	0.1466274	0.2280013	0.2812867	0.0911857	0.1487976	0.3077252	0.3486998	0.0794351	0.1567333	0.3197092	0.3414657
3232988469.3862028	0.2256565	0.3020713	0.0711770	0.1258497	0.0687523	0.1466421	0.2280205	0.2812838	0.0911979	0.1488058	0.3077286	0.3487188	0.0794146	0.1567397	0.3197178	0.3414505
3232988469.3960910	0.2256578	0.3020663	0.0711854	0.1258625	0.0687795	0.1466198	0.2280099	0.2812871	0.0911996	0.1487881	0.3077456	0.3487125	0.0794152	0.1567343	0.3197087	0.3414512
3232988469.4059792	0.2256743	0.3020776	0.0711784	0.1258381	0.0687446	0.1466147	0.2280097	0.2812811	0.0912139	0.1488045	0.3077320	0.3486994	0.0794090	0.1567262	0.3197168	0.3414527
3232988469.4158673	0.2256535	0.3020742	0.0711748	0.1258578	0.0687539	0.1466236	0.2280178	0.2812777	0.0912042	0.1487996	0.3077512	0.3486955	0.0794100	0.1567325	0.3197098	0.3414551
3232988469.4257555	0.2256670	0.3020582	0.0711963	0.1258488	0.0687389	0.1466157	0.2279904	0.2812855	0.0911960	0.1488113	0.3077366	0.3487078	0.0794138	0.1567247	0.3197157	0.3414512
3232988469.4356437	0.2256659	0.3020590	0.0711897	0.1258447	0.0687569	0.1466128	0.2280190	0.2812732	0.0912131	0.1487940	0.3077354	0.3486825	0.0794098	0.1567320	0.3197008	0.3414602
3232988469.4455299	0.2256710	0.3020634	0.0711904	0.1258620	0.0687484	0.1466257	0.2280232	0.2812721	0.0911880	0.1487998	0.3077377	0.3487033	0.0794252	0.1567412	0.3197132	0.3414490
3232988469.4554181	0.2256642	0.3020702	0.0711763	0.1258628	0.0687567	0.1466311	0.2279790	0.2812750	0.0911891	0.1488004	0.3077461	0.3487021	0.0794280	0.1567402	0.3196843	0.3414440
3232988469.4653063	0.2256798	0.3020567	0.0711645	0.1258570	0.0687694	0.1466310	0.2280148	0.2812871	0.0911910	0.1487835	0.3077091	0.3487047	0.0794062	0.1567474	0.3197115	0.3414536
3232988469.4751945	0.2256595	0.3020508	0.0711546	0.1258562	0.0687617	0.1466104	0.2280092	0.2812658	0.0912095	0.1487868	0.3077332	0.3486758	0.0794154	0.1567261	0.3197178	0.3414391
3232988469.4850826	0.2256647	0.3020551	0.0711733	0.1258434	0.0687563	0.1466065	0.2280113	0.2812800	0.0911992	0.1487978	0.3077294	0.3487111	0.0794351	0.1567182	0.3197233	0.3414352
3232988469.4949708	0.2256679	0.3020565	0.0711689	0.1258503	0.0687604	0.1466286	0.2280025	0.2812729	0.0911983	0.1487909	0.3077470	0.3486950	0.0794117	0.1567192	0.3197131	0.3414542
3232988469.5048590	0.2256763	0.3020384	0.0711765	0.1258475	0.0687715	0.1466236	0.2280190	0.2812712	0.0912208	0.1488049	0.3077317	0.3486896	0.0794036	0.1567342	0.3196878	0.3414463
3232988469.5147471	0.2256591	0.3020557	0.0711865	0.1258503	0.0687508	0.1466298	0.2279997	0.2812642	0.0912048	0.1488034	0.3077188	0.3486683	0.0794181	0.1567332	0.3197034	0.3414379
3232988469.5246353	0.2256603	0.3020596	0.0711804	0.1258374	0.0687481	0.1466285	0.2279882	0.2812785	0.0911956	0.1487863	0.3077341	0.3486736	0.0794126	0.1567379	0.3197066	0.3414378
3232988469.5345235	0.2256734	0.3020499	0.0711912	0.1258585	0.0687634	0.1466240	0.2280168	0.2812589	0.0912143	0.1487992	0.3077420	0.3486737	0.0794128	0.1567210	0.3197117	0.3414491
3232988469.5444102	0.2256674	0.3020483	0.0711966	0.1258630	0.0687583	0.1466210	0.2280002	0.2812791	0.0912032	0.1487834	0.3077343	0.3486976	0.0794152	0.1567254	0.3197051	0.3414490
3232988469.5542984	0.2256559	0.3020578	0.0711883	0.1258464	0.0687541	0.1466119	0.2279853	0.2812795	0.0912084	0.1487820	0.3077437	0.3486929	0.0793960	0.1567315	0.3197300	0.3414373
3232988469.5641866	0.2256569	0.3020521	0.0711918	0.1258449	0.0687524	0.1466040	0.2280172	0.2812698	0.0912093	0.1487769	0.3077418	0.3486843	0.0794312	0.1567143	0.3196995	0.3414284
3232988469.5740747	0.2256388	0.3020562	0.0711773	0.1258610	0.0687494	0.1466178	0.2280243	0.2812864	0.0911927	0.1487811	0.3077356	0.3486885	0.0794335	0.1567349	0.3197013	0.3414321
3232988469.5839629	0.2256460	0.3020577	0.0711737	0.1258511	0.0687528	0.1466045	0.2280078	0.2812650	0.0912078	0.1487939	0.3077350	0.3486811	0.0794298	0.1567289	0.3197156	0.3414552
3232988469.5938511	0.2256885	0.3020484	0.0711833	0.1258476	0.0687538	0.1466247	0.2280188	0.2812685	0.0911986	0.1488006	0.3077468	0.3486625	0.0794106	0.1567276	0.3197145	0.3414483
3232988469.6037393	0.2256907	0.3020530	0.0711935	0.1258437	0.0687584	0.1466100	0.2280289	0.2812637	0.0911799	0.1487762	0.3077371	0.3486754	0.0794081	0.1567292	0.3197171	0.3414327
3232988469.6136274	0.2256502	0.3020428	0.0711779	0.1258547	0.0687586	0.1466169	0.2280138	0.2812620	0.0912015	0.1487747	0.3077456	0.3486698	0.0794052	0.1567146	0.3197201	0.3414252
3232988469.6235156	0.2256502	0.3020653	0.0711809	0.1258492	0.0687572	0.1465974	0.2280137	0.2812555	0.0912043	0.1488031	0.3077467	0.3486850	0.0794134	0.1567264	0.3197160	0.3414347
3232988469.6334038	0.2256460	0.3020480	0.0711729	0.1258733	0.0687421	0.1465942	0.2280134	0.2812634	0.0912094	0.1487789	0.3077359	0.3486804	0.0794104	0.1567407	0.3197143	0.3414275
3232988469.6432900	0.2256731	0.3020602	0.0711662	0.1258277	0.0687398	0.1466276	0.2279999	0.2812525	0.0911927	0.1487863	0.3077427	0.3486561	0.0794146	0.1567331	0.3197184	0.3414300
3232988469.6531782	0.2256570	0.3020520	0.0711770	0.1258503	0.0687390	0.1466121	0.2280213	0.2812723	0.0912041	0.1487985	0.3077439	0.3486820	0.0794053	0.1567225	0.3197198	0.3414360
3232988469.6630664	0.2256600	0.3020370	0.0711887	0.1258382	0.0687565	0.1466230	0.2280065	0.2812675	0.0912094	0.1487909	0.3077352	0.3486817	0.0794050	0.1567248	0.3197132	0.3414268
3232988469.6729546	0.2256642	0.3020484	0.0711776	0.1258321	0.0687424	0.1466058	0.2279936	0.2812572	0.0911868	0.1487839	0.3077411	0.3486651	0.0794266	0.1567428	0.3197052	0.3414023
3232988469.6828427	0.2256645	0.3020323	0.0711691	0.1258365	0.0687588	0.1466088	0.2280169	0.2812532	0.0911966	0.1487758	0.3077462	0.3486780	0.0794156	0.1567217	0.3197156	0.3414194
3232988469.6927309	0.2256541	0.3020386	0.0711952	0.1258477	0.0687425	0.1466055	0.2280053	0.2812644	0.0911979	0.1488111	0.3077382	0.3486686	0.0794136	0.1567174	0.3197082	0.3414380
3232988469.7026191	0.2256682	0.3020405	0.0711723	0.1258507	0.0687519	0.1466122	0.2280155	0.2812619	0.0911861	0.1487639	0.3077381	0.3486639	0.0794150	0.1567166	0.3197012	0.3413958
3232988469.7125072	0.2256403	0.3020479	0.0711873	0.1258525	0.0687538	0.1466260	0.2280151	0.2812719	0.0912050	0.1487874	0.3077331	0.3486565	0.0794310	0.1567304	0.3197141	0.3414045
3232988469.7223954	0.2256615	0.3020275	0.0711898	0.1258406	0.0687617	0.1466132	0.2280265	0.2812471	0.0912035	0.1488067	0.3077272	0.3486603	0.0794128	0.1567171	0.3197045	0.3414162
3232988469.7322836	0.2256731	0.3020297	0.0711894	0.1258491	0.0687372	0.1466112	0.2279965	0.2812636	0.0911923	0.1487853	0.3077486	0.3486663	0.0794083	0.1567342	0.3197183	0.3414147
3232988469.7421703	0.2256385	0.3020317	0.0711684	0.1258581	0.0687546	0.1465911	0.2280182	0.2812732	0.0911940	0.1487859	0.3077471	0.3486711	0.0794194	0.1567098	0.3197367	0.3414255
3232988469.7520585	0.2256420	0.3020331	0.0711879	0.1258513	0.0687571	0.1466047	0.2280094	0.2812586	0.0912024	0.1487766	0.3077355	0.3486640	0.0794136	0.1567086	0.3197303	0.3414034
3232988469.7619467	0.2256562	0.3020365	0.0711792	0.1258445	0.0687361	0.1466131	0.2280135	0.2812462	0.0911918	0.1487880	0.3077273	0.3486737	0.0794347	0.1567107	0.3197240	0.3414176
3232988469.7718348	0.2256784	0.3020298	0.0711888	0.1258364	0.0687538	0.1465993	0.2280104	0.2812547	0.0911973	0.1487788	0.3077353	0.3486623	0.0794039	0.1567269	0.3197323	0.3414080
3232988469.7817230	0.2256758	0.3020347	0.0711838	0.1258406	0.0687381	0.1466144	0.2280223	0.2812624	0.0912073	0.1487844	0.3077318	0.3486320	0.0794134	0.1567085	0.3197137	0.3414165
3232988469.7916112	0.2256570	0.3020333	0.0711936	0.1258479	0.0687435	0.1466016	0.2279953	0.2812412	0.0911949	0.1487734	0.3077346	0.3486681	0.0794052	0.1567335	0.3197221	0.3414260
3232988469.8014994	0.2256530	0.3020285	0.0711759	0.1258543	0.0687514	0.1465928	0.2280223	0.2812497	0.0911952	0.1487773	0.3077362	0.3486518	0.0794260	0.1567066	0.3197210	0.3414213
3232988469.8113875	0.2256676	0.3020295	0.0711841	0.1258369	0.0687653	0.1466053	0.2280279	0.2812496	0.0912010	0.1487842	0.3077371	0.3486687	0.0794384	0.1567075	0.3197141	0.3414073
3232988469.8212757	0.2256516	0.3020270	0.0711782	0.1258317	0.0687566	0.1466056	0.2280070	0.2812254	0.0912120	0.1487798	0.3077389	0.3486721	0.0794066	0.1567159	0.3196970	0.3414133
3232988469.8311639	0.2256611	0.3020253	0.0711845	0.1258534	0.0687612	0.1465839	0.2279951	0.2812377	0.0911990	0.1487699	0.3077615	0.3486640	0.0794091	0.1567113	0.3197202	0.3413939
3232988469.8410501	0.2256511	0.3020329	0.0711707	0.1258528	0.0687524	0.1466074	0.2280175	0.2812496	0.0912069	0.1487642	0.3077385	0.3486474	0.0794026	0.1566978	0.3197319	0.3413978
3232988469.8509383	0.2256697	0.3020262	0.0711830	0.1258371	0.0687662	0.1466119	0.2280237	0.2812293	0.0911881	0.1487781	0.3077417	0.3486408	0.0794137	0.1567131	0.3197241	0.3414037
3232988469.8608265	0.2256761	0.3020198	0.0711681	0.1258266	0.0687509	0.1465909	0.2280160	0.2812460	0.0912018	0.1487770	0.3077505	0.3486576	0.0794212	0.1567225	0.3197040	0.3414239
3232988469.8707147	0.2256804	0.3020136	0.0711816	0.1258346	0.0687466	0.1465956	0.2280087	0.2812348	0.0912039	0.1487747	0.3077582	0.3486604	0.0793987	0.1567025	0.3197211	0.3414074
3232988469.8806028	0.2256719	0.3020215	0.0711689	0.1258457	0.0687530	0.1465977	0.2280179	0.2812391	0.0912050	0.1487768	0.3077511	0.3486329	0.0794118	0.1567175	0.3197054	0.3414070
3232988469.8904910	0.2256566	0.3020114	0.0711785	0.1258419	0.0687547	0.1466005	0.2280193	0.2812316	0.0912057	0.1487685	0.3077475	0.3486493	0.0794103	0.1567236	0.3197108	0.3413982
3232988469.9003792	0.2256756	0.3020244	0.0711687	0.1258444	0.0687608	0.1465916	0.2280096	0.2812431	0.0912024	0.1487911	0.3077511	0.3486477	0.0794251	0.1567171	0.3197242	0.3413998
3232988469.9102674	0.2256682	0.3020208	0.0711939	0.1258342	0.0687419	0.1466010	0.2280283	0.2812444	0.0912040	0.1487594	0.3077453	0.3486481	0.0794150	0.1566908	0.3197224	0.3414095
3232988469.9201555	0.2256488	0.3020234	0.0711904	0.1258118	0.0687550	0.1465975	0.2280243	0.2812459	0.0911814	0.1487763	0.3077367	0.3486388	0.0794188	0.1567188	0.3197183	0.3413910
3232988469.9300437	0.2256425	0.3020065	0.0711841	0.1258304	0.0687471	0.1466201	0.2280055	0.2812391	0.0911967	0.1487896	0.3077331	0.3486306	0.0794098	0.1566947	0.3197101	0.3414107
3232988469.9399300	0.2256641	0.3020147	0.0711919	0.1258369	0.0687470	0.1465710	0.2279992	0.2812168	0.0911954	0.1487636	0.3077380	0.3486450	0.0794083	0.1567308	0.3197123	0.3414010
3232988469.9498181	0.2256490	0.3020212	0.0711619	0.1258218	0.0687608	0.1465826	0.2280293	0.2812438	0.0911965	0.1487830	0.3077358	0.3486345	0.0794270	0.1567064	0.3197190	0.3413964
3232988469.9597063	0.2256587	0.3020210	0.0711837	0.1258427	0.0687731	0.1465975	0.2280198	0.2812476	0.0912111	0.1487624	0.3077366	0.3486359	0.0794038	0.1567110	0.3197252	0.3413922
3232988469.9695945	0.2256791	0.3020049	0.0711763	0.1258464	0.0687340	0.1465972	0.2280202	0.2812090	0.0912093	0.1487628	0.3077431	0.3486388	0.0794044	0.1567122	0.3197004	0.3413942
3232988469.9794826	0.2256760	0.3019987	0.0711840	0.1258336	0.0687815	0.1465899	0.2280392	0.2812267	0.0912084	0.1487599	0.3077403	0.3486203	0.0794146	0.1566965	0.3197095	0.3413851
3232988469.9893708	0.2256603	0.3020088	0.0711778	0.1258392	0.0687525	0.1465852	0.2279983	0.2812260	0.0911988	0.1487748	0.3077430	0.3486360	0.0794103	0.1567141	0.3197082	0.3413754
3232988469.9992590	0.2256564	0.3020069	0.0711747	0.1258295	0.0687555	0.1465980	0.2280015	0.2812257	0.0912029	0.1487733	0.3077489	0.3486184	0.0794201	0.1567041	0.3197141	0.3413787
3232988470.0091472	0.2256627	0.3019755	0.0711899	0.1258476	0.0687576	0.1465866	0.2280174	0.2812076	0.0911962	0.1487757	0.3077438	0.3486475	0.0794161	0.1566904	0.3197249	0.3413967
3232988470.0190353	0.2256746	0.3020156	0.0711780	0.1258237	0.0687555	0.1466005	0.2280231	0.2812349	0.0911966	0.1487523	0.3077397	0.3486356	0.0794208	0.1567028	0.3197032	0.3413613
3232988470.0289235	0.2256576	0.3020238	0.0711717	0.1258277	0.0687466	0.1465943	0.2280302	0.2812174	0.0911982	0.1487599	0.3077316	0.3486390	0.0793999	0.1567006	0.3197192	0.3413615
3232988470.0388103	0.2256847	0.3020134	0.0711873	0.1258258	0.0687396	0.1465798	0.2280101	0.2812279	0.0911941	0.1487680	0.3077264	0.3486253	0.0794103	0.1567044	0.3197259	0.3413570
3232988470.0486984	0.2256555	0.3020079	0.0711605	0.1258213	0.0687437	0.1465821	0.2280069	0.2812169	0.0911890	0.1487646	0.3077246	0.3486188	0.0794046	0.1566895	0.3197158	0.3413692
3232988470.0585866	0.2256633	0.3020017	0.0711730	0.1258212	0.0687488	0.1465897	0.2280065	0.2812112	0.0912119	0.1487654	0.3077199	0.3486193	0.0794022	0.1566944	0.3197151	0.3413843
3232988470.0684748	0.2256645	0.3020108	0.0711744	0.1258297	0.0687670	0.1465851	0.2280125	0.2812117	0.0911874	0.1487617	0.3077260	0.3486252	0.0794174	0.1566941	0.3197099	0.3413754
3232988470.0783629	0.2256646	0.3019934	0.0711902	0.1258221	0.0687469	0.1466055	0.2280282	0.2812166	0.0912092	0.1487532	0.3077164	0.3486293	0.0794209	0.1567091	0.3196997	0.3413639
3232988470.0882511	0.2256628	0.3019896	0.0711860	0.1258436	0.0687511	0.1465777	0.2280175	0.2812175	0.0912061	0.1487633	0.3077239	0.3486167	0.0794134	0.1566728	0.3197156	0.3413839
3232988470.0981393	0.2256479	0.3019863	0.0711736	0.1258231	0.0687441	0.1465782	0.2280088	0.2812229	0.0912142	0.1487569	0.3077337	0.3486099	0.0794149	0.1566973	0.3197081	0.3413608
3232988470.1080275	0.2256670	0.3020054	0.0711653	0.1258237	0.0687447	0.1465838	0.2280198	0.2812079	0.0912097	0.1487552	0.3077373	0.3486015	0.0794286	0.1566712	0.3196961	0.3413736
3232988470.1179156	0.2256509	0.3019912	0.0711941	0.1258241	0.0687585	0.1465744	0.2280336	0.2812116	0.0912022	0.1487542	0.3077213	0.3486101	0.0794258	0.1566914	0.3197020	0.3413555
3232988470.1278038	0.2256611	0.3019903	0.0711703	0.1258254	0.0687607	0.1465816	0.2280136	0.2812178	0.0911808	0.1487574	0.3077278	0.3486099	0.0794290	0.1566958	0.3196983	0.3413589
3232988470.1376901	0.2256764	0.3019839	0.0711774	0.1258268	0.0687527	0.1465807	0.2280198	0.2812029	0.0911960	0.1487520	0.3077365	0.3486335	0.0794067	0.1566838	0.3197231	0.3413648
3232988470.1475782	0.2256560	0.3019855	0.0711924	0.1258152	0.0687304	0.1465754	0.2280090	0.2811990	0.0911883	0.1487521	0.3077250	0.3485965	0.0794078	0.1566963	0.3197082	0.3413587
3232988470.1574664	0.2256480	0.3019782	0.0711795	0.1258069	0.0687527	0.1465791	0.2279985	0.2812210	0.0911804	0.1487699	0.3077543	0.3486093	0.0794185	0.1566963	0.3197000	0.3413493
3232988470.1673546	0.2256555	0.3019916	0.0711911	0.1258171	0.0687528	0.1465754	0.2280015	0.2812009	0.0911979	0.1487501	0.3077229	0.3485956	0.0794078	0.1566933	0.3196976	0.3413539
3232988470.1772428	0.2256540	0.3019925	0.0711602	0.1258105	0.0687592	0.1465777	0.2280121	0.2812039	0.0912080	0.1487365	0.3077327	0.3485975	0.0794152	0.1567021	0.3197012	0.3413518
3232988470.1871309	0.2256729	0.3019907	0.0711878	0.1258246	0.0687539	0.1465686	0.2280185	0.2812172	0.0912176	0.1487508	0.3077499	0.3485834	0.0794110	0.1566970	0.3197166	0.3413410
3232988470.1970191	0.2256588	0.3019812	0.0711919	0.1258162	0.0687541	0.1465703	0.2280143	0.2812096	0.0912071	0.1487671	0.3077456	0.3486201	0.0794134	0.1567181	0.3196990	0.3413593
3232988470.2069073	0.2256524	0.3019738	0.0711663	0.1258319	0.0687379	0.1465706	0.2280106	0.2811995	0.0911875	0.1487753	0.3077382	0.3485972	0.0794015	0.1566906	0.3197200	0.3413552
3232988470.2167954	0.2256520	0.3019759	0.0711841	0.1258293	0.0687486	0.1465718	0.2280086	0.2812010	0.0912107	0.1487351	0.3077393	0.3486127	0.0794218	0.1566975	0.3197215	0.3413477
3232988470.2266836	0.2256668	0.3019829	0.0711862	0.1258360	0.0687498	0.1465708	0.2280265	0.2811978	0.0912064	0.1487688	0.3077433	0.3485832	0.0794269	0.1566920	0.3197052	0.3413635
3232988470.2365699	0.2256640	0.3019803	0.0711685	0.1258239	0.0687402	0.1465945	0.2280307	0.2812206	0.0912068	0.1487520	0.3077437	0.3486141	0.0794063	0.1566882	0.3197082	0.3413425
3232988470.2464581	0.2256670	0.3019893	0.0711792	0.1258088	0.0687610	0.1465690	0.2280187	0.2812152	0.0912065	0.1487632	0.3077393	0.3486079	0.0794155	0.1566937	0.3197061	0.3413629
3232988470.2563462	0.2256610	0.3019786	0.0711917	0.1258128	0.0687591	0.1465830	0.2279838	0.2812100	0.0911830	0.1487597	0.3077506	0.3486057	0.0794208	0.1566899	0.3197035	0.3413564
3232988470.2662344	0.2256522	0.3019876	0.0711728	0.1258277	0.0687529	0.1465737	0.2280116	0.2812138	0.0911992	0.1487584	0.3077418	0.3486028	0.0794183	0.1566913	0.3197215	0.3413621
3232988470.2761226	0.2256552	0.3019722	0.0711734	0.1258221	0.0687444	0.1465608	0.2280250	0.2812100	0.0912067	0.1487491	0.3077454	0.3485993	0.0794160	0.1566958	0.3197320	0.3413475
3232988470.2860107	0.2256673	0.3019742	0.0711759	0.1258073	0.0687475	0.1465819	0.2280234	0.2812292	0.0912051	0.1487533	0.3077310	0.3486062	0.0793940	0.1567017	0.3197341	0.3413618
3232988470.2958989	0.2256662	0.3019803	0.0711884	0.1258346	0.0687374	0.1465858	0.2280098	0.2812001	0.0912076	0.1487698	0.3077439	0.3486130	0.0794116	0.1566862	0.3197063	0.3413663
3232988470.3057871	0.2256570	0.3019736	0.0711701	0.1258356	0.0687467	0.1465882	0.2280207	0.2811937	0.0912191	0.1487583	0.3077523	0.3485932	0.0794013	0.1566892	0.3197198	0.3413505
3232988470.3156753	0.2256571	0.3019569	0.0711668	0.1258141	0.0687503	0.1465755	0.2280037	0.2812042	0.0911839	0.1487539	0.3077543	0.3485879	0.0794301	0.1566827	0.3197104	0.3413537
3232988470.3255634	0.2256501	0.3019741	0.0711823	0.1258239	0.0687363	0.1465651	0.2280102	0.2812082	0.0912054	0.1487547	0.3077700	0.3485970	0.0794096	0.1566805	0.3197118	0.3413353
3232988470.3354502	0.2256626	0.3019697	0.0711812	0.1258210	0.0687642	0.1465648	0.2280133	0.2812025	0.0911885	0.1487528	0.3077438	0.3485976	0.0794235	0.1566859	0.3197123	0.3413458
3232988470.3453383	0.2256675	0.3019820	0.0711796	0.1258179	0.0687581	0.1465807	0.2280227	0.2812042	0.0911978	0.1487614	0.3077659	0.3485754	0.0794184	0.1566815	0.3197418	0.3413607
3232988470.3552265	0.2256669	0.3019778	0.0711833	0.1258178	0.0687590	0.1465830	0.2280205	0.2812019	0.0911910	0.1487580	0.3077469	0.3485968	0.0794311	0.1566757	0.3196993	0.3413644
3232988470.3651147	0.2256665	0.3019670	0.0711663	0.1258138	0.0687353	0.1465683	0.2280009	0.2811833	0.0912052	0.1487628	0.3077436	0.3485791	0.0794142	0.1566784	0.3197169	0.3413533
3232988470.3750029	0.2256538	0.3019840	0.0711786	0.1258095	0.0687621	0.1465691	0.2279975	0.2811978	0.0912086	0.1487444	0.3077531	0.3486016	0.0794176	0.1566966	0.3197246	0.3413582
3232988470.3848910	0.2256811	0.3019802	0.0711839	0.1258456	0.0687467	0.1465830	0.2280175	0.2811982	0.0911891	0.1487341	0.3077472	0.3485970	0.0794005	0.1566805	0.3197172	0.3413588
3232988470.3947792	0.2256709	0.3019699	0.0711899	0.1258193	0.0687701	0.1465804	0.2280357	0.2811870	0.0911970	0.1487430	0.3077443	0.3485783	0.0794366	0.1566881	0.3197245	0.3413501
3232988470.4046674	0.2256629	0.3019732	0.0711860	0.1258257	0.0687537	0.1465678	0.2279964	0.2811952	0.0912240	0.1487365	0.3077473	0.3486032	0.0794125	0.1566911	0.3197292	0.3413518
3232988470.4145555	0.2256688	0.3019732	0.0711745	0.1258129	0.0687616	0.1465799	0.2280163	0.2811848	0.0912094	0.1487460	0.3077585	0.3485813	0.0794220	0.1566894	0.3197152	0.3413395
3232988470.4244437	0.2256564	0.3019698	0.0711834	0.1258169	0.0687506	0.1465680	0.2279992	0.2811931	0.0912142	0.1487575	0.3077315	0.3485740	0.0794122	0.1566737	0.3197317	0.3413418
3232988470.4343300	0.2256725	0.3019741	0.0711867	0.1257946	0.0687621	0.1465593	0.2280185	0.2811869	0.0911753	0.1487742	0.3077467	0.3485770	0.0794071	0.1566779	0.3197036	0.3413380
3232988470.4442182	0.2256626	0.3019745	0.0711889	0.1258139	0.0687583	0.1465859	0.2280229	0.2811977	0.0912029	0.1487687	0.3077497	0.3485910	0.0794188	0.1567006	0.3197211	0.3413395
3232988470.4541063	0.2256823	0.3019697	0.0711679	0.1258154	0.0687770	0.1465648	0.2280283	0.2811836	0.0911985	0.1487342	0.3077408	0.3485849	0.0794137	0.1566857	0.3197300	0.3413630
3232988470.4639945	0.2256568	0.3019670	0.0711868	0.1258130	0.0687369	0.1465774	0.2280035	0.2811967	0.0912032	0.1487398	0.3077490	0.3485843	0.0794074	0.1566908	0.3197135	0.3413528
3232988470.4738827	0.2256601	0.3019863	0.0711796	0.1258177	0.0687453	0.1465774	0.2280003	0.2811842	0.0911950	0.1487393	0.3077532	0.3485843	0.0794031	0.1566792	0.3197178	0.3413439
3232988470.4837708	0.2256574	0.3019592	0.0711809	0.1258057	0.0687334	0.1465803	0.2280297	0.2811893	0.0911868	0.1487425	0.3077353	0.3485917	0.0794015	0.1566910	0.3196978	0.3413324
3232988470.4936590	0.2256869	0.3019664	0.0711883	0.1258127	0.0687566	0.1465836	0.2280132	0.2811931	0.0911967	0.1487451	0.3077478	0.3485917	0.0794308	0.1566803	0.3197201	0.3413476
3232988470.5035472	0.2256489	0.3019753	0.0711625	0.1258010	0.0687438	0.1465701	0.2280094	0.2812013	0.0912029	0.1487438	0.3077510	0.3485872	0.0794174	0.1566981	0.3197162	0.3413361
3232988470.5134354	0.2256496	0.3019796	0.0711791	0.1258244	0.0687443	0.1465782	0.2280192	0.2811872	0.0912041	0.1487371	0.3077371	0.3485962	0.0794154	0.1566866	0.3197162	0.3413438
3232988470.5233235	0.2256616	0.3019797	0.0711797	0.1257989	0.0687477	0.1465871	0.2280280	0.2811905	0.0911987	0.1487591	0.3077493	0.3485896	0.0794076	0.1566986	0.3197172	0.3413381
3232988470.5332103	0.2256683	0.3019731	0.0711630	0.1258168	0.0687460	0.1465671	0.2280157	0.2811847	0.0911988	0.1487494	0.3077332	0.3485947	0.0794116	0.1566898	0.3197224	0.3413393
3232988470.5430984	0.2256504	0.3019637	0.0711709	0.1258287	0.0687770	0.1465744	0.2280267	0.2812202	0.0912047	0.1487373	0.3077300	0.3485917	0.0794295	0.1566941	0.3197152	0.3413365
3232988470.5529866	0.2256734	0.3019782	0.0711831	0.1258057	0.0687520	0.1465570	0.2280000	0.2812069	0.0912110	0.1487544	0.3077339	0.3485844	0.0794074	0.1566956	0.3197221	0.3413458
3232988470.5628748	0.2256574	0.3019699	0.0711770	0.1258159	0.0687464	0.1465785	0.2280091	0.2811915	0.0912040	0.1487561	0.3077419	0.3486012	0.0794093	0.1566875	0.3197295	0.3413264
3232988470.5727630	0.2256549	0.3019573	0.0711853	0.1258041	0.0687519	0.1465734	0.2279978	0.2811807	0.0912072	0.1487324	0.3077323	0.3485876	0.0794256	0.1566662	0.3196950	0.3413295
3232988470.5826511	0.2256586	0.3019628	0.0711868	0.1258232	0.0687674	0.1465653	0.2280056	0.2811963	0.0911966	0.1487483	0.3077502	0.3485878	0.0794227	0.1566825	0.3197299	0.3413328
3232988470.5925393	0.2256838	0.3019671	0.0711653	0.1258166	0.0687509	0.1465819	0.2280421	0.2811859	0.0912193	0.1487327	0.3077342	0.3485772	0.0794326	0.1566775	0.3197207	0.3413340
3232988470.6024275	0.2256561	0.3019662	0.0711759	0.1258194	0.0687541	0.1465779	0.2280328	0.2812112	0.0912006	0.1487535	0.3077393	0.3485686	0.0794045	0.1566891	0.3197136	0.3413325
3232988470.6123157	0.2256501	0.3019655	0.0711744	0.1258304	0.0687601	0.1465769	0.2280131	0.2811942	0.0911935	0.1487557	0.3077468	0.3485833	0.0794246	0.1566808	0.3197201	0.3413583
3232988470.6222038	0.2256762	0.3019621	0.0711783	0.1258066	0.0687418	0.1465651	0.2280144	0.2811922	0.0912110	0.1487364	0.3077383	0.3485797	0.0794049	0.1566780	0.3197285	0.3413127
3232988470.6320901	0.2256696	0.3019632	0.0711710	0.1258042	0.0687495	0.1465730	0.2280119	0.2811814	0.0912055	0.1487443	0.3077259	0.3485792	0.0794035	0.1566853	0.3197132	0.3413332
3232988470.6419783	0.2256745	0.3019608	0.0711737	0.1258152	0.0687494	0.1465799	0.2280148	0.2811905	0.0911950	0.1487347	0.3077508	0.3485705	0.0794210	0.1566848	0.3196995	0.3413420
3232988470.6518664	0.2256658	0.3019615	0.0711680	0.1258354	0.0687439	0.1465775	0.2280391	0.2811838	0.0911986	0.1487528	0.3077307	0.3486061	0.0794297	0.1566672	0.3197169	0.3413368
3232988470.6617546	0.2256920	0.3019764	0.0711879	0.1258208	0.0687586	0.1465791	0.2280119	0.2811851	0.0911960	0.1487446	0.3077278	0.3485904	0.0794125	0.1566853	0.3197066	0.3413231
3232988470.6716428	0.2256605	0.3019929	0.0711655	0.1258177	0.0687710	0.1465633	0.2280158	0.2812031	0.0911918	0.1487621	0.3077311	0.3485601	0.0794077	0.1566863	0.3196944	0.3413405
3232988470.6815310	0.2256471	0.3019692	0.0711933	0.1257957	0.0687564	0.1465482	0.2280210	0.2811814	0.0911956	0.1487321	0.3077355	0.3485606	0.0794083	0.1566936	0.3197181	0.3413129
3232988470.6914191	0.2256637	0.3019704	0.0711700	0.1258053	0.0687352	0.1465526	0.2280182	0.2811923	0.0911936	0.1487596	0.3077346	0.3485865	0.0794069	0.1566757	0.3196991	0.3413091
3232988470.7013073	0.2256701	0.3019810	0.0711897	0.1257983	0.0687505	0.1465652	0.2280132	0.2811808	0.0911898	0.1487288	0.3077454	0.3485794	0.0794085	0.1566729	0.3197044	0.3413298
3232988470.7111955	0.2256660	0.3019609	0.0711985	0.1258064	0.0687622	0.1465749	0.2280321	0.2812012	0.0911997	0.1487515	0.3077412	0.3485789	0.0794185	0.1566836	0.3197022	0.3413375
3232988470.7210836	0.2256480	0.3019731	0.0711742	0.1257876	0.0687467	0.1465789	0.2280049	0.2811920	0.0911971	0.1487299	0.3077454	0.3485994	0.0794091	0.1566799	0.3197329	0.3413346
3232988470.7309699	0.2256517	0.3019616	0.0711712	0.1258269	0.0687360	0.1465577	0.2279811	0.2811703	0.0911921	0.1487349	0.3077414	0.3485769	0.0794140	0.1566771	0.3197279	0.3413341
3232988470.7408581	0.2256602	0.3019670	0.0711901	0.1258015	0.0687510	0.1465585	0.2280012	0.2811870	0.0911816	0.1487422	0.3077411	0.3485674	0.0794200	0.1566714	0.3197112	0.3413279
3232988470.7507462	0.2256751	0.3019856	0.0711734	0.1258154	0.0687294	0.1465677	0.2280124	0.2811829	0.0912022	0.1487262	0.3077316	0.3485616	0.0794083	0.1566858	0.3197063	0.3413312
3232988470.7606344	0.2256507	0.3019661	0.0711804	0.1258095	0.0687464	0.1465703	0.2279969	0.2812027	0.0912039	0.1487478	0.3077440	0.3485804	0.0794024	0.1566653	0.3197230	0.3413306
3232988470.7705226	0.2256576	0.3019733	0.0711889	0.1258174	0.0687636	0.1465697	0.2280294	0.2811731	0.0912108	0.1487469	0.3077453	0.3485801	0.0793915	0.1566896	0.3196934	0.3413462
3232988470.7804108	0.2256672	0.3019697	0.0711750	0.1258143	0.0687529	0.1465758	0.2280025	0.2811806	0.0911956	0.1487431	0.3077325	0.3485832	0.0794054	0.1566817	0.3197197	0.3413244
3232988470.7902989	0.2256473	0.3019486	0.0711605	0.1258027	0.0687556	0.1465565	0.2280189	0.2811852	0.0911970	0.1487405	0.3077162	0.3485725	0.0794214	0.1566571	0.3197149	0.3413489
3232988470.8001871	0.2256669	0.3019748	0.0711801	0.1257944	0.0687571	0.1465635	0.2279891	0.2811863	0.0912189	0.1487403	0.3077372	0.3485890	0.0794212	0.1566693	0.3197212	0.3413230
3232988470.8100753	0.2256595	0.3019675	0.0711861	0.1258283	0.0687691	0.1465794	0.2280239	0.2812070	0.0911952	0.1487442	0.3077454	0.3485668	0.0794389	0.1566716	0.3197110	0.3413382
3232988470.8199635	0.2256665	0.3019727	0.0711750	0.1258084	0.0687468	0.1465844	0.2280237	0.2811963	0.0912184	0.1487342	0.3077313	0.3485838	0.0794077	0.1566837	0.3197223	0.3413229
3232988470.8298502	0.2256593	0.3019616	0.0711742	0.1258262	0.0687493	0.1465721	0.2280152	0.2811794	0.0912056	0.1487402	0.3077235	0.3485732	0.0794226	0.1566733	0.3197098	0.3413282
3232988470.8397384	0.2256444	0.3019648	0.0711694	0.1258045	0.0687576	0.1465565	0.2279922	0.2811868	0.0911942	0.1487442	0.3077222	0.3485884	0.0794053	0.1566679	0.3197107	0.3413457
3232988470.8496265	0.2256519	0.3019663	0.0711748	0.1258173	0.0687507	0.1465586	0.2280242	0.2811694	0.0912019	0.1487373	0.3077310	0.3485954	0.0794024	0.1566670	0.3197177	0.3413314
3232988470.8595147	0.2256916	0.3019704	0.0711752	0.1258135	0.0687665	0.1465813	0.2280121	0.2812043	0.0912054	0.1487459	0.3077265	0.3485709	0.0794085	0.1566809	0.3197247	0.3413391
3232988470.8694029	0.2256546	0.3019536	0.0711843	0.1258351	0.0687444	0.1465783	0.2280272	0.2811916	0.0912040	0.1487310	0.3077488	0.3485506	0.0794256	0.1566956	0.3197109	0.3413176
3232988470.8792911	0.2256566	0.3019618	0.0711851	0.1258071	0.0687562	0.1465610	0.2280327	0.2811964	0.0912010	0.1487327	0.3077435	0.3485824	0.0794219	0.1566932	0.3197190	0.3413169
3232988470.8891792	0.2256449	0.3019488	0.0711788	0.1258130	0.0687609	0.1465658	0.2280111	0.2811666	0.0911981	0.1487395	0.3077298	0.3485726	0.0794218	0.1566798	0.3197131	0.3413176
3232988470.8990674	0.2256712	0.3019563	0.0711860	0.1258178	0.0687382	0.1465705	0.2279996	0.2811791	0.0912107	0.1487269	0.3077283	0.3485779	0.0793948	0.1566780	0.3197147	0.3413064
3232988470.9089556	0.2256659	0.3019596	0.0711772	0.1258211	0.0687458	0.1465630	0.2280212	0.2811776	0.0912075	0.1487425	0.3077502	0.3485625	0.0794256	0.1566898	0.3197084	0.3413346
3232988470.9188437	0.2256678	0.3019800	0.0711738	0.1258079	0.0687695	0.1465677	0.2280048	0.2811893	0.0911895	0.1487447	0.3077294	0.3485912	0.0794095	0.1566771	0.3197138	0.3413303
3232988470.9287300	0.2256716	0.3019745	0.0711737	0.1258009	0.0687554	0.1465756	0.2280445	0.2811837	0.0912026	0.1487379	0.3077257	0.3485637	0.0794155	0.1566875	0.3197105	0.3413304
3232988470.9386182	0.2256436	0.3019608	0.0711768	0.1258286	0.0687558	0.1465736	0.2280212	0.2811741	0.0912064	0.1487454	0.3077320	0.3485735	0.0794206	0.1566853	0.3197121	0.3413337
3232988470.9485064	0.2256525	0.3019784	0.0711785	0.1258153	0.0687508	0.1465592	0.2280088	0.2811832	0.0911953	0.1487513	0.3077456	0.3485653	0.0794165	0.1566630	0.3197079	0.3413473
3232988470.9583945	0.2256647	0.3019685	0.0711685	0.1258144	0.0687561	0.1465671	0.2280147	0.2811981	0.0911992	0.1487444	0.3077481	0.3485982	0.0794220	0.1566865	0.3196921	0.3413300
3232988470.9682827	0.2256609	0.3019660	0.0711839	0.1258140	0.0687559	0.1465714	0.2280187	0.2811820	0.0912041	0.1487355	0.3077293	0.3485783	0.0794160	0.1566969	0.3197175	0.3413344
3232988470.9781709	0.2256578	0.3019561	0.0711796	0.1258090	0.0687650	0.1465792	0.2280154	0.2811934	0.0912149	0.1487359	0.3077345	0.3485859	0.0794230	0.1566794	0.3197156	0.3413332
3232988470.9880590	0.2256559	0.3019710	0.0711750	0.1258124	0.0687694	0.1465750	0.2280141	0.2811979	0.0912214	0.1487502	0.3077304	0.3485731	0.0794112	0.1566931	0.3196958	0.3413337
3232988470.9979472	0.2256639	0.3019762	0.0711782	0.1258037	0.0687475	0.1465726	0.2280041	0.2811963	0.0912101	0.1487470	0.3077262	0.3485809	0.0793971	0.1566787	0.3197287	0.3413290
3232988471.0078354	0.2256407	0.3019697	0.0711858	0.1258080	0.0687510	0.1465594	0.2280110	0.2811808	0.0911860	0.1487503	0.3077500	0.3485722	0.0794132	0.1566821	0.3196982	0.3413076
3232988471.0177236	0.2256606	0.3019785	0.0711825	0.1258197	0.0687501	0.1465652	0.2280155	0.2811789	0.0911929	0.1487397	0.3077408	0.3486009	0.0794246	0.1566735	0.3197084	0.3413200
3232988471.0276103	0.2256412	0.3019712	0.0711778	0.1258221	0.0687643	0.1465819	0.2280259	0.2811813	0.0911860	0.1487458	0.3077613	0.3485817	0.0794254	0.1566842	0.3197251	0.3413320
3232988471.0374985	0.2256618	0.3019577	0.0711723	0.1258148	0.0687569	0.1465694	0.2280129	0.2811773	0.0911968	0.1487465	0.3077265	0.3485669	0.0794271	0.1566971	0.3197079	0.3413378
3232988471.0473866	0.2256665	0.3019668	0.0711744	0.1258250	0.0687483	0.1465634	0.2280173	0.2811786	0.0911858	0.1487429	0.3077410	0.3485693	0.0794039	0.1566988	0.3197133	0.3413389
3232988471.0572748	0.2256505	0.3019782	0.0711771	0.1258194	0.0687707	0.1465725	0.2279950	0.2811927	0.0911970	0.1487417	0.3077396	0.3485943	0.0794017	0.1566741	0.3197047	0.3413322
3232988471.0671630	0.2256641	0.3019484	0.0711949	0.1258136	0.0687339	0.1465403	0.2280175	0.2811978	0.0911944	0.1487278	0.3077316	0.3485974	0.0794232	0.1566661	0.3197032	0.3413384
3232988471.0770512	0.2256502	0.3019691	0.0712069	0.1258215	0.0687526	0.1465603	0.2280160	0.2812050	0.0911910	0.1487667	0.3077449	0.3485829	0.0794302	0.1566877	0.3197303	0.3413380
3232988471.0869393	0.2256482	0.3019807	0.0711770	0.1258262	0.0687460	0.1465628	0.2280056	0.2811924	0.0912147	0.1487484	0.3077516	0.3485754	0.0794120	0.1566659	0.3197157	0.3413578
3232988471.0968275	0.2256422	0.3019575	0.0711597	0.1258246	0.0687579	0.1465785	0.2279964	0.2811866	0.0912049	0.1487494	0.3077567	0.3485944	0.0794050	0.1566894	0.3197111	0.3413339
3232988471.1067157	0.2256388	0.3019793	0.0711694	0.1258172	0.0687433	0.1465645	0.2280178	0.2811822	0.0911993	0.1487551	0.3077269	0.3485732	0.0794299	0.1566619	0.3197011	0.3413369
3232988471.1166038	0.2256515	0.3019797	0.0711873	0.1258283	0.0687574	0.1465776	0.2280045	0.2811842	0.0912129	0.1487485	0.3077249	0.3485887	0.0794062	0.1566665	0.3197122	0.3413479
3232988471.1264901	0.2256670	0.3019698	0.0711834	0.1258199	0.0687462	0.1465633	0.2280053	0.2811943	0.0911851	0.1487519	0.3077357	0.3485918	0.0794220	0.1566959	0.3197063	0.3413483
3232988471.1363783	0.2256630	0.3019763	0.0711856	0.1258130	0.0687514	0.1465622	0.2280143	0.2812099	0.0912107	0.1487517	0.3077143	0.3485976	0.0794282	0.1566913	0.3197254	0.3413299
3232988471.1462665	0.2256682	0.3019687	0.0711660	0.1258301	0.0687488	0.1465915	0.2280208	0.2811937	0.0911991	0.1487560	0.3077535	0.3485840	0.0794188	0.1566891	0.3197211	0.3413432
3232988471.1561546	0.2256584	0.3019684	0.0711794	0.1258310	0.0687352	0.1465669	0.2280087	0.2811994	0.0911870	0.1487404	0.3077530	0.3486121	0.0794052	0.1566750	0.3197141	0.3413336
3232988471.1660428	0.2256593	0.3019572	0.0711762	0.1258136	0.0687742	0.1465882	0.2280226	0.2811969	0.0912083	0.1487485	0.3077399	0.3485778	0.0794093	0.1566724	0.3197062	0.3413665
3232988471.1759310	0.2256434	0.3019693	0.0711550	0.1258256	0.0687570	0.1465761	0.2280201	0.2811919	0.0911972	0.1487571	0.3077417	0.3486156	0.0794012	0.1566962	0.3197092	0.3413278
3232988471.1858191	0.2256563	0.3019823	0.0711820	0.1258120	0.0687693	0.1465655	0.2280191	0.2811916	0.0911802	0.1487483	0.3077503	0.3485756	0.0794132	0.1566642	0.3197027	0.3413541
3232988471.1957073	0.2256541	0.3019692	0.0711629	0.1258185	0.0687509	0.1465797	0.2280086	0.2811940	0.0911861	0.1487538	0.3077454	0.3485931	0.0794161	0.1566916	0.3197047	0.3413315
3232988471.2055955	0.2256664	0.3019849	0.0711759	0.1258254	0.0687467	0.1465808	0.2280247	0.2811942	0.0912016	0.1487431	0.3077408	0.3485763	0.0794089	0.1566946	0.3197148	0.3413518
3232988471.2154837	0.2256252	0.3019818	0.0711782	0.1258182	0.0687384	0.1465719	0.2279943	0.2811843	0.0911940	0.1487392	0.3077549	0.3485992	0.0793973	0.1566884	0.3197194	0.3413418
3232988471.2253699	0.2256479	0.3019650	0.0711837	0.1258146	0.0687574	0.1465832	0.2280117	0.2812022	0.0911944	0.1487507	0.3077322	0.3486025	0.0793987	0.1566976	0.3197122	0.3413550
3232988471.2352581	0.2256620	0.3019719	0.0711851	0.1258125	0.0687421	0.1465660	0.2280182	0.2812060	0.0912213	0.1487368	0.3077341	0.3485905	0.0794155	0.1566840	0.3197042	0.3413455
3232988471.2451463	0.2256637	0.3019730	0.0711727	0.1258142	0.0687802	0.1465826	0.2280051	0.2811767	0.0911950	0.1487542	0.3077312	0.3485904	0.0794335	0.1566982	0.3197144	0.3413465
3232988471.2550344	0.2256571	0.3019706	0.0711721	0.1258151	0.0687533	0.1465742	0.2279940	0.2811978	0.0912190	0.1487457	0.3077471	0.3485962	0.0794297	0.1566873	0.3197181	0.3413374
3232988471.2649226	0.2256382	0.3019766	0.0711762	0.1258179	0.0687412	0.1465904	0.2279865	0.2811734	0.0911861	0.1487679	0.3077414	0.3486032	0.0794111	0.1566728	0.3197084	0.3413500
3232988471.2748108	0.2256520	0.3019771	0.0711741	0.1258065	0.0687594	0.1465737	0.2279916	0.2811778	0.0911940	0.1487424	0.3077329	0.3485980	0.0794115	0.1566877	0.3197137	0.3413292
3232988471.2846990	0.2256642	0.3019732	0.0711731	0.1258167	0.0687423	0.1465765	0.2280050	0.2811904	0.0912034	0.1487523	0.3077438	0.3485778	0.0794195	0.1566866	0.3197167	0.3413659
3232988471.2945871	0.2256581	0.3019917	0.0711922	0.1258105	0.0687547	0.1465812	0.2280098	0.2811958	0.0912186	0.1487687	0.3077332	0.3486078	0.0794167	0.1566928	0.3197231	0.3413595
3232988471.3044753	0.2256654	0.3019805	0.0711821	0.1258324	0.0687711	0.1465832	0.2280164	0.2812067	0.0911899	0.1487709	0.3077347	0.3485955	0.0794144	0.1566768	0.3197004	0.3413475
3232988471.3143635	0.2256497	0.3020024	0.0711902	0.1258296	0.0687570	0.1465732	0.2280034	0.2812020	0.0912049	0.1487461	0.3077405	0.3485993	0.0794082	0.1566967	0.3197200	0.3413312
3232988471.3242502	0.2256645	0.3019845	0.0711508	0.1258088	0.0687538	0.1465666	0.2280093	0.2811971	0.0912026	0.1487560	0.3077419	0.3485975	0.0794244	0.1566999	0.3196935	0.3413607
3232988471.3341384	0.2256588	0.3019627	0.0711713	0.1258350	0.0687570	0.1465763	0.2280197	0.2811926	0.0911888	0.1487447	0.3077221	0.3485942	0.0794125	0.1567026	0.3197116	0.3413618
3232988471.3440266	0.2256671	0.3019847	0.0711673	0.1258249	0.0687563	0.1465686	0.2280138	0.2812261	0.0912111	0.1487759	0.3077381	0.3485975	0.0794195	0.1566952	0.3197195	0.3413476
3232988471.3539147	0.2256612	0.3019764	0.0711910	0.1258206	0.0687362	0.1465718	0.2280044	0.2812084	0.0912043	0.1487652	0.3077355	0.3486032	0.0794198	0.1566997	0.3197111	0.3413345
3232988471.3638029	0.2256679	0.3019893	0.0711800	0.1258069	0.0687510	0.1465720	0.2279981	0.2811916	0.0912115	0.1487513	0.3077323	0.3485824	0.0794085	0.1566927	0.3197119	0.3413668
3232988471.3736911	0.2256533	0.3019906	0.0711694	0.1258100	0.0687420	0.1465806	0.2279906	0.2812173	0.0911857	0.1487494	0.3077468	0.3486052	0.0794165	0.1566865	0.3197252	0.3413526
3232988471.3835793	0.2256669	0.3019737	0.0711657	0.1258276	0.0687402	0.1465831	0.2280077	0.2812131	0.0911937	0.1487496	0.3077252	0.3486155	0.0794298	0.1566902	0.3196976	0.3413479
3232988471.3934674	0.2256685	0.3019781	0.0711805	0.1258296	0.0687642	0.1465572	0.2280173	0.2811772	0.0911903	0.1487427	0.3077322	0.3485777	0.0794104	0.1566777	0.3197159	0.3413534
3232988471.4033556	0.2256626	0.3019860	0.0711693	0.1257924	0.0687503	0.1465744	0.2280343	0.2811968	0.0912012	0.1487569	0.3077204	0.3486075	0.0794281	0.1566901	0.3197122	0.3413444
3232988471.4132438	0.2256499	0.3019917	0.0711759	0.1258104	0.0687516	0.1465747	0.2280109	0.2812159	0.0911996	0.1487429	0.3077275	0.3486055	0.0794274	0.1566941	0.3197062	0.3413413
3232988471.4231300	0.2256614	0.3019770	0.0711891	0.1258179	0.0687400	0.1465613	0.2280028	0.2811953	0.0911955	0.1487613	0.3077447	0.3485854	0.0794173	0.1566747	0.3197264	0.3413517
3232988471.4330182	0.2256646	0.3019693	0.0711868	0.1258162	0.0687449	0.1465705	0.2280124	0.2811992	0.0912024	0.1487469	0.3077372	0.3486024	0.0794050	0.1566986	0.3197001	0.3413432
3232988471.4429064	0.2256494	0.3019800	0.0711726	0.1258248	0.0687523	0.1465905	0.2279984	0.2811961	0.0911941	0.1487619	0.3077314	0.3485890	0.0794065	0.1566777	0.3197194	0.3413581
3232988471.4527945	0.2256637	0.3019771	0.0711824	0.1258293	0.0687618	0.1465829	0.2280240	0.2812103	0.0911923	0.1487515	0.3077251	0.3485974	0.0794197	0.1567115	0.3196796	0.3413587
3232988471.4626827	0.2256531	0.3020003	0.0711689	0.1258170	0.0687492	0.1465804	0.2280071	0.2811954	0.0911809	0.1487673	0.3077607	0.3486026	0.0794253	0.1566824	0.3197024	0.3413776
3232988471.4725709	0.2256613	0.3019653	0.0711584	0.1258176	0.0687464	0.1465819	0.2280138	0.2812047	0.0912140	0.1487604	0.3077240	0.3486075	0.0794143	0.1567053	0.3197157	0.3413541
3232988471.4824591	0.2256621	0.3019669	0.0711866	0.1258117	0.0687293	0.1465830	0.2280030	0.2812187	0.0911899	0.1487616	0.3077252	0.3485990	0.0794271	0.1566785	0.3197392	0.3413681
3232988471.4923472	0.2256609	0.3019837	0.0711802	0.1258348	0.0687634	0.1465815	0.2280249	0.2812130	0.0911980	0.1487542	0.3077497	0.3485898	0.0794217	0.1566875	0.3197063	0.3413554
3232988471.5022354	0.2256574	0.3019691	0.0711789	0.1258233	0.0687500	0.1465860	0.2280242	0.2812101	0.0911941	0.1487607	0.3077485	0.3486166	0.0794024	0.1566934	0.3197242	0.3413696
3232988471.5121236	0.2256588	0.3019932	0.0711754	0.1258174	0.0687665	0.1465804	0.2280239	0.2812106	0.0911998	0.1487504	0.3077548	0.3486036	0.0793915	0.1566785	0.3197102	0.3413470
3232988471.5220103	0.2256748	0.3019905	0.0711814	0.1258222	0.0687520	0.1465903	0.2280242	0.2812054	0.0912096	0.1487616	0.3077397	0.3486040	0.0794101	0.1567045	0.3197021	0.3413617
3232988471.5318985	0.2256584	0.3019696	0.0711835	0.1258043	0.0687466	0.1465667	0.2279933	0.2811947	0.0912117	0.1487454	0.3077362	0.3486051	0.0794101	0.1567011	0.3197143	0.3413475
3232988471.5417867	0.2256595	0.3019894	0.0711759	0.1258280	0.0687384	0.1465989	0.2280020	0.2812097	0.0911988	0.1487610	0.3077320	0.3486081	0.0794220	0.1567044	0.3197294	0.3413647
3232988471.5516748	0.2256500	0.3019855	0.0711691	0.1258294	0.0687433	0.1465739	0.2280317	0.2812006	0.0912042	0.1487646	0.3077435	0.3485999	0.0794261	0.1566782	0.3197136	0.3413599
3232988471.5615630	0.2256676	0.3019945	0.0711902	0.1258202	0.0687616	0.1465676	0.2280216	0.2812060	0.0911918	0.1487683	0.3077348	0.3486014	0.0793999	0.1566868	0.3196938	0.3413721
3232988471.5714512	0.2256631	0.3019703	0.0711762	0.1258380	0.0687526	0.1465753	0.2280152	0.2812108	0.0911946	0.1487433	0.3077350	0.3486207	0.0793953	0.1567020	0.3197090	0.3413562
3232988471.5813394	0.2256446	0.3019635	0.0711734	0.1258439	0.0687402	0.1465832	0.2280068	0.2812161	0.0912086	0.1487589	0.3077159	0.3486149	0.0794139	0.1566928	0.3197170	0.3413602
3232988471.5912275	0.2256465	0.3019774	0.0711815	0.1258056	0.0687439	0.1465926	0.2280257	0.2812110	0.0911943	0.1487608	0.3077295	0.3486016	0.0794034	0.1566971	0.3197206	0.3413699
3232988471.6011157	0.2256412	0.3019767	0.0711566	0.1258171	0.0687528	0.1465828	0.2279913	0.2812207	0.0911842	0.1487482	0.3077555	0.3486020	0.0794233	0.1566913	0.3197186	0.3413655
3232988471.6110039	0.2256642	0.3019893	0.0711689	0.1258202	0.0687656	0.1465798	0.2280036	0.2811945	0.0912111	0.1487504	0.3077198	0.3486237	0.0793903	0.1566910	0.3197324	0.3413594
3232988471.6208901	0.2256459	0.3019760	0.0711924	0.1258389	0.0687586	0.1465879	0.2280023	0.2812049	0.0912086	0.1487572	0.3077339	0.3486117	0.0794206	0.1566849	0.3197001	0.3413688
3232988471.6307783	0.2256554	0.3019908	0.0711851	0.1258467	0.0687337	0.1465735	0.2280151	0.2812188	0.0911885	0.1487445	0.3077520	0.3486161	0.0794061	0.1566926	0.3197224	0.3413568
3232988471.6406665	0.2256651	0.3020075	0.0711761	0.1258214	0.0687493	0.1465844	0.2280119	0.2812035	0.0911966	0.1487632	0.3077561	0.3486225	0.0794141	0.1566828	0.3197250	0.3413803
3232988471.6505547	0.2256681	0.3020055	0.0711729	0.1258171	0.0687513	0.1465693	0.2280113	0.2812136	0.0911981	0.1487511	0.3077319	0.3485999	0.0794159	0.1566967	0.3197187	0.3413651
3232988471.6604428	0.2256547	0.3019934	0.0711766	0.1258117	0.0687450	0.1465965	0.2280286	0.2811995	0.0912110	0.1487608	0.3077421	0.3486148	0.0794174	0.1566945	0.3197250	0.3413713
3232988471.6703310	0.2256643	0.3019943	0.0711681	0.1258014	0.0687573	0.1465902	0.2280056	0.2812003	0.0912073	0.1487616	0.3077328	0.3486349	0.0794092	0.1566911	0.3197195	0.3413585
3232988471.6802192	0.2256567	0.3019973	0.0711895	0.1258158	0.0687486	0.1465953	0.2280028	0.2812027	0.0911926	0.1487631	0.3077517	0.3486178	0.0794132	0.1567002	0.3197145	0.3413549
3232988471.6901073	0.2256561	0.3019937	0.0711620	0.1258271	0.0687570	0.1465799	0.2279935	0.2812013	0.0912023	0.1487474	0.3077358	0.3486283	0.0794105	0.1567187	0.3197160	0.3413534
3232988471.6999955	0.2256630	0.3019869	0.0711661	0.1258332	0.0687434	0.1465825	0.2280244	0.2811954	0.0912025	0.1487546	0.3077621	0.3486144	0.0794073	0.1566811	0.3197108	0.3413691
3232988471.7098837	0.2256664	0.3019920	0.0711809	0.1258314	0.0687670	0.1465862	0.2280180	0.2812212	0.0912082	0.1487642	0.3077465	0.3486006	0.0794274	0.1567084	0.3197101	0.3413591
3232988471.7197700	0.2256703	0.3020000	0.0711771	0.1258217	0.0687584	0.1466005	0.2280221	0.2812181	0.0912135	0.1487828	0.3077374	0.3486067	0.0794201	0.1567003	0.3197216	0.3413668
3232988471.7296581	0.2256600	0.3020045	0.0711852	0.1258235	0.0687484	0.1465934	0.2280187	0.2812202	0.0912013	0.1487506	0.3077432	0.3486057	0.0794021	0.1567040	0.3197341	0.3413780
3232988471.7395463	0.2256822	0.3019996	0.0712006	0.1258310	0.0687408	0.1465948	0.2280125	0.2812087	0.0911990	0.1487431	0.3077580	0.3486130	0.0794217	0.1567043	0.3197157	0.3413668
3232988471.7494345	0.2256654	0.3020107	0.0711851	0.1258351	0.0687494	0.1465929	0.2280024	0.2812209	0.0912089	0.1487590	0.3077371	0.3486173	0.0794260	0.1567154	0.3197110	0.3413694
3232988471.7593226	0.2256586	0.3020029	0.0711851	0.1258162	0.0687500	0.1465979	0.2280220	0.2812209	0.0912088	0.1487626	0.3077418	0.3486295	0.0794237	0.1566795	0.3197159	0.3413720
3232988471.7692108	0.2256798	0.3020166	0.0711895	0.1258192	0.0687640	0.1465759	0.2280122	0.2812197	0.0912032	0.1487595	0.3077327	0.3486034	0.0794132	0.1566852	0.3197292	0.3413826
3232988471.7790990	0.2256622	0.3020001	0.0711888	0.1258225	0.0687597	0.1465825	0.2280120	0.2812229	0.0912155	0.1487420	0.3077582	0.3486175	0.0794285	0.1567081	0.3197334	0.3413632
3232988471.7889872	0.2256505	0.3019955	0.0711805	0.1258082	0.0687586	0.1465924	0.2280017	0.2812063	0.0911805	0.1487548	0.3077587	0.3486123	0.0794204	0.1567119	0.3197220	0.3413691
3232988471.7988753	0.2256636	0.3019856	0.0711689	0.1258159	0.0687383	0.1466061	0.2280112	0.2812286	0.0912044	0.1487604	0.3077357	0.3486191	0.0794069	0.1566813	0.3197130	0.3413718
3232988471.8087635	0.2256568	0.3020034	0.0711823	0.1258295	0.0687459	0.1465829	0.2280198	0.2812237	0.0911989	0.1487558	0.3077445	0.3486275	0.0793922	0.1566840	0.3197101	0.3413699
3232988471.8186502	0.2256603	0.3020040	0.0711797	0.1258081	0.0687583	0.1465875	0.2280182	0.2811967	0.0911896	0.1487566	0.3077568	0.3486239	0.0794131	0.1566903	0.3197144	0.3413779
3232988471.8285384	0.2256802	0.3020019	0.0711783	0.1258137	0.0687638	0.1465756	0.2280278	0.2812237	0.0911959	0.1487735	0.3077382	0.3486153	0.0794280	0.1567098	0.3197129	0.3413745
3232988471.8384266	0.2256692	0.3019918	0.0711586	0.1258243	0.0687609	0.1466025	0.2280167	0.2812118	0.0911928	0.1487617	0.3077482	0.3486230	0.0793985	0.1566854	0.3197165	0.3413741
3232988471.8483148	0.2256621	0.3020123	0.0711877	0.1258501	0.0687708	0.1465817	0.2280117	0.2811958	0.0912107	0.1487580	0.3077419	0.3486130	0.0793930	0.1567146	0.3197237	0.3413841
3232988471.8582029	0.2256603	0.3020115	0.0711848	0.1258095	0.0687408	0.1465941	0.2280129	0.2812273	0.0912039	0.1487619	0.3077475	0.3486238	0.0794129	0.1567047	0.3197195	0.3413777
3232988471.8680911	0.2256668	0.3020155	0.0711801	0.1258333	0.0687625	0.1465829	0.2280266	0.2812208	0.0912127	0.1487687	0.3077446	0.3486204	0.0794253	0.1567059	0.3197198	0.3413867
3232988471.8779793	0.2256825	0.3020104	0.0711889	0.1258326	0.0687468	0.1465934	0.2280087	0.2812189	0.0912062	0.1487649	0.3077494	0.3486346	0.0794073	0.1566883	0.3196996	0.3413703
3232988471.8878674	0.2256793	0.3019969	0.0711733	0.1258145	0.0687763	0.1465966	0.2280229	0.2812193	0.0911964	0.1487676	0.3077374	0.3486143	0.0794181	0.1567072	0.3197314	0.3413691
3232988471.8977556	0.2256598	0.3019966	0.0711695	0.1258283	0.0687580	0.1465935	0.2280081	0.2812021	0.0911843	0.1487833	0.3077549	0.3486142	0.0794114	0.1566949	0.3197160	0.3413785
3232988471.9076438	0.2256495	0.3019959	0.0711595	0.1258269	0.0687697	0.1465952	0.2280034	0.2811986	0.0911959	0.1487713	0.3077320	0.3486249	0.0794073	0.1566912	0.3197223	0.3413711
3232988471.9175301	0.2256693	0.3019861	0.0711678	0.1258346	0.0687379	0.1465847	0.2280247	0.2812342	0.0912146	0.1487707	0.3077475	0.3486285	0.0794174	0.1566983	0.3197262	0.3413862
3232988471.9274182	0.2256659	0.3020078	0.0711819	0.1258341	0.0687541	0.1466034	0.2280196	0.2812300	0.0911998	0.1487653	0.3077593	0.3486290	0.0794288	0.1566913	0.3197281	0.3413916
3232988471.9373064	0.2256679	0.3019945	0.0711773	0.1258299	0.0687444	0.1466082	0.2280187	0.2812369	0.0911897	0.1487683	0.3077470	0.3486249	0.0794211	0.1567010	0.3197176	0.3413746
3232988471.9471946	0.2256544	0.3020126	0.0711904	0.1258278	0.0687639	0.1465972	0.2280267	0.2812265	0.0912009	0.1487696	0.3077452	0.3486298	0.0794244	0.1566872	0.3197321	0.3413778
3232988471.9570827	0.2256565	0.3019905	0.0711637	0.1258317	0.0687439	0.1465829	0.2279982	0.2812140	0.0911926	0.1487704	0.3077516	0.3486210	0.0794129	0.1566994	0.3197245	0.3413788
3232988471.9669709	0.2256605	0.3019983	0.0711803	0.1258051	0.0687475	0.1465960	0.2280050	0.2812414	0.0911997	0.1487478	0.3077403	0.3486271	0.0794115	0.1567078	0.3197341	0.3413878
3232988471.9768591	0.2256679	0.3020056	0.0711828	0.1258270	0.0687433	0.1465936	0.2280369	0.2812262	0.0911950	0.1487622	0.3077512	0.3486391	0.0794059	0.1566843	0.3197353	0.3413828
3232988471.9867473	0.2256518	0.3020050	0.0711745	0.1258410	0.0687475	0.1466043	0.2280038	0.2812348	0.0911928	0.1487520	0.3077437	0.3486268	0.0794094	0.1566980	0.3197171	0.3414031
3232988471.9966354	0.2256576	0.3020113	0.0711784	0.1258308	0.0687620	0.1465944	0.2280216	0.2812245	0.0912117	0.1487684	0.3077461	0.3486276	0.0794321	0.1567107	0.3197266	0.3413798
3232988472.0065236	0.2256745	0.3020211	0.0711758	0.1258344	0.0687523	0.1465817	0.2280141	0.2812192	0.0912227	0.1487707	0.3077451	0.3486337	0.0794157	0.1567014	0.3197427	0.3413661
3232988472.0164099	0.2256479	0.3019998	0.0711618	0.1258300	0.0687510	0.1465925	0.2280343	0.2812265	0.0912054	0.1487569	0.3077408	0.3486360	0.0794136	0.1567060	0.3197394	0.3413817
3232988472.0262980	0.2256578	0.3020177	0.0711956	0.1258083	0.0687531	0.1465927	0.2280208	0.2812178	0.0912055	0.1487766	0.3077465	0.3486079	0.0794205	0.1566952	0.3197017	0.3413911
3232988472.0361862	0.2256674	0.3019927	0.0711766	0.1258513	0.0687390	0.1465964	0.2280262	0.2812289	0.0911951	0.1487703	0.3077552	0.3486246	0.0794122	0.1566896	0.3197090	0.3413730
3232988472.0460744	0.2256708	0.3020039	0.0711719	0.1258335	0.0687669	0.1465861	0.2280373	0.2812105	0.0911909	0.1487750	0.3077455	0.3486308	0.0794145	0.1567070	0.3197138	0.3413883
3232988472.0559626	0.2256759	0.3020135	0.0711747	0.1258268	0.0687504	0.1465921	0.2280078	0.2812300	0.0912119	0.1487690	0.3077466	0.3486178	0.0794103	0.1567027	0.3197228	0.3413921
3232988472.0658507	0.2256583	0.3019983	0.0711973	0.1258560	0.0687472	0.1465849	0.2280272	0.2812217	0.0911954	0.1487567	0.3077494	0.3486186	0.0794117	0.1567070	0.3197170	0.3413817
3232988472.0757389	0.2256722	0.3019999	0.0711854	0.1258203	0.0687361	0.1465917	0.2280080	0.2812269	0.0912138	0.1487636	0.3077430	0.3486315	0.0794175	0.1566893	0.3197303	0.3413590
3232988472.0856271	0.2256699	0.3020047	0.0711822	0.1258325	0.0687324	0.1465842	0.2280271	0.2812260	0.0912077	0.1487569	0.3077610	0.3486278	0.0794046	0.1567096	0.3197213	0.3413855
3232988472.0955152	0.2256615	0.3020066	0.0711769	0.1258248	0.0687487	0.1465887	0.2280276	0.2812186	0.0912025	0.1487585	0.3077419	0.3486182	0.0794134	0.1567128	0.3197169	0.3413686
3232988472.1054034	0.2256486	0.3020156	0.0711662	0.1258419	0.0687513	0.1465960	0.2280109	0.2812225	0.0911983	0.1487656	0.3077327	0.3486406	0.0794164	0.1566983	0.3197237	0.3413813
3232988472.1152902	0.2256595	0.3019932	0.0711718	0.1258373	0.0687395	0.1465880	0.2280175	0.2812404	0.0911995	0.1487742	0.3077455	0.3486378	0.0794040	0.1567011	0.3197293	0.3413872
3232988472.1251783	0.2256504	0.3020076	0.0711766	0.1258284	0.0687261	0.1465819	0.2280239	0.2812210	0.0911925	0.1487610	0.3077386	0.3486283	0.0794268	0.1566953	0.3197054	0.3413707
3232988472.1350665	0.2256757	0.3020088	0.0711865	0.1258273	0.0687464	0.1465848	0.2280227	0.2812256	0.0912045	0.1487786	0.3077421	0.3486513	0.0794081	0.1567016	0.3197193	0.3413824
3232988472.1449547	0.2256653	0.3019923	0.0711776	0.1258453	0.0687628	0.1465970	0.2280275	0.2812268	0.0912013	0.1487716	0.3077454	0.3486240	0.0794077	0.1566885	0.3197108	0.3413960
3232988472.1548429	0.2256713	0.3020123	0.0711912	0.1258304	0.0687342	0.1466078	0.2280134	0.2812285	0.0911951	0.1487778	0.3077373	0.3486211	0.0794131	0.1567135	0.3197334	0.3413805
3232988472.1647310	0.2256823	0.3020196	0.0711693	0.1258284	0.0687539	0.1465914	0.2280187	0.2812296	0.0912095	0.1487680	0.3077561	0.3486198	0.0794220	0.1567072	0.3197154	0.3413795
3232988472.1746192	0.2256511	0.3020001	0.0711710	0.1258336	0.0687472	0.1465883	0.2280240	0.2812376	0.0911833	0.1487736	0.3077468	0.3486332	0.0794044	0.1567102	0.3197218	0.3413892
3232988472.1845074	0.2256631	0.3020004	0.0711799	0.1258220	0.0687549	0.1465792	0.2280266	0.2812103	0.0912056	0.1487564	0.3077423	0.3486274	0.0794143	0.1567201	0.3197112	0.3413858
3232988472.1943955	0.2256690	0.3020230	0.0711831	0.1258275	0.0687490	0.1466063	0.2280188	0.2812348	0.0911894	0.1487587	0.3077628	0.3486465	0.0794021	0.1567081	0.3197309	0.3413711
3232988472.2042837	0.2256826	0.3019912	0.0711687	0.1258261	0.0687635	0.1465985	0.2280101	0.2812307	0.0912059	0.1487524	0.3077369	0.3486188	0.0794233	0.1567067	0.3197183	0.3413922
3232988472.2141700	0.2256743	0.3019996	0.0711762	0.1258407	0.0687671	0.1465797	0.2280110	0.2812406	0.0911959	0.1487741	0.3077435	0.3486309	0.0794183	0.1567118	0.3197202	0.3413675
3232988472.2240581	0.2256567	0.3020181	0.0711730	0.1258371	0.0687618	0.1465855	0.2280021	0.2812375	0.0912018	0.1487575	0.3077405	0.3486262	0.0794194	0.1566719	0.3197085	0.3413757
3232988472.2339463	0.2256636	0.3019996	0.0711818	0.1258352	0.0687556	0.1466040	0.2280042	0.2812243	0.0911940	0.1487677	0.3077487	0.3486252	0.0794096	0.1567164	0.3196926	0.3413785
3232988472.2438345	0.2256766	0.3019896	0.0711890	0.1258449	0.0687413	0.1465837	0.2280235	0.2812548	0.0912026	0.1487765	0.3077325	0.3486286	0.0794170	0.1567082	0.3197255	0.3414000
3232988472.2537227	0.2256602	0.3020076	0.0711821	0.1258247	0.0687631	0.1466096	0.2280191	0.2812348	0.0912051	0.1487624	0.3077332	0.3486224	0.0794130	0.1567195	0.3197303	0.3413861
3232988472.2636108	0.2256690	0.3020103	0.0711826	0.1258382	0.0687480	0.1465715	0.2280132	0.2812365	0.0911996	0.1487650	0.3077518	0.3486356	0.0794312	0.1567048	0.3197136	0.3413792
3232988472.2734990	0.2256874	0.3019968	0.0711741	0.1258184	0.0687487	0.1465871	0.2280267	0.2812333	0.0912061	0.1487607	0.3077577	0.3486344	0.0794252	0.1567079	0.3197310	0.3413886
3232988472.2833872	0.2256577	0.3020252	0.0711622	0.1258475	0.0687469	0.1465881	0.2280207	0.2812352	0.0911913	0.1487734	0.3077449	0.3486238	0.0794201	0.1567000	0.3197174	0.3413970
3232988472.2932754	0.2256610	0.3020274	0.0711751	0.1258409	0.0687503	0.1465980	0.2280135	0.2812487	0.0911905	0.1487780	0.3077464	0.3486480	0.0793883	0.1567073	0.3197254	0.3414011
3232988472.3031635	0.2256707	0.3019917	0.0711868	0.1258146	0.0687559	0.1466051	0.2280223	0.2812340	0.0911930	0.1487804	0.3077521	0.3486367	0.0794138	0.1566982	0.3197169	0.3413865
3232988472.3130503	0.2256506	0.3020281	0.0711835	0.1258320	0.0687650	0.1465905	0.2280268	0.2812210	0.0911994	0.1487783	0.3077544	0.3486347	0.0794164	0.1567229	0.3197294	0.3413815
3232988472.3229384	0.2256487	0.3020264	0.0711789	0.1258081	0.0687514	0.1465745	0.2280085	0.2812100	0.0912004	0.1487593	0.3077642	0.3486371	0.0794229	0.1566850	0.3197265	0.3413879
3232988472.3328266	0.2256697	0.3020260	0.0711895	0.1258189	0.0687615	0.1465866	0.2280070	0.2812247	0.0912111	0.1487729	0.3077596	0.3486503	0.0794144	0.1566901	0.3197204	0.3413980
3232988472.3427148	0.2256593	0.3020326	0.0711821	0.1258457	0.0687560	0.1465842	0.2280096	0.2812446	0.0912096	0.1487623	0.3077419	0.3486420	0.0794166	0.1566944	0.3197250	0.3413969
3232988472.3526030	0.2256793	0.3019999	0.0711810	0.1258368	0.0687582	0.1465863	0.2280211	0.2812293	0.0912000	0.1487947	0.3077268	0.3486439	0.0794036	0.1566931	0.3197242	0.3414032
3232988472.3624911	0.2256651	0.3020051	0.0711787	0.1258338	0.0687428	0.1466021	0.2280318	0.2812250	0.0912078	0.1487833	0.3077632	0.3486349	0.0794234	0.1567038	0.3197400	0.3414037
3232988472.3723793	0.2256636	0.3020103	0.0711694	0.1258335	0.0687598	0.1466053	0.2280184	0.2812210	0.0911858	0.1487529	0.3077668	0.3486464	0.0794064	0.1566950	0.3197379	0.3413894
3232988472.3822675	0.2256730	0.3019988	0.0711613	0.1258353	0.0687359	0.1466058	0.2280361	0.2812460	0.0911989	0.1487686	0.3077473	0.3486515	0.0794200	0.1566876	0.3197202	0.3414091
3232988472.3921556	0.2256682	0.3020289	0.0711907	0.1258280	0.0687563	0.1465791	0.2280216	0.2812277	0.0912021	0.1487522	0.3077447	0.3486578	0.0794348	0.1566965	0.3197318	0.3413835
3232988472.4020438	0.2256841	0.3019978	0.0711830	0.1258282	0.0687811	0.1466115	0.2280297	0.2812266	0.0911990	0.1487594	0.3077448	0.3486473	0.0794247	0.1566897	0.3197216	0.3413941
3232988472.4119301	0.2256670	0.3020134	0.0711879	0.1258194	0.0687603	0.1465946	0.2279998	0.2812370	0.0912067	0.1487691	0.3077576	0.3486405	0.0794194	0.1567182	0.3197229	0.3413740
3232988472.4218183	0.2256717	0.3020118	0.0711835	0.1258371	0.0687463	0.1465911	0.2280380	0.2812265	0.0911730	0.1487912	0.3077629	0.3486359	0.0794255	0.1567008	0.3197369	0.3414161
3232988472.4317064	0.2256560	0.3020016	0.0711866	0.1258201	0.0687602	0.1465960	0.2280197	0.2812353	0.0912018	0.1487807	0.3077541	0.3486233	0.0794092	0.1567161	0.3197220	0.3413930
3232988472.4415946	0.2256788	0.3019969	0.0711709	0.1258131	0.0687641	0.1465907	0.2280096	0.2812447	0.0912063	0.1487715	0.3077505	0.3486462	0.0794284	0.1567060	0.3197163	0.3413909
3232988472.4514828	0.2256667	0.3020205	0.0711764	0.1258322	0.0687501	0.1466011	0.2280303	0.2812442	0.0911897	0.1487734	0.3077294	0.3486312	0.0794240	0.1567036	0.3197288	0.3413916
3232988472.4613709	0.2256718	0.3020170	0.0711782	0.1258442	0.0687691	0.1465983	0.2280215	0.2812342	0.0912134	0.1487728	0.3077569	0.3486480	0.0794065	0.1567098	0.3197112	0.3414118
3232988472.4712591	0.2256644	0.3020247	0.0711810	0.1258388	0.0687571	0.1465952	0.2280208	0.2812132	0.0912044	0.1487817	0.3077619	0.3486569	0.0794054	0.1567037	0.3197150	0.3413967
3232988472.4811473	0.2256524	0.3020145	0.0711751	0.1258376	0.0687510	0.1465974	0.2280076	0.2812146	0.0912057	0.1487664	0.3077410	0.3486276	0.0794168	0.1567117	0.3197233	0.3414165
3232988472.4910355	0.2256636	0.3020328	0.0711700	0.1258190	0.0687529	0.1465855	0.2280165	0.2812197	0.0912001	0.1487508	0.3077490	0.3486367	0.0794040	0.1567096	0.3197222	0.3413800
3232988472.5009236	0.2256770	0.3020104	0.0711665	0.1258269	0.0687550	0.1465939	0.2280279	0.2812416	0.0912088	0.1487901	0.3077507	0.3486417	0.0794134	0.1567131	0.3197148	0.3413853
3232988472.5108099	0.2256578	0.3020254	0.0711825	0.1258464	0.0687633	0.1466009	0.2280204	0.2812254	0.0911854	0.1487482	0.3077496	0.3486309	0.0794069	0.1566889	0.3197096	0.3413883
3232988472.5206981	0.2256530	0.3020032	0.0711762	0.1258356	0.0687575	0.1465904	0.2280225	0.2812487	0.0911919	0.1487954	0.3077409	0.3486353	0.0794265	0.1567251	0.3197295	0.3413866
3232988472.5305862	0.2256614	0.3020142	0.0711724	0.1258241	0.0687443	0.1466057	0.2280230	0.2812341	0.0911878	0.1487682	0.3077504	0.3486321	0.0794044	0.1567174	0.3197331	0.3413825
3232988472.5404744	0.2256644	0.3020183	0.0711681	0.1258362	0.0687338	0.1465877	0.2280184	0.2812350	0.0912011	0.1487589	0.3077536	0.3486505	0.0794252	0.1567081	0.3197074	0.3414043
3232988472.5503626	0.2256639	0.3020109	0.0711774	0.1258322	0.0687440	0.1465949	0.2280316	0.2812373	0.0911930	0.1487707	0.3077545	0.3486575	0.0794115	0.1567077	0.3197277	0.3414086
3232988472.5602508	0.2256781	0.3020110	0.0711918	0.1258265	0.0687641	0.1466053	0.2280364	0.2812313	0.0911907	0.1487746	0.3077409	0.3486402	0.0794252	0.1567118	0.3197184	0.3414030
3232988472.5701389	0.2256641	0.3020126	0.0711877	0.1258323	0.0687455	0.1465891	0.2280288	0.2812306	0.0912203	0.1487768	0.3077459	0.3486620	0.0794269	0.1566960	0.3197289	0.3414114
3232988472.5800271	0.2256835	0.3020139	0.0711784	0.1258414	0.0687494	0.1466044	0.2280252	0.2812342	0.0912131	0.1487586	0.3077437	0.3486413	0.0794198	0.1566975	0.3197204	0.3414150
3232988472.5899153	0.2256677	0.3020210	0.0711731	0.1258186	0.0687660	0.1465948	0.2280280	0.2812351	0.0911839	0.1487611	0.3077310	0.3486381	0.0794025	0.1567058	0.3197415	0.3413973
3232988472.5998034	0.2256640	0.3020200	0.0711934	0.1258267	0.0687607	0.1465889	0.2280131	0.2812306	0.0911879	0.1487648	0.3077443	0.3486504	0.0794046	0.1567179	0.3197317	0.3414055
3232988472.6096902	0.2256534	0.3020080	0.0711686	0.1258287	0.0687623	0.1466173	0.2280241	0.2812512	0.0912053	0.1487798	0.3077673	0.3486428	0.0794061	0.1567366	0.3197419	0.3413806
3232988472.6195784	0.2256679	0.3020208	0.0711757	0.1258439	0.0687548	0.1465843	0.2280338	0.2812645	0.0911882	0.1487753	0.3077507	0.3486485	0.0794237	0.1567145	0.3197266	0.3414010
3232988472.6294665	0.2256863	0.3020379	0.0711780	0.1258346	0.0687534	0.1465858	0.2280315	0.2812331	0.0912023	0.1487905	0.3077370	0.3486566	0.0794149	0.1567129	0.3197281	0.3413917
3232988472.6393547	0.2256587	0.3020134	0.0711743	0.1258287	0.0687440	0.1465943	0.2280297	0.2812435	0.0912098	0.1487714	0.3077534	0.3486544	0.0794283	0.1567041	0.3197380	0.3413936
3232988472.6492429	0.2256739	0.3020055	0.0711803	0.1258223	0.0687352	0.1465989	0.2280218	0.2812293	0.0912228	0.1487584	0.3077387	0.3486408	0.0794040	0.1567141	0.3197174	0.3414021
3232988472.6591310	0.2256673	0.3020274	0.0711679	0.1258310	0.0687454	0.1466040	0.2280159	0.2812439	0.0911896	0.1487892	0.3077513	0.3486492	0.0794132	0.1567189	0.3197297	0.3414029
3232988472.6690192	0.2256853	0.3020211	0.0711624	0.1258400	0.0687483	0.1465857	0.2280201	0.2812357	0.0912083	0.1487858	0.3077476	0.3486557	0.0794045	0.1567147	0.3197160	0.3413862
3232988472.6789074	0.2256660	0.3020180	0.0711702	0.1258230	0.0687549	0.1465838	0.2280172	0.2812448	0.0912055	0.1487873	0.3077579	0.3486382	0.0794271	0.1567003	0.3197462	0.3414043
3232988472.6887956	0.2256662	0.3020104	0.0711873	0.1258275	0.0687234	0.1466056	0.2280347	0.2812405	0.0912175	0.1487773	0.3077701	0.3486424	0.0794148	0.1567350	0.3197357	0.3413932
3232988472.6986837	0.2256565	0.3020255	0.0711756	0.1258396	0.0687376	0.1465902	0.2280274	0.2812286	0.0912079	0.1487710	0.3077443	0.3486503	0.0794024	0.1567130	0.3197189	0.3414031
3232988472.7085700	0.2256788	0.3020235	0.0711709	0.1258428	0.0687653	0.1465889	0.2280041	0.2812434	0.0911986	0.1487817	0.3077544	0.3486360	0.0794168	0.1567018	0.3197259	0.3413872
3232988472.7184582	0.2256796	0.3020109	0.0711893	0.1258387	0.0687473	0.1465787	0.2280227	0.2812301	0.0912056	0.1487778	0.3077661	0.3486474	0.0794268	0.1567051	0.3197402	0.3413977
3232988472.7283463	0.2256734	0.3020025	0.0711757	0.1258539	0.0687540	0.1465937	0.2280223	0.2812482	0.0912063	0.1487690	0.3077481	0.3486573	0.0794237	0.1567260	0.3197440	0.3413822
3232988472.7382345	0.2256630	0.3020008	0.0711707	0.1258458	0.0687525	0.1466063	0.2280100	0.2812400	0.0911981	0.1487790	0.3077614	0.3486423	0.0794183	0.1567187	0.3197421	0.3413868
3232988472.7481227	0.2256466	0.3020185	0.0711555	0.1258236	0.0687610	0.1465898	0.2280195	0.2812322	0.0911954	0.1487721	0.3077553	0.3486562	0.0794267	0.1567235	0.3197329	0.3413835
3232988472.7580109	0.2256428	0.3020118	0.0711751	0.1258305	0.0687453	0.1465810	0.2280298	0.2812254	0.0911987	0.1487810	0.3077592	0.3486412	0.0794075	0.1567098	0.3197204	0.3413954
3232988472.7678990	0.2256715	0.3020206	0.0711797	0.1258300	0.0687656	0.1465971	0.2280190	0.2812198	0.0912082	0.1487878	0.3077638	0.3486495	0.0794238	0.1567154	0.3197257	0.3414058
3232988472.7777872	0.2256815	0.3020268	0.0711857	0.1258216	0.0687545	0.1465947	0.2280073	0.2812284	0.0912059	0.1487841	0.3077496	0.3486439	0.0794154	0.1567173	0.3197367	0.3413996
3232988472.7876754	0.2256718	0.3020235	0.0711805	0.1258323	0.0687664	0.1465811	0.2280168	0.2812489	0.0912102	0.1487879	0.3077549	0.3486381	0.0794351	0.1567088	0.3197342	0.3413967
3232988472.7975636	0.2256664	0.3019954	0.0711855	0.1258399	0.0687412	0.1465861	0.2280204	0.2812308	0.0911940	0.1487736	0.3077586	0.3486558	0.0794191	0.1567209	0.3197367	0.3413797
3232988472.8074503	0.2256691	0.3020145	0.0711677	0.1258271	0.0687413	0.1465812	0.2280095	0.2812364	0.0911957	0.1487649	0.3077469	0.3486398	0.0794092	0.1567207	0.3197278	0.3414002
3232988472.8173385	0.2256564	0.3020056	0.0711845	0.1258495	0.0687500	0.1465958	0.2280207	0.2812312	0.0911953	0.1487667	0.3077406	0.3486369	0.0794109	0.1567034	0.3197321	0.3414008
3232988472.8272266	0.2256688	0.3020274	0.0711810	0.1258419	0.0687542	0.1465966	0.2280398	0.2812471	0.0912274	0.1487606	0.3077559	0.3486546	0.0794237	0.1567094	0.3197273	0.3413990
3232988472.8371148	0.2256692	0.3020189	0.0711906	0.1258355	0.0687608	0.1465906	0.2280332	0.2812459	0.0912042	0.1487762	0.3077667	0.3486301	0.0794272	0.1567066	0.3197228	0.3413845
3232988472.8470030	0.2256576	0.3020219	0.0711834	0.1258448	0.0687558	0.1465731	0.2280057	0.2812507	0.0912098	0.1487676	0.3077538	0.3486354	0.0794211	0.1567060	0.3197308	0.3414037
3232988472.8568912	0.2256505	0.3020149	0.0711664	0.1258461	0.0687490	0.1465995	0.2280156	0.2812426	0.0912013	0.1487730	0.3077623	0.3486295	0.0794083	0.1566873	0.3197236	0.3413813
3232988472.8667793	0.2256649	0.3020277	0.0711723	0.1258287	0.0687437	0.1466065	0.2280116	0.2812330	0.0911981	0.1487837	0.3077419	0.3486531	0.0794150	0.1567056	0.3197207	0.3414041
3232988472.8766675	0.2256824	0.3020202	0.0711825	0.1258264	0.0687619	0.1466069	0.2280068	0.2812296	0.0912119	0.1487756	0.3077615	0.3486370	0.0794097	0.1567172	0.3197350	0.3414011
3232988472.8865557	0.2256805	0.3020184	0.0711724	0.1258363	0.0687544	0.1465936	0.2280237	0.2812339	0.0911981	0.1487542	0.3077411	0.3486527	0.0793915	0.1566927	0.3197234	0.3413905
3232988472.8964438	0.2256814	0.3020166	0.0711909	0.1258465	0.0687609	0.1465938	0.2280356	0.2812307	0.0912022	0.1487884	0.3077352	0.3486469	0.0794241	0.1567191	0.3197314	0.3414154
3232988472.9063301	0.2256784	0.3020089	0.0711742	0.1258440	0.0687513	0.1465924	0.2280339	0.2812343	0.0912191	0.1487660	0.3077538	0.3486282	0.0794155	0.1567108	0.3197300	0.3413983
3232988472.9162183	0.2256492	0.3020198	0.0711773	0.1258279	0.0687502	0.1465884	0.2280210	0.2812383	0.0912017	0.1487778	0.3077593	0.3486482	0.0794087	0.1567041	0.3197273	0.3413908
3232988472.9261065	0.2256668	0.3020139	0.0711823	0.1258468	0.0687373	0.1466064	0.2280284	0.2812392	0.0911952	0.1487725	0.3077513	0.3486247	0.0794307	0.1567066	0.3197166	0.3414045
3232988472.9359946	0.2256887	0.3020015	0.0711841	0.1258326	0.0687547	0.1466103	0.2280387	0.2812257	0.0911882	0.1487647	0.3077616	0.3486589	0.0794099	0.1567145	0.3197459	0.3413942
3232988472.9458828	0.2256647	0.3020236	0.0711662	0.1258433	0.0687482	0.1465950	0.2280173	0.2812378	0.0911957	0.1487689	0.3077574	0.3486332	0.0794063	0.1567188	0.3197481	0.3413825
3232988472.9557710	0.2256644	0.3020167	0.0711829	0.1258396	0.0687586	0.1465875	0.2280164	0.2812272	0.0912236	0.1487741	0.3077407	0.3486356	0.0794185	0.1566918	0.3197267	0.3413851
3232988472.9656591	0.2256711	0.3020272	0.0711717	0.1258468	0.0687368	0.1465906	0.2280148	0.2812343	0.0911964	0.1487664	0.3077544	0.3486482	0.0794094	0.1567021	0.3197173	0.3413944
3232988472.9755473	0.2256784	0.3019966	0.0711777	0.1258449	0.0687459	0.1466057	0.2280310	0.2812239	0.0912012	0.1487664	0.3077610	0.3486404	0.0794133	0.1567095	0.3197245	0.3413867
3232988472.9854355	0.2256765	0.3020256	0.0711866	0.1258323	0.0687546	0.1466138	0.2280241	0.2812423	0.0912120	0.1487595	0.3077657	0.3486499	0.0793844	0.1567030	0.3197330	0.3413933
3232988472.9953237	0.2256812	0.3020325	0.0711734	0.1258185	0.0687473	0.1465877	0.2280394	0.2812378	0.0912001	0.1487805	0.3077407	0.3486266	0.0794149	0.1567112	0.3197281	0.3413958
3232988473.0052099	0.2256494	0.3020096	0.0711794	0.1258272	0.0687624	0.1466022	0.2280307	0.2812248	0.0912005	0.1487793	0.3077522	0.3486381	0.0794108	0.1567065	0.3197270	0.3414151
3232988473.0150981	0.2256752	0.3020175	0.0711714	0.1258286	0.0687562	0.1466124	0.2280225	0.2812509	0.0912131	0.1487896	0.3077385	0.3486493	0.0794120	0.1567179	0.3197292	0.3413968
3232988473.0249863	0.2256643	0.3020203	0.0711970	0.1258127	0.0687514	0.1465861	0.2280287	0.2812316	0.0912106	0.1487744	0.3077593	0.3486411	0.0794088	0.1567153	0.3197250	0.3413879
3232988473.0348744	0.2256870	0.3020139	0.0711722	0.1258371	0.0687508	0.1465819	0.2280099	0.2812438	0.0912095	0.1487587	0.3077425	0.3486326	0.0794315	0.1567243	0.3197381	0.3413906
3232988473.0447626	0.2256743	0.3020215	0.0711978	0.1258382	0.0687582	0.1465791	0.2280148	0.2812258	0.0911987	0.1487653	0.3077340	0.3486505	0.0794123	0.1567097	0.3197145	0.3413960
3232988473.0546508	0.2256749	0.3020242	0.0711770	0.1258217	0.0687671	0.1466095	0.2280252	0.2812446	0.0911870	0.1487744	0.3077488	0.3486442	0.0794146	0.1567234	0.3197396	0.3414132
3232988473.0645390	0.2256754	0.3020173	0.0711830	0.1258363	0.0687592	0.1465915	0.2280414	0.2812383	0.0912045	0.1487623	0.3077645	0.3486438	0.0794188	0.1567050	0.3197063	0.3413969
3232988473.0744271	0.2256646	0.3020088	0.0711903	0.1258538	0.0687459	0.1465936	0.2280153	0.2812474	0.0912113	0.1487693	0.3077593	0.3486407	0.0794117	0.1567102	0.3197428	0.3413832
3232988473.0843153	0.2256716	0.3020203	0.0711549	0.1258239	0.0687559	0.1465993	0.2279991	0.2812122	0.0911931	0.1487662	0.3077451	0.3486360	0.0794214	0.1567010	0.3197180	0.3413864
3232988473.0942035	0.2256687	0.3020265	0.0711649	0.1258244	0.0687384	0.1465918	0.2280353	0.2812539	0.0912044	0.1487825	0.3077527	0.3486361	0.0794277	0.1567068	0.3197286	0.3413969
