3232987659.9149699	0.2513683	0.3107344	0.1302472	0.2113177	0.1713963	0.2990719	0.2100995	0.2229386	0.2131206	0.2887029	0.2487063	0.2466616	0.2003349	0.2987196	0.2617294	0.2373398
3232987659.9248581	0.2513707	0.3107372	0.1302192	0.2113111	0.1713981	0.2990589	0.2101008	0.2229167	0.2131023	0.2887030	0.2487227	0.2466780	0.2003298	0.2987433	0.2617257	0.2373645
3232987659.9347463	0.2513661	0.3107291	0.1302262	0.2113082	0.1714012	0.2990750	0.2101014	0.2229337	0.2131117	0.2886999	0.2487179	0.2466589	0.2003336	0.2987356	0.2617376	0.2373386
3232987659.9446344	0.2513632	0.3107211	0.1302344	0.2113099	0.1714206	0.2990923	0.2100800	0.2229136	0.2131252	0.2887131	0.2487316	0.2466886	0.2003391	0.2987401	0.2617259	0.2373534
3232987659.9545226	0.2513719	0.3107362	0.1302386	0.2113117	0.1714011	0.2990827	0.2100945	0.2229370	0.2131344	0.2887024	0.2487183	0.2467080	0.2003318	0.2987378	0.2617409	0.2373506
3232987659.9644108	0.2513956	0.3107237	0.1302310	0.2113051	0.1714128	0.2990750	0.2101083	0.2229293	0.2131396	0.2887137	0.2487439	0.2466719	0.2003432	0.2987452	0.2617205	0.2373625
3232987659.9742990	0.2513664	0.3107281	0.1302431	0.2113126	0.1714098	0.2990595	0.2101005	0.2229233	0.2131377	0.2886934	0.2487190	0.2466890	0.2003284	0.2987587	0.2617229	0.2373360
3232987659.9841871	0.2513721	0.3107049	0.1302203	0.2113068	0.1714001	0.2990499	0.2100997	0.2229158	0.2131250	0.2887162	0.2487227	0.2466808	0.2003403	0.2987365	0.2617302	0.2373583
3232987659.9940753	0.2513521	0.3107114	0.1302356	0.2113203	0.1713817	0.2990652	0.2100871	0.2229239	0.2131389	0.2887049	0.2487084	0.2466795	0.2003251	0.2987319	0.2617319	0.2373600
3232987660.0039635	0.2513661	0.3107289	0.1302407	0.2113180	0.1713855	0.2990637	0.2101028	0.2229253	0.2131426	0.2887065	0.2487122	0.2466758	0.2003466	0.2987344	0.2617406	0.2373582
3232987660.0138502	0.2513869	0.3107217	0.1302356	0.2113135	0.1714130	0.2990618	0.2100927	0.2229005	0.2131245	0.2887087	0.2487134	0.2466744	0.2003395	0.2987592	0.2617397	0.2373684
3232987660.0237384	0.2513835	0.3107181	0.1302481	0.2113046	0.1714202	0.2990675	0.2100936	0.2229172	0.2131165	0.2887062	0.2487239	0.2466938	0.2003406	0.2987436	0.2617448	0.2373442
3232987660.0336266	0.2513597	0.3107257	0.1302433	0.2113266	0.1714211	0.2990607	0.2100848	0.2229104	0.2131404	0.2886855	0.2487326	0.2466775	0.2003251	0.2987422	0.2617523	0.2373547
3232987660.0435147	0.2513554	0.3107049	0.1302451	0.2113180	0.1714054	0.2990685	0.2100912	0.2229217	0.2131216	0.2887018	0.2487366	0.2466803	0.2003459	0.2987284	0.2617263	0.2373353
3232987660.0534029	0.2513874	0.3107144	0.1302229	0.2113132	0.1714049	0.2990459	0.2100845	0.2229129	0.2131180	0.2887034	0.2487377	0.2466660	0.2003394	0.2987361	0.2617376	0.2373354
3232987660.0632911	0.2513845	0.3107094	0.1302379	0.2113087	0.1714121	0.2990846	0.2100956	0.2229103	0.2131002	0.2886903	0.2487122	0.2466693	0.2003429	0.2987200	0.2617377	0.2373125
3232987660.0731792	0.2513721	0.3107184	0.1302277	0.2113069	0.1714272	0.2990653	0.2101161	0.2229096	0.2131195	0.2886798	0.2487077	0.2466608	0.2003427	0.2987280	0.2617231	0.2373319
3232987660.0830674	0.2513828	0.3107098	0.1302182	0.2113125	0.1714274	0.2990872	0.2100982	0.2229254	0.2131025	0.2886849	0.2487128	0.2466613	0.2003228	0.2987240	0.2617294	0.2373125
3232987660.0929556	0.2513738	0.3107135	0.1302145	0.2112935	0.1713933	0.2990703	0.2100930	0.2229005	0.2130974	0.2886788	0.2487048	0.2466664	0.2003292	0.2987164	0.2617217	0.2373306
3232987660.1028438	0.2513742	0.3107237	0.1302299	0.2113084	0.1714095	0.2990823	0.2100833	0.2229069	0.2131089	0.2886738	0.2487218	0.2466778	0.2003163	0.2987245	0.2617267	0.2373300
3232987660.1127300	0.2513746	0.3107034	0.1302487	0.2113074	0.1713969	0.2990575	0.2101060	0.2229002	0.2131106	0.2886805	0.2487143	0.2466604	0.2003469	0.2987123	0.2617216	0.2373295
3232987660.1226182	0.2513848	0.3107190	0.1302232	0.2113085	0.1714088	0.2990553	0.2101012	0.2229193	0.2131282	0.2886748	0.2487244	0.2466698	0.2003358	0.2987403	0.2617336	0.2373439
3232987660.1325064	0.2513858	0.3107192	0.1302272	0.2112864	0.1714033	0.2990607	0.2100884	0.2229210	0.2131100	0.2886938	0.2487217	0.2466838	0.2003584	0.2987273	0.2617356	0.2373484
3232987660.1423945	0.2513909	0.3107154	0.1302314	0.2113018	0.1714084	0.2990580	0.2100777	0.2229106	0.2131288	0.2887028	0.2487438	0.2466689	0.2003373	0.2987452	0.2617317	0.2373245
3232987660.1522827	0.2513743	0.3107262	0.1302315	0.2112943	0.1714219	0.2990514	0.2100833	0.2229143	0.2131339	0.2887081	0.2487503	0.2466780	0.2003430	0.2987504	0.2617530	0.2373552
3232987660.1621709	0.2513950	0.3107134	0.1302183	0.2112954	0.1714032	0.2990712	0.2101010	0.2229265	0.2131259	0.2887029	0.2487363	0.2466691	0.2003414	0.2987483	0.2617301	0.2373515
3232987660.1720591	0.2513819	0.3107221	0.1302257	0.2113066	0.1714017	0.2990435	0.2100970	0.2229199	0.2131188	0.2886832	0.2486969	0.2466720	0.2003488	0.2987404	0.2617331	0.2373438
3232987660.1819472	0.2513813	0.3107264	0.1302324	0.2112891	0.1714062	0.2990531	0.2100873	0.2229215	0.2131372	0.2886914	0.2487106	0.2466581	0.2003257	0.2987248	0.2617237	0.2373182
3232987660.1918354	0.2513464	0.3107066	0.1302399	0.2113024	0.1714143	0.2990714	0.2100898	0.2228948	0.2131216	0.2886724	0.2487127	0.2466622	0.2003311	0.2987403	0.2617286	0.2373388
3232987660.2017236	0.2513854	0.3107076	0.1302222	0.2113107	0.1713984	0.2990654	0.2100933	0.2229032	0.2130994	0.2886811	0.2487120	0.2466717	0.2003207	0.2987182	0.2617344	0.2373325
3232987660.2116103	0.2513810	0.3107164	0.1302347	0.2113075	0.1713958	0.2990544	0.2100865	0.2229035	0.2131212	0.2886942	0.2487119	0.2466801	0.2003331	0.2987234	0.2617327	0.2373353
3232987660.2214985	0.2513846	0.3107258	0.1302456	0.2113081	0.1714044	0.2990611	0.2100971	0.2229011	0.2131210	0.2886980	0.2487368	0.2466801	0.2003260	0.2987323	0.2617351	0.2373338
3232987660.2313867	0.2513616	0.3107180	0.1302363	0.2113047	0.1714089	0.2990594	0.2100990	0.2229141	0.2131092	0.2886816	0.2487142	0.2466647	0.2003440	0.2987204	0.2617246	0.2373312
3232987660.2412748	0.2513627	0.3106892	0.1302270	0.2112868	0.1713985	0.2990481	0.2100978	0.2229086	0.2131264	0.2886945	0.2487315	0.2466875	0.2003307	0.2987277	0.2617466	0.2373279
3232987660.2511630	0.2513593	0.3107107	0.1302459	0.2112987	0.1713948	0.2990444	0.2100921	0.2228966	0.2131210	0.2886808	0.2487222	0.2466605	0.2003279	0.2987427	0.2617303	0.2373440
3232987660.2610512	0.2513665	0.3107056	0.1302075	0.2112883	0.1713896	0.2990488	0.2100928	0.2229077	0.2131207	0.2886909	0.2487489	0.2466639	0.2003530	0.2987386	0.2617452	0.2373385
3232987660.2709393	0.2513781	0.3107131	0.1302191	0.2112990	0.1713978	0.2990636	0.2100928	0.2229181	0.2131408	0.2887017	0.2487330	0.2466741	0.2003485	0.2987555	0.2617228	0.2373425
3232987660.2808275	0.2513745	0.3106987	0.1302282	0.2113044	0.1714245	0.2990571	0.2100849	0.2229000	0.2131212	0.2886961	0.2487350	0.2466619	0.2003481	0.2987172	0.2617341	0.2373314
3232987660.2907157	0.2513848	0.3107154	0.1302357	0.2113013	0.1714067	0.2990454	0.2101070	0.2229116	0.2131015	0.2886959	0.2487281	0.2466690	0.2003345	0.2987229	0.2617398	0.2373367
3232987660.3006039	0.2513542	0.3107173	0.1302227	0.2113042	0.1713851	0.2990474	0.2100710	0.2228981	0.2131322	0.2887004	0.2487053	0.2466574	0.2003492	0.2987259	0.2617585	0.2373137
3232987660.3104901	0.2514013	0.3107020	0.1302172	0.2113058	0.1714098	0.2990390	0.2100856	0.2229072	0.2131264	0.2886611	0.2487290	0.2466477	0.2003465	0.2987154	0.2617240	0.2373345
3232987660.3203783	0.2513623	0.3107241	0.1302561	0.2113017	0.1714137	0.2990664	0.2101027	0.2229186	0.2131407	0.2886908	0.2487355	0.2466594	0.2003491	0.2987325	0.2617254	0.2373361
3232987660.3302665	0.2513781	0.3107071	0.1302341	0.2113045	0.1714047	0.2990287	0.2101052	0.2228849	0.2131119	0.2886889	0.2487291	0.2466697	0.2003457	0.2987393	0.2617323	0.2373242
3232987660.3401546	0.2513679	0.3107237	0.1302437	0.2113008	0.1713984	0.2990545	0.2100888	0.2229094	0.2131290	0.2886718	0.2487317	0.2466571	0.2003485	0.2987220	0.2617256	0.2373395
3232987660.3500428	0.2513662	0.3107236	0.1302031	0.2112973	0.1714128	0.2990548	0.2100902	0.2228916	0.2131062	0.2886859	0.2487193	0.2466684	0.2003326	0.2987173	0.2617400	0.2373370
3232987660.3599310	0.2513630	0.3106802	0.1302108	0.2113109	0.1714010	0.2990407	0.2100930	0.2228980	0.2131392	0.2886859	0.2487233	0.2466647	0.2003613	0.2987238	0.2617204	0.2373476
3232987660.3698192	0.2513645	0.3107075	0.1302336	0.2113093	0.1714012	0.2990486	0.2100875	0.2228971	0.2131235	0.2886724	0.2487163	0.2466676	0.2003264	0.2987243	0.2617328	0.2373164
3232987660.3797073	0.2513607	0.3106851	0.1302195	0.2113098	0.1714128	0.2990407	0.2101089	0.2229177	0.2131263	0.2886895	0.2487240	0.2466427	0.2003151	0.2987332	0.2617341	0.2373368
3232987660.3895955	0.2513795	0.3107010	0.1302324	0.2113029	0.1714076	0.2990521	0.2101058	0.2228995	0.2131260	0.2886768	0.2487283	0.2466627	0.2003302	0.2987253	0.2617196	0.2373373
3232987660.3994837	0.2513709	0.3107142	0.1302412	0.2113007	0.1714124	0.2990363	0.2100988	0.2228983	0.2131354	0.2886798	0.2487311	0.2466599	0.2003427	0.2987179	0.2617232	0.2373347
3232987660.4093699	0.2513681	0.3106958	0.1302174	0.2112778	0.1714022	0.2990493	0.2100866	0.2228983	0.2131098	0.2886887	0.2487299	0.2466445	0.2003299	0.2987285	0.2617291	0.2373307
3232987660.4192581	0.2513779	0.3106991	0.1302173	0.2112858	0.1713964	0.2990557	0.2101110	0.2229100	0.2131099	0.2886754	0.2487136	0.2466594	0.2003356	0.2987090	0.2617212	0.2373291
3232987660.4291463	0.2513743	0.3107078	0.1302283	0.2112994	0.1714068	0.2990452	0.2100883	0.2229051	0.2131124	0.2886864	0.2487297	0.2466521	0.2003322	0.2987017	0.2617350	0.2373390
3232987660.4390345	0.2513875	0.3107028	0.1302345	0.2113061	0.1714124	0.2990446	0.2100966	0.2229020	0.2131275	0.2886868	0.2487147	0.2466688	0.2003242	0.2987051	0.2617401	0.2373375
3232987660.4489226	0.2513870	0.3107050	0.1302292	0.2112896	0.1714145	0.2990334	0.2100797	0.2229047	0.2131058	0.2886546	0.2487095	0.2466619	0.2003311	0.2987068	0.2617066	0.2373302
3232987660.4588108	0.2513827	0.3107116	0.1302251	0.2112807	0.1714076	0.2990470	0.2101038	0.2228945	0.2131122	0.2886746	0.2487261	0.2466611	0.2003356	0.2987178	0.2617333	0.2373270
3232987660.4686990	0.2513660	0.3106889	0.1302140	0.2112800	0.1714115	0.2990630	0.2100897	0.2229129	0.2131187	0.2886886	0.2487313	0.2466566	0.2003379	0.2987197	0.2617197	0.2373441
3232987660.4785871	0.2513696	0.3106880	0.1302433	0.2112833	0.1714043	0.2990486	0.2101011	0.2229050	0.2131160	0.2886841	0.2487427	0.2466777	0.2003444	0.2987124	0.2617310	0.2373330
3232987660.4884753	0.2513867	0.3106966	0.1302199	0.2112884	0.1714083	0.2990454	0.2100909	0.2229230	0.2131082	0.2886828	0.2487333	0.2466609	0.2003393	0.2987093	0.2617357	0.2373343
3232987660.4983635	0.2513758	0.3107058	0.1302179	0.2112808	0.1714165	0.2990455	0.2100953	0.2229077	0.2131065	0.2886670	0.2487116	0.2466455	0.2003591	0.2987175	0.2617410	0.2373266
3232987660.5082502	0.2513657	0.3107028	0.1302252	0.2112956	0.1714011	0.2990481	0.2100915	0.2229045	0.2131053	0.2886877	0.2487258	0.2466676	0.2003399	0.2987107	0.2617186	0.2373291
3232987660.5181384	0.2513624	0.3107061	0.1302091	0.2112959	0.1714035	0.2990571	0.2100823	0.2229038	0.2131053	0.2886860	0.2487404	0.2466700	0.2003205	0.2987145	0.2617267	0.2373342
3232987660.5280266	0.2513668	0.3106918	0.1302339	0.2112580	0.1714198	0.2990579	0.2100755	0.2229135	0.2131018	0.2886786	0.2487315	0.2466576	0.2003421	0.2987095	0.2617112	0.2373171
3232987660.5379148	0.2513825	0.3107137	0.1302240	0.2112834	0.1714119	0.2990244	0.2101005	0.2229069	0.2131263	0.2886738	0.2487219	0.2466696	0.2003331	0.2987218	0.2617154	0.2373162
3232987660.5478029	0.2513779	0.3106840	0.1302374	0.2113013	0.1714096	0.2990404	0.2100897	0.2229127	0.2131296	0.2886677	0.2487400	0.2466698	0.2003632	0.2987111	0.2617154	0.2373081
3232987660.5576911	0.2513592	0.3106936	0.1302426	0.2112903	0.1714014	0.2990363	0.2100820	0.2228954	0.2131194	0.2886735	0.2487309	0.2466628	0.2003394	0.2987117	0.2617371	0.2373347
3232987660.5675793	0.2513749	0.3107081	0.1302262	0.2112919	0.1713972	0.2990388	0.2100800	0.2228892	0.2131035	0.2886848	0.2487177	0.2466788	0.2003456	0.2987186	0.2617189	0.2373321
3232987660.5774674	0.2513553	0.3107090	0.1302431	0.2113085	0.1714117	0.2990315	0.2100917	0.2228868	0.2131093	0.2886691	0.2487396	0.2466555	0.2003333	0.2987206	0.2617539	0.2373277
3232987660.5873556	0.2513611	0.3106883	0.1302280	0.2112976	0.1714003	0.2990445	0.2101025	0.2228931	0.2131323	0.2886623	0.2487414	0.2466726	0.2003347	0.2987256	0.2617369	0.2373358
3232987660.5972438	0.2513799	0.3107094	0.1302421	0.2112921	0.1714088	0.2990447	0.2101080	0.2229044	0.2131091	0.2886956	0.2487262	0.2466753	0.2003365	0.2987127	0.2617397	0.2373474
3232987660.6071300	0.2513631	0.3106989	0.1302292	0.2113023	0.1714116	0.2990479	0.2101026	0.2229093	0.2131338	0.2886768	0.2487321	0.2466855	0.2003371	0.2987401	0.2617185	0.2373480
3232987660.6170182	0.2513677	0.3106950	0.1302368	0.2112955	0.1714051	0.2990469	0.2100934	0.2229034	0.2131058	0.2886793	0.2487166	0.2466481	0.2003269	0.2987230	0.2617403	0.2373328
3232987660.6269064	0.2513525	0.3106993	0.1302274	0.2113110	0.1714006	0.2990488	0.2100925	0.2229172	0.2131161	0.2886956	0.2487118	0.2466717	0.2003264	0.2987221	0.2617346	0.2373462
3232987660.6367946	0.2513845	0.3107109	0.1302270	0.2112775	0.1714064	0.2990476	0.2101034	0.2229027	0.2131272	0.2886885	0.2487274	0.2466766	0.2003456	0.2987099	0.2617167	0.2373461
3232987660.6466827	0.2513741	0.3107011	0.1302486	0.2112922	0.1714187	0.2990553	0.2100917	0.2229145	0.2131251	0.2886764	0.2487336	0.2466551	0.2003450	0.2987349	0.2617382	0.2373369
3232987660.6565709	0.2513863	0.3107053	0.1302403	0.2112973	0.1714034	0.2990353	0.2100972	0.2229237	0.2131134	0.2886768	0.2487322	0.2466681	0.2003512	0.2987267	0.2617407	0.2373346
3232987660.6664591	0.2513589	0.3106927	0.1302302	0.2112887	0.1714132	0.2990316	0.2100943	0.2229098	0.2131297	0.2886631	0.2487264	0.2466522	0.2003443	0.2987256	0.2617316	0.2373352
3232987660.6763473	0.2513806	0.3107005	0.1302085	0.2112959	0.1714138	0.2990352	0.2100856	0.2229057	0.2131153	0.2887093	0.2487332	0.2466625	0.2003403	0.2987152	0.2617315	0.2373087
3232987660.6862354	0.2513680	0.3107013	0.1302140	0.2113013	0.1713943	0.2990596	0.2100798	0.2229118	0.2131319	0.2886646	0.2487475	0.2466515	0.2003470	0.2987006	0.2617306	0.2373404
3232987660.6961236	0.2513667	0.3106969	0.1302702	0.2112783	0.1714111	0.2990557	0.2100949	0.2228889	0.2131186	0.2886912	0.2487240	0.2466647	0.2003144	0.2987167	0.2617608	0.2373223
3232987660.7060099	0.2513658	0.3107095	0.1302258	0.2113042	0.1714085	0.2990524	0.2100996	0.2229083	0.2131376	0.2886835	0.2487151	0.2466369	0.2003225	0.2987336	0.2617358	0.2373423
3232987660.7158980	0.2513733	0.3106989	0.1302272	0.2112848	0.1714213	0.2990615	0.2100946	0.2229071	0.2131336	0.2886954	0.2487170	0.2466584	0.2003246	0.2987216	0.2617567	0.2373460
3232987660.7257862	0.2513695	0.3106844	0.1302192	0.2112971	0.1713985	0.2990406	0.2100850	0.2229017	0.2131249	0.2886836	0.2487287	0.2466694	0.2003269	0.2987016	0.2617469	0.2373417
3232987660.7356744	0.2513613	0.3107033	0.1302222	0.2112884	0.1714076	0.2990384	0.2100838	0.2229188	0.2131248	0.2886851	0.2487281	0.2466570	0.2003489	0.2987062	0.2617303	0.2373452
3232987660.7455626	0.2513962	0.3106976	0.1302186	0.2112830	0.1714119	0.2990375	0.2101063	0.2229012	0.2131111	0.2886789	0.2487285	0.2466710	0.2003444	0.2987218	0.2617138	0.2373295
3232987660.7554507	0.2513748	0.3107103	0.1302417	0.2113323	0.1714238	0.2990405	0.2101047	0.2229131	0.2131406	0.2886683	0.2487353	0.2466605	0.2003217	0.2987259	0.2617378	0.2373260
3232987660.7653389	0.2513858	0.3107122	0.1302430	0.2112837	0.1714160	0.2990711	0.2100957	0.2229045	0.2131244	0.2886727	0.2487224	0.2466631	0.2003562	0.2987145	0.2617236	0.2373408
3232987660.7752271	0.2513805	0.3106932	0.1302146	0.2112968	0.1714073	0.2990424	0.2101042	0.2229078	0.2131243	0.2886726	0.2487305	0.2466563	0.2003324	0.2987385	0.2617238	0.2373376
3232987660.7851152	0.2513793	0.3106771	0.1302120	0.2112855	0.1714034	0.2990436	0.2100838	0.2228829	0.2131215	0.2886858	0.2487239	0.2466634	0.2003261	0.2987157	0.2617150	0.2373420
3232987660.7950034	0.2513803	0.3107088	0.1302181	0.2113002	0.1713884	0.2990250	0.2101071	0.2229083	0.2131206	0.2886641	0.2487258	0.2466606	0.2003278	0.2987169	0.2617186	0.2373351
3232987660.8048902	0.2513765	0.3106981	0.1302400	0.2112887	0.1714117	0.2990566	0.2100906	0.2229052	0.2131107	0.2886716	0.2487365	0.2466665	0.2003531	0.2987253	0.2617211	0.2373277
3232987660.8147783	0.2513804	0.3106950	0.1302242	0.2113088	0.1714042	0.2990525	0.2100994	0.2229077	0.2131217	0.2886873	0.2487240	0.2466663	0.2003453	0.2986904	0.2617247	0.2373262
3232987660.8246665	0.2513744	0.3106935	0.1302433	0.2112788	0.1714037	0.2990420	0.2101030	0.2229170	0.2131114	0.2886895	0.2487209	0.2466483	0.2003410	0.2987232	0.2617371	0.2373285
3232987660.8345547	0.2513748	0.3106988	0.1302115	0.2112919	0.1713756	0.2990335	0.2101039	0.2228724	0.2131223	0.2886672	0.2487302	0.2466762	0.2003521	0.2987030	0.2617287	0.2373330
3232987660.8444428	0.2513617	0.3107054	0.1302451	0.2112827	0.1714026	0.2990392	0.2100978	0.2229064	0.2131173	0.2886833	0.2487353	0.2466530	0.2003351	0.2987203	0.2617395	0.2373087
3232987660.8543310	0.2513703	0.3106987	0.1302422	0.2112969	0.1714128	0.2990470	0.2101005	0.2229093	0.2131108	0.2886676	0.2487287	0.2466427	0.2003584	0.2987084	0.2617390	0.2373408
3232987660.8642192	0.2513750	0.3106991	0.1302462	0.2112863	0.1714264	0.2990661	0.2100982	0.2229081	0.2131143	0.2886701	0.2487309	0.2466658	0.2003395	0.2987380	0.2617200	0.2373135
3232987660.8741074	0.2513826	0.3107031	0.1302249	0.2112913	0.1713992	0.2990627	0.2101075	0.2228926	0.2131217	0.2886692	0.2487317	0.2466602	0.2003218	0.2987019	0.2617227	0.2373405
3232987660.8839955	0.2513553	0.3107026	0.1302299	0.2112899	0.1714245	0.2990557	0.2100955	0.2229137	0.2131318	0.2886729	0.2487233	0.2466597	0.2003439	0.2987079	0.2617343	0.2373325
3232987660.8938837	0.2513849	0.3106879	0.1302356	0.2112998	0.1714163	0.2990428	0.2100990	0.2229032	0.2131039	0.2886588	0.2487425	0.2466608	0.2003259	0.2987099	0.2617242	0.2373301
3232987660.9037700	0.2513890	0.3106954	0.1302385	0.2112877	0.1714235	0.2990513	0.2101119	0.2229088	0.2131200	0.2886679	0.2487283	0.2466825	0.2003394	0.2987270	0.2617404	0.2373347
3232987660.9136581	0.2513729	0.3106917	0.1302146	0.2112907	0.1714280	0.2990501	0.2101028	0.2228933	0.2131155	0.2886666	0.2487326	0.2466606	0.2003506	0.2987203	0.2617495	0.2373251
3232987660.9235463	0.2513731	0.3107115	0.1302425	0.2112975	0.1714132	0.2990607	0.2100969	0.2228965	0.2131346	0.2886807	0.2487403	0.2466557	0.2003407	0.2987358	0.2617226	0.2373393
3232987660.9334345	0.2513704	0.3106868	0.1302448	0.2112718	0.1714150	0.2990478	0.2101021	0.2229114	0.2131286	0.2886885	0.2487287	0.2466611	0.2003330	0.2987309	0.2617410	0.2373161
3232987660.9433227	0.2513777	0.3107035	0.1302104	0.2112853	0.1714165	0.2990410	0.2101141	0.2229002	0.2131232	0.2886794	0.2487195	0.2466595	0.2003425	0.2987164	0.2617381	0.2373358
3232987660.9532108	0.2513661	0.3106973	0.1302289	0.2112960	0.1714052	0.2990573	0.2100943	0.2229146	0.2131248	0.2886737	0.2487229	0.2466706	0.2003513	0.2987235	0.2617360	0.2373145
3232987660.9630990	0.2513928	0.3106984	0.1302341	0.2113016	0.1714081	0.2990414	0.2101080	0.2229129	0.2131304	0.2886871	0.2487389	0.2466477	0.2003474	0.2987239	0.2617338	0.2373450
3232987660.9729872	0.2513833	0.3107083	0.1302460	0.2112967	0.1714320	0.2990415	0.2100946	0.2229177	0.2131171	0.2886760	0.2487360	0.2466857	0.2003498	0.2987087	0.2617430	0.2373407
3232987660.9828753	0.2513789	0.3106981	0.1302253	0.2112819	0.1714107	0.2990363	0.2101034	0.2229000	0.2131194	0.2886725	0.2487152	0.2466650	0.2003565	0.2987233	0.2617205	0.2373218
3232987660.9927635	0.2513620	0.3107110	0.1302196	0.2113073	0.1714137	0.2990486	0.2100962	0.2228920	0.2131247	0.2886661	0.2487398	0.2466683	0.2003262	0.2987213	0.2617335	0.2373248
3232987661.0026503	0.2513665	0.3106945	0.1302366	0.2112928	0.1714015	0.2990444	0.2101077	0.2228872	0.2131448	0.2886650	0.2487105	0.2466696	0.2003464	0.2987000	0.2617440	0.2373219
3232987661.0125384	0.2513741	0.3106966	0.1302268	0.2113072	0.1714256	0.2990594	0.2101022	0.2229140	0.2131346	0.2886744	0.2487434	0.2466509	0.2003230	0.2987143	0.2617293	0.2373186
3232987661.0224266	0.2513895	0.3107143	0.1302390	0.2112979	0.1714220	0.2990476	0.2101060	0.2228996	0.2131140	0.2886597	0.2487466	0.2466462	0.2003523	0.2987132	0.2617340	0.2373228
3232987661.0323148	0.2513895	0.3107154	0.1302292	0.2112838	0.1714284	0.2990397	0.2101071	0.2228822	0.2131105	0.2886838	0.2487567	0.2466554	0.2003407	0.2987079	0.2617466	0.2373252
3232987661.0422029	0.2513801	0.3106911	0.1302412	0.2112783	0.1714127	0.2990544	0.2101052	0.2229107	0.2131285	0.2886714	0.2487412	0.2466504	0.2003430	0.2987341	0.2617292	0.2373272
3232987661.0520911	0.2513882	0.3106854	0.1302363	0.2112757	0.1714093	0.2990482	0.2101011	0.2229045	0.2131346	0.2886827	0.2487224	0.2466799	0.2003330	0.2987258	0.2617445	0.2373307
3232987661.0619793	0.2513817	0.3106986	0.1302547	0.2112937	0.1714063	0.2990502	0.2100960	0.2229042	0.2131320	0.2886702	0.2487369	0.2466499	0.2003414	0.2987120	0.2617578	0.2373212
3232987661.0718675	0.2513942	0.3107093	0.1302403	0.2112945	0.1714137	0.2990274	0.2101087	0.2229088	0.2131197	0.2886870	0.2487205	0.2466568	0.2003403	0.2986979	0.2617702	0.2373278
3232987661.0817556	0.2513846	0.3106975	0.1302379	0.2112894	0.1714265	0.2990381	0.2101193	0.2228878	0.2131184	0.2886838	0.2487329	0.2466655	0.2003285	0.2987051	0.2617301	0.2373169
3232987661.0916438	0.2513652	0.3106922	0.1302359	0.2112928	0.1714184	0.2990374	0.2100981	0.2228959	0.2131422	0.2886690	0.2487338	0.2466755	0.2003401	0.2987325	0.2617487	0.2373271
3232987661.1015301	0.2513874	0.3106996	0.1302378	0.2112882	0.1713885	0.2990390	0.2101048	0.2229064	0.2131416	0.2886656	0.2487323	0.2466630	0.2003588	0.2987008	0.2617578	0.2373201
3232987661.1114182	0.2513925	0.3107078	0.1302445	0.2113091	0.1714212	0.2990586	0.2101113	0.2229056	0.2131394	0.2886794	0.2487276	0.2466621	0.2003361	0.2987235	0.2617435	0.2373351
3232987661.1213064	0.2513803	0.3106753	0.1302370	0.2112940	0.1714159	0.2990396	0.2101047	0.2229011	0.2131441	0.2886723	0.2487286	0.2466635	0.2003450	0.2987263	0.2617375	0.2373267
3232987661.1311946	0.2513905	0.3107076	0.1302422	0.2112926	0.1714181	0.2990432	0.2100990	0.2229140	0.2131165	0.2886752	0.2487385	0.2466511	0.2003684	0.2987194	0.2617512	0.2373191
3232987661.1410828	0.2513943	0.3106976	0.1302259	0.2112609	0.1714208	0.2990527	0.2101057	0.2228935	0.2131369	0.2886624	0.2487212	0.2466743	0.2003500	0.2987028	0.2617415	0.2373242
3232987661.1509709	0.2513735	0.3106864	0.1302260	0.2112930	0.1714058	0.2990205	0.2101068	0.2229058	0.2131381	0.2886836	0.2487203	0.2466643	0.2003368	0.2987192	0.2617295	0.2373165
3232987661.1608591	0.2513847	0.3106847	0.1302336	0.2113012	0.1714195	0.2990145	0.2100979	0.2229020	0.2131358	0.2886633	0.2487279	0.2466712	0.2003500	0.2987014	0.2617447	0.2373151
3232987661.1707473	0.2513772	0.3107053	0.1302376	0.2112869	0.1714078	0.2990574	0.2101122	0.2228907	0.2131319	0.2886766	0.2487386	0.2466504	0.2003542	0.2987062	0.2617549	0.2373303
3232987661.1806355	0.2513884	0.3107047	0.1302425	0.2112968	0.1714220	0.2990332	0.2101054	0.2229134	0.2131207	0.2886805	0.2487477	0.2466594	0.2003462	0.2987187	0.2617362	0.2373204
3232987661.1905236	0.2513875	0.3106744	0.1302412	0.2112876	0.1714215	0.2990419	0.2101077	0.2228892	0.2131244	0.2886719	0.2487348	0.2466464	0.2003582	0.2987115	0.2617518	0.2373274
3232987661.2004099	0.2513597	0.3106940	0.1302306	0.2112858	0.1714222	0.2990514	0.2101023	0.2228878	0.2131200	0.2886503	0.2487372	0.2466649	0.2003551	0.2987186	0.2617421	0.2373246
3232987661.2102981	0.2513789	0.3107015	0.1302392	0.2112831	0.1714031	0.2990248	0.2100871	0.2228996	0.2131114	0.2886597	0.2487344	0.2466437	0.2003514	0.2987122	0.2617325	0.2373119
3232987661.2201862	0.2513824	0.3107002	0.1302350	0.2112880	0.1714106	0.2990299	0.2101040	0.2229009	0.2131433	0.2886614	0.2487202	0.2466476	0.2003436	0.2987200	0.2617364	0.2373277
3232987661.2300744	0.2513939	0.3106859	0.1302288	0.2112920	0.1714105	0.2990514	0.2101231	0.2229015	0.2131307	0.2886523	0.2487401	0.2466521	0.2003503	0.2987103	0.2617379	0.2373268
3232987661.2399626	0.2513892	0.3106794	0.1302444	0.2113003	0.1714188	0.2990437	0.2101296	0.2229056	0.2131261	0.2886780	0.2487306	0.2466575	0.2003509	0.2987023	0.2617314	0.2373297
3232987661.2498507	0.2513732	0.3106925	0.1302462	0.2112741	0.1714062	0.2990635	0.2101037	0.2228911	0.2131205	0.2886716	0.2487411	0.2466400	0.2003442	0.2987094	0.2617341	0.2373303
3232987661.2597389	0.2513629	0.3106861	0.1302226	0.2112830	0.1714137	0.2990350	0.2101098	0.2228766	0.2131074	0.2886604	0.2487338	0.2466535	0.2003590	0.2987016	0.2617428	0.2373286
3232987661.2696271	0.2514004	0.3106943	0.1302295	0.2112994	0.1714094	0.2990394	0.2101109	0.2228932	0.2131398	0.2886643	0.2487188	0.2466637	0.2003494	0.2987163	0.2617504	0.2373262
3232987661.2795153	0.2513827	0.3106885	0.1302545	0.2112618	0.1714217	0.2990443	0.2101023	0.2229072	0.2131312	0.2886764	0.2487367	0.2466616	0.2003458	0.2987117	0.2617384	0.2373107
3232987661.2894034	0.2513817	0.3106852	0.1302386	0.2112960	0.1714107	0.2990358	0.2101064	0.2229210	0.2131272	0.2886731	0.2487290	0.2466494	0.2003420	0.2986980	0.2617450	0.2373211
3232987661.2992902	0.2514012	0.3107070	0.1302367	0.2113026	0.1714255	0.2990438	0.2101034	0.2229265	0.2131407	0.2886751	0.2487210	0.2466447	0.2003436	0.2987180	0.2617429	0.2373090
3232987661.3091784	0.2513743	0.3106997	0.1302221	0.2112933	0.1714198	0.2990328	0.2101121	0.2228889	0.2131297	0.2886678	0.2487357	0.2466560	0.2003424	0.2987073	0.2617265	0.2373204
3232987661.3190665	0.2513844	0.3106894	0.1302337	0.2112735	0.1714087	0.2990562	0.2100944	0.2228937	0.2131291	0.2886671	0.2487197	0.2466526	0.2003472	0.2987172	0.2617379	0.2373270
3232987661.3289547	0.2513743	0.3106819	0.1302502	0.2112707	0.1714181	0.2990389	0.2100965	0.2229054	0.2131219	0.2886784	0.2487400	0.2466470	0.2003530	0.2986995	0.2617500	0.2373270
3232987661.3388429	0.2514005	0.3106821	0.1302270	0.2113012	0.1714094	0.2990253	0.2101102	0.2229132	0.2131410	0.2886733	0.2487387	0.2466673	0.2003639	0.2987192	0.2617300	0.2373302
3232987661.3487310	0.2514138	0.3106937	0.1302244	0.2112804	0.1714155	0.2990429	0.2101020	0.2229075	0.2131278	0.2886733	0.2487245	0.2466664	0.2003425	0.2987052	0.2617470	0.2373208
3232987661.3586192	0.2513910	0.3107128	0.1302331	0.2112890	0.1714218	0.2990303	0.2100873	0.2229076	0.2131197	0.2886757	0.2487363	0.2466497	0.2003560	0.2987133	0.2617431	0.2373142
3232987661.3685074	0.2513853	0.3106837	0.1302360	0.2112792	0.1714228	0.2990244	0.2101025	0.2229098	0.2131219	0.2886790	0.2487339	0.2466519	0.2003446	0.2987187	0.2617263	0.2373191
3232987661.3783956	0.2513884	0.3106860	0.1302434	0.2112910	0.1714139	0.2990299	0.2100960	0.2228896	0.2131249	0.2886682	0.2487460	0.2466543	0.2003331	0.2987057	0.2617555	0.2373288
3232987661.3882837	0.2514075	0.3106893	0.1302492	0.2113050	0.1714087	0.2990327	0.2101111	0.2229158	0.2131291	0.2886782	0.2487265	0.2466536	0.2003622	0.2987122	0.2617575	0.2373202
3232987661.3981700	0.2514053	0.3107120	0.1302507	0.2112927	0.1714157	0.2990439	0.2101011	0.2228991	0.2131306	0.2886713	0.2487367	0.2466588	0.2003531	0.2987196	0.2617312	0.2373254
3232987661.4080582	0.2513761	0.3106842	0.1302339	0.2112936	0.1714255	0.2990430	0.2100972	0.2228901	0.2131160	0.2886644	0.2487242	0.2466588	0.2003388	0.2987222	0.2617594	0.2373188
3232987661.4179463	0.2513836	0.3106602	0.1302221	0.2112964	0.1714134	0.2990487	0.2100874	0.2229016	0.2131351	0.2886842	0.2487420	0.2466565	0.2003473	0.2987223	0.2617367	0.2373222
3232987661.4278345	0.2513786	0.3107124	0.1302437	0.2112905	0.1714155	0.2990429	0.2101138	0.2229305	0.2131270	0.2886797	0.2487149	0.2466564	0.2003459	0.2987300	0.2617337	0.2373179
3232987661.4377227	0.2513871	0.3107079	0.1302336	0.2112945	0.1714260	0.2990478	0.2101081	0.2228967	0.2131329	0.2886786	0.2487233	0.2466594	0.2003448	0.2987107	0.2617375	0.2373122
3232987661.4476109	0.2513840	0.3107052	0.1302368	0.2113006	0.1714223	0.2990495	0.2101160	0.2228987	0.2131428	0.2886566	0.2487462	0.2466542	0.2003543	0.2987121	0.2617424	0.2373404
3232987661.4574990	0.2513929	0.3107166	0.1302163	0.2112900	0.1714155	0.2990423	0.2100933	0.2228966	0.2131347	0.2886733	0.2487263	0.2466454	0.2003590	0.2987267	0.2617531	0.2373199
3232987661.4673872	0.2513851	0.3106936	0.1302329	0.2112914	0.1714241	0.2990380	0.2100885	0.2229097	0.2131340	0.2886727	0.2487453	0.2466505	0.2003537	0.2987089	0.2617412	0.2373240
3232987661.4772754	0.2513769	0.3107019	0.1302288	0.2112937	0.1714137	0.2990441	0.2101100	0.2228953	0.2131327	0.2886770	0.2487422	0.2466472	0.2003449	0.2987224	0.2617457	0.2373387
3232987661.4871635	0.2513964	0.3107041	0.1302476	0.2113015	0.1714312	0.2990417	0.2101045	0.2229139	0.2131386	0.2886649	0.2487343	0.2466663	0.2003317	0.2987203	0.2617407	0.2373274
3232987661.4970503	0.2513851	0.3107073	0.1302331	0.2112858	0.1714050	0.2990264	0.2100993	0.2229078	0.2131282	0.2886770	0.2487419	0.2466457	0.2003426	0.2987162	0.2617537	0.2373278
3232987661.5069385	0.2514080	0.3106941	0.1302309	0.2112722	0.1714124	0.2990551	0.2101125	0.2228890	0.2131242	0.2887020	0.2487310	0.2466718	0.2003543	0.2987024	0.2617347	0.2373384
3232987661.5168266	0.2513687	0.3106957	0.1302340	0.2112980	0.1714023	0.2990597	0.2101064	0.2229204	0.2131341	0.2886889	0.2487574	0.2466600	0.2003617	0.2987090	0.2617344	0.2373404
3232987661.5267148	0.2513811	0.3107044	0.1302379	0.2112927	0.1714162	0.2990696	0.2101040	0.2228973	0.2131191	0.2886631	0.2487462	0.2466610	0.2003397	0.2987247	0.2617415	0.2373187
3232987661.5366030	0.2513649	0.3106983	0.1302374	0.2112884	0.1714068	0.2990280	0.2101092	0.2229237	0.2131349	0.2886925	0.2487334	0.2466563	0.2003538	0.2987106	0.2617368	0.2373338
3232987661.5464911	0.2513899	0.3107115	0.1302449	0.2112921	0.1714278	0.2990525	0.2101252	0.2229070	0.2131286	0.2886814	0.2487338	0.2466759	0.2003610	0.2987317	0.2617480	0.2373233
3232987661.5563793	0.2513743	0.3106961	0.1302336	0.2112909	0.1714231	0.2990680	0.2101086	0.2228977	0.2131243	0.2886786	0.2487443	0.2466739	0.2003502	0.2987199	0.2617375	0.2373287
3232987661.5662675	0.2513741	0.3107057	0.1302267	0.2112900	0.1714244	0.2990499	0.2100880	0.2229072	0.2131405	0.2886768	0.2487368	0.2466519	0.2003438	0.2987355	0.2617460	0.2373186
3232987661.5761557	0.2513746	0.3107041	0.1302320	0.2112758	0.1714167	0.2990512	0.2100941	0.2228969	0.2131243	0.2886816	0.2487313	0.2466541	0.2003476	0.2987171	0.2617371	0.2373374
3232987661.5860438	0.2513796	0.3107146	0.1302375	0.2113031	0.1713941	0.2990516	0.2100903	0.2228982	0.2131361	0.2886631	0.2487381	0.2466644	0.2003492	0.2987169	0.2617489	0.2373550
3232987661.5959301	0.2513825	0.3107014	0.1302563	0.2112849	0.1714131	0.2990408	0.2101114	0.2229040	0.2131381	0.2886727	0.2487389	0.2466676	0.2003564	0.2987275	0.2617300	0.2373363
3232987661.6058183	0.2513902	0.3107071	0.1302369	0.2113129	0.1714164	0.2990341	0.2101154	0.2229010	0.2131306	0.2886747	0.2487452	0.2466689	0.2003583	0.2987176	0.2617315	0.2373232
3232987661.6157064	0.2513785	0.3107126	0.1302298	0.2113000	0.1714074	0.2990771	0.2101028	0.2229282	0.2131285	0.2886832	0.2487304	0.2466559	0.2003576	0.2987359	0.2617552	0.2373388
3232987661.6255946	0.2513757	0.3107052	0.1302422	0.2112979	0.1714253	0.2990437	0.2101152	0.2228970	0.2131264	0.2886763	0.2487357	0.2466577	0.2003361	0.2987176	0.2617444	0.2373361
3232987661.6354828	0.2513824	0.3107012	0.1302401	0.2112945	0.1714248	0.2990472	0.2101064	0.2229199	0.2131158	0.2886920	0.2487387	0.2466423	0.2003409	0.2987241	0.2617411	0.2373314
3232987661.6453710	0.2513707	0.3107042	0.1302258	0.2112834	0.1714209	0.2990683	0.2101052	0.2229187	0.2131447	0.2886594	0.2487162	0.2466635	0.2003463	0.2987380	0.2617381	0.2373166
3232987661.6552591	0.2513874	0.3107159	0.1302449	0.2112926	0.1714255	0.2990548	0.2100921	0.2229115	0.2131259	0.2886806	0.2487540	0.2466729	0.2003571	0.2987264	0.2617410	0.2373215
3232987661.6651473	0.2513935	0.3107139	0.1302452	0.2112973	0.1714228	0.2990501	0.2101216	0.2229080	0.2131214	0.2886896	0.2487303	0.2466518	0.2003529	0.2987205	0.2617401	0.2373420
3232987661.6750355	0.2513984	0.3107077	0.1302354	0.2112883	0.1714150	0.2990529	0.2100983	0.2229092	0.2131309	0.2886899	0.2487477	0.2466613	0.2003490	0.2987096	0.2617236	0.2373434
3232987661.6849236	0.2513657	0.3107163	0.1302340	0.2112950	0.1714120	0.2990589	0.2101074	0.2229212	0.2131269	0.2886952	0.2487431	0.2466655	0.2003492	0.2987509	0.2617229	0.2373184
3232987661.6948099	0.2513623	0.3106979	0.1302134	0.2113110	0.1714132	0.2990510	0.2100987	0.2229004	0.2131329	0.2886895	0.2487004	0.2466855	0.2003478	0.2987314	0.2617539	0.2373439
3232987661.7046981	0.2513815	0.3107232	0.1302351	0.2113026	0.1714172	0.2990439	0.2100970	0.2229133	0.2131383	0.2886785	0.2487446	0.2466587	0.2003450	0.2987200	0.2617314	0.2373350
3232987661.7145863	0.2513840	0.3107231	0.1302444	0.2112862	0.1714017	0.2990512	0.2101002	0.2229140	0.2131296	0.2886958	0.2487291	0.2466849	0.2003539	0.2987414	0.2617380	0.2373254
3232987661.7244744	0.2513876	0.3107104	0.1302278	0.2113012	0.1714037	0.2990598	0.2101091	0.2229193	0.2131393	0.2887052	0.2487468	0.2466507	0.2003310	0.2987382	0.2617483	0.2373363
3232987661.7343626	0.2513528	0.3107095	0.1302244	0.2113135	0.1714181	0.2990687	0.2101049	0.2229140	0.2131315	0.2886725	0.2487354	0.2466742	0.2003383	0.2987405	0.2617545	0.2373326
3232987661.7442508	0.2513859	0.3107096	0.1302283	0.2113051	0.1713958	0.2990459	0.2101026	0.2228987	0.2131232	0.2886998	0.2487244	0.2466795	0.2003584	0.2987295	0.2617349	0.2373338
3232987661.7541389	0.2513878	0.3107189	0.1302484	0.2112848	0.1714058	0.2990688	0.2100905	0.2229352	0.2131360	0.2886788	0.2487385	0.2466682	0.2003355	0.2987266	0.2617259	0.2373262
3232987661.7640271	0.2513940	0.3107135	0.1302305	0.2113173	0.1714195	0.2990541	0.2101010	0.2229190	0.2131242	0.2887024	0.2487308	0.2466616	0.2003629	0.2987284	0.2617201	0.2373484
3232987661.7739153	0.2513918	0.3107176	0.1302271	0.2112977	0.1713957	0.2990456	0.2101115	0.2229130	0.2131299	0.2886877	0.2487259	0.2466590	0.2003498	0.2987437	0.2617222	0.2373404
3232987661.7838035	0.2513840	0.3107009	0.1302192	0.2113115	0.1714149	0.2990429	0.2101039	0.2229150	0.2131298	0.2886836	0.2487470	0.2466899	0.2003463	0.2987138	0.2617457	0.2373292
3232987661.7936902	0.2513648	0.3107344	0.1302325	0.2112842	0.1714185	0.2990526	0.2101106	0.2229135	0.2131197	0.2887048	0.2487455	0.2466585	0.2003364	0.2987170	0.2617548	0.2373285
3232987661.8035784	0.2513748	0.3107286	0.1302505	0.2113195	0.1713928	0.2990573	0.2100892	0.2229133	0.2131376	0.2886937	0.2487280	0.2466875	0.2003495	0.2987247	0.2617348	0.2373188
3232987661.8134665	0.2513873	0.3107010	0.1302318	0.2113074	0.1714189	0.2990507	0.2101051	0.2228978	0.2131258	0.2886853	0.2487319	0.2466359	0.2003580	0.2987267	0.2617218	0.2373268
3232987661.8233547	0.2513689	0.3107041	0.1302326	0.2113194	0.1714308	0.2990485	0.2101028	0.2229072	0.2131394	0.2886756	0.2487444	0.2466725	0.2003421	0.2987394	0.2617418	0.2373105
3232987661.8332429	0.2513855	0.3107098	0.1302604	0.2112970	0.1714116	0.2990265	0.2101108	0.2229108	0.2131276	0.2886860	0.2487297	0.2466669	0.2003405	0.2987232	0.2617390	0.2373278
3232987661.8431311	0.2513691	0.3107050	0.1302513	0.2113026	0.1713974	0.2990454	0.2100967	0.2228935	0.2131165	0.2886820	0.2487558	0.2466637	0.2003484	0.2987107	0.2617423	0.2373364
3232987661.8530192	0.2513863	0.3107041	0.1302508	0.2113036	0.1714198	0.2990648	0.2101032	0.2229214	0.2131223	0.2886780	0.2487200	0.2466722	0.2003490	0.2987178	0.2617664	0.2373486
3232987661.8629074	0.2513903	0.3107248	0.1302349	0.2112928	0.1714121	0.2990324	0.2101185	0.2229035	0.2131235	0.2886835	0.2487405	0.2466561	0.2003608	0.2987356	0.2617221	0.2373212
3232987661.8727956	0.2513917	0.3107027	0.1302399	0.2112957	0.1714187	0.2990649	0.2101133	0.2229301	0.2131274	0.2886824	0.2487215	0.2466817	0.2003620	0.2987220	0.2617434	0.2373203
3232987661.8826838	0.2513919	0.3107018	0.1302315	0.2112897	0.1714134	0.2990526	0.2101054	0.2228994	0.2131332	0.2886844	0.2487392	0.2466734	0.2003457	0.2987178	0.2617518	0.2373320
3232987661.8925700	0.2513596	0.3107042	0.1302273	0.2113099	0.1714101	0.2990304	0.2100944	0.2229037	0.2131383	0.2886702	0.2487302	0.2466565	0.2003457	0.2987268	0.2617485	0.2373325
3232987661.9024582	0.2513950	0.3107054	0.1302237	0.2113104	0.1714164	0.2990522	0.2101078	0.2229131	0.2131121	0.2886747	0.2487376	0.2466767	0.2003650	0.2987171	0.2617630	0.2373259
3232987661.9123464	0.2513734	0.3107008	0.1302505	0.2113133	0.1714127	0.2990533	0.2101103	0.2229105	0.2131548	0.2886674	0.2487312	0.2466516	0.2003316	0.2987278	0.2617621	0.2373259
3232987661.9222345	0.2513818	0.3106939	0.1302583	0.2112993	0.1713972	0.2990471	0.2101108	0.2229042	0.2131461	0.2886700	0.2487375	0.2466688	0.2003522	0.2987205	0.2617458	0.2373205
3232987661.9321227	0.2513730	0.3107049	0.1302407	0.2113017	0.1714044	0.2990403	0.2100979	0.2229020	0.2131208	0.2886949	0.2487299	0.2466713	0.2003538	0.2987317	0.2617378	0.2373325
3232987661.9420109	0.2513992	0.3106915	0.1302366	0.2112794	0.1714209	0.2990568	0.2101203	0.2228870	0.2131211	0.2886937	0.2487299	0.2466694	0.2003534	0.2987132	0.2617528	0.2373148
3232987661.9518990	0.2513748	0.3107098	0.1302402	0.2112984	0.1713934	0.2990435	0.2100926	0.2228843	0.2131143	0.2886852	0.2487374	0.2466717	0.2003540	0.2987169	0.2617358	0.2373226
3232987661.9617872	0.2514070	0.3107057	0.1302348	0.2112832	0.1714117	0.2990641	0.2100921	0.2229138	0.2131250	0.2886536	0.2487247	0.2466537	0.2003282	0.2987241	0.2617471	0.2373301
3232987661.9716754	0.2513973	0.3107091	0.1302495	0.2112738	0.1714157	0.2990428	0.2101122	0.2229235	0.2131248	0.2886810	0.2487276	0.2466849	0.2003417	0.2987115	0.2617308	0.2373334
3232987661.9815636	0.2513764	0.3107075	0.1302355	0.2112816	0.1714115	0.2990502	0.2101175	0.2229032	0.2131286	0.2886775	0.2487433	0.2466700	0.2003485	0.2987262	0.2617401	0.2373437
3232987661.9914503	0.2513806	0.3107040	0.1302480	0.2112700	0.1713919	0.2990508	0.2101024	0.2228906	0.2131233	0.2886802	0.2487172	0.2466499	0.2003278	0.2987151	0.2617410	0.2373212
3232987662.0013385	0.2513884	0.3106970	0.1302234	0.2112959	0.1714052	0.2990370	0.2101012	0.2229205	0.2131281	0.2886869	0.2487347	0.2466606	0.2003301	0.2987231	0.2617278	0.2373228
3232987662.0112267	0.2513661	0.3107037	0.1302355	0.2112814	0.1713971	0.2990522	0.2100979	0.2229088	0.2131271	0.2886788	0.2487200	0.2466527	0.2003508	0.2987351	0.2617461	0.2373130
3232987662.0211148	0.2513930	0.3106858	0.1302494	0.2113042	0.1714229	0.2990432	0.2101024	0.2229045	0.2131232	0.2886674	0.2487461	0.2466375	0.2003406	0.2987207	0.2617391	0.2373260
3232987662.0310030	0.2514008	0.3106943	0.1302341	0.2112714	0.1714160	0.2990448	0.2101168	0.2229181	0.2131354	0.2886685	0.2487323	0.2466574	0.2003592	0.2987269	0.2617545	0.2373279
3232987662.0408912	0.2513888	0.3107058	0.1302357	0.2112990	0.1714246	0.2990363	0.2101033	0.2229025	0.2131317	0.2886944	0.2487303	0.2466649	0.2003443	0.2987300	0.2617298	0.2373325
3232987662.0507793	0.2514030	0.3106891	0.1302406	0.2112800	0.1713965	0.2990525	0.2100936	0.2229072	0.2131304	0.2886772	0.2487202	0.2466572	0.2003609	0.2987266	0.2617308	0.2373231
3232987662.0606675	0.2513926	0.3106937	0.1302321	0.2112928	0.1714051	0.2990380	0.2101311	0.2229026	0.2131241	0.2886790	0.2487158	0.2466626	0.2003517	0.2987246	0.2617533	0.2373187
3232987662.0705557	0.2513891	0.3107126	0.1302438	0.2113297	0.1714239	0.2990514	0.2101106	0.2229029	0.2131133	0.2886674	0.2487138	0.2466567	0.2003506	0.2987301	0.2617339	0.2373431
3232987662.0804439	0.2513950	0.3106973	0.1302436	0.2112910	0.1714214	0.2990369	0.2101092	0.2228970	0.2131354	0.2886809	0.2487339	0.2466695	0.2003426	0.2987047	0.2617409	0.2373134
3232987662.0903301	0.2513651	0.3107110	0.1302523	0.2112884	0.1714348	0.2990399	0.2101074	0.2229040	0.2131410	0.2886862	0.2487166	0.2466666	0.2003590	0.2987252	0.2617263	0.2373360
3232987662.1002183	0.2513805	0.3107050	0.1302333	0.2112803	0.1714004	0.2990457	0.2101017	0.2229163	0.2131213	0.2886665	0.2487312	0.2466545	0.2003327	0.2987184	0.2617225	0.2373221
3232987662.1101065	0.2513742	0.3106952	0.1302224	0.2112882	0.1714218	0.2990503	0.2101041	0.2229035	0.2131445	0.2886760	0.2487496	0.2466588	0.2003490	0.2987213	0.2617241	0.2373388
3232987662.1199946	0.2513939	0.3107092	0.1302405	0.2113014	0.1714137	0.2990443	0.2101045	0.2228984	0.2131262	0.2886595	0.2487410	0.2466622	0.2003480	0.2987216	0.2617397	0.2373257
3232987662.1298828	0.2513909	0.3107068	0.1302437	0.2112868	0.1714278	0.2990319	0.2100998	0.2228957	0.2131304	0.2886770	0.2487355	0.2466574	0.2003386	0.2987214	0.2617362	0.2373265
3232987662.1397710	0.2513711	0.3107207	0.1302408	0.2112876	0.1714098	0.2990512	0.2101115	0.2229014	0.2131324	0.2886595	0.2487309	0.2466608	0.2003346	0.2987181	0.2617364	0.2373260
3232987662.1496592	0.2514052	0.3107057	0.1302167	0.2113073	0.1714237	0.2990570	0.2100889	0.2229060	0.2131208	0.2886770	0.2487439	0.2466557	0.2003383	0.2987146	0.2617353	0.2373344
3232987662.1595473	0.2513752	0.3107146	0.1302383	0.2113002	0.1714126	0.2990464	0.2100905	0.2228953	0.2131299	0.2886740	0.2487324	0.2466609	0.2003365	0.2986984	0.2617165	0.2373387
3232987662.1694355	0.2513787	0.3106915	0.1302324	0.2112850	0.1714249	0.2990466	0.2100839	0.2229055	0.2131398	0.2886720	0.2487405	0.2466720	0.2003584	0.2987105	0.2617249	0.2373378
3232987662.1793237	0.2513658	0.3107198	0.1302367	0.2113061	0.1714313	0.2990429	0.2101173	0.2228999	0.2131367	0.2886790	0.2487294	0.2466475	0.2003616	0.2987236	0.2617343	0.2373366
3232987662.1892099	0.2513959	0.3107115	0.1302439	0.2112836	0.1714248	0.2990551	0.2101075	0.2229152	0.2131050	0.2886710	0.2487260	0.2466614	0.2003610	0.2987304	0.2617406	0.2373227
3232987662.1990981	0.2513711	0.3106771	0.1302647	0.2112840	0.1714205	0.2990528	0.2100972	0.2228984	0.2131212	0.2886939	0.2487291	0.2466537	0.2003447	0.2987304	0.2617326	0.2373407
3232987662.2089863	0.2513807	0.3107050	0.1302184	0.2112879	0.1714148	0.2990582	0.2100876	0.2229053	0.2131295	0.2886763	0.2487425	0.2466710	0.2003399	0.2987228	0.2617508	0.2373356
3232987662.2188745	0.2513979	0.3106913	0.1302260	0.2112890	0.1714077	0.2990287	0.2100927	0.2228967	0.2131328	0.2886598	0.2487453	0.2466640	0.2003449	0.2987089	0.2617472	0.2373489
3232987662.2287626	0.2513745	0.3107221	0.1302423	0.2112890	0.1714257	0.2990529	0.2101124	0.2229156	0.2131220	0.2886717	0.2487453	0.2466529	0.2003406	0.2987209	0.2617490	0.2373150
3232987662.2386508	0.2513599	0.3106943	0.1302294	0.2112966	0.1714343	0.2990456	0.2101029	0.2228985	0.2131370	0.2886615	0.2487304	0.2466614	0.2003544	0.2987249	0.2617436	0.2373268
3232987662.2485390	0.2513942	0.3106962	0.1302163	0.2113052	0.1714126	0.2990472	0.2101081	0.2228953	0.2131348	0.2886848	0.2487403	0.2466496	0.2003375	0.2987204	0.2617533	0.2373346
3232987662.2584271	0.2513740	0.3107064	0.1302415	0.2112954	0.1714290	0.2990424	0.2100958	0.2228910	0.2131323	0.2886673	0.2487264	0.2466744	0.2003509	0.2987219	0.2617195	0.2373174
3232987662.2683153	0.2513843	0.3107084	0.1302508	0.2113021	0.1713987	0.2990277	0.2101182	0.2228931	0.2131391	0.2886705	0.2487299	0.2466525	0.2003451	0.2987320	0.2617214	0.2373585
3232987662.2782035	0.2513789	0.3107228	0.1302405	0.2112845	0.1714179	0.2990537	0.2101071	0.2229146	0.2131280	0.2886728	0.2487393	0.2466531	0.2003693	0.2987171	0.2617456	0.2373002
3232987662.2880902	0.2513923	0.3107083	0.1302455	0.2113047	0.1714139	0.2990395	0.2100966	0.2229271	0.2131354	0.2886827	0.2487349	0.2466509	0.2003525	0.2987286	0.2617383	0.2373238
3232987662.2979784	0.2513918	0.3107061	0.1302405	0.2112975	0.1714133	0.2990418	0.2100900	0.2229034	0.2131370	0.2886848	0.2487282	0.2466532	0.2003353	0.2987179	0.2617510	0.2373285
3232987662.3078666	0.2513797	0.3106839	0.1302318	0.2113084	0.1713966	0.2990411	0.2100922	0.2229181	0.2131248	0.2886697	0.2487096	0.2466508	0.2003383	0.2987162	0.2617364	0.2373203
3232987662.3177547	0.2513877	0.3107129	0.1302352	0.2112810	0.1714284	0.2990401	0.2100955	0.2229189	0.2131250	0.2886790	0.2487149	0.2466501	0.2003444	0.2987149	0.2617364	0.2373247
3232987662.3276429	0.2514038	0.3107068	0.1302206	0.2112951	0.1714226	0.2990645	0.2101155	0.2229107	0.2131307	0.2886755	0.2487215	0.2466676	0.2003428	0.2987190	0.2617364	0.2373427
3232987662.3375311	0.2513781	0.3107026	0.1302382	0.2113047	0.1714003	0.2990709	0.2101000	0.2229016	0.2131324	0.2886854	0.2487358	0.2466631	0.2003485	0.2987259	0.2617576	0.2373316
3232987662.3474193	0.2513880	0.3107042	0.1302325	0.2112972	0.1714137	0.2990443	0.2101130	0.2229127	0.2131343	0.2886854	0.2487454	0.2466751	0.2003317	0.2987165	0.2617417	0.2373188
3232987662.3573074	0.2513754	0.3106912	0.1302379	0.2112839	0.1714200	0.2990395	0.2101108	0.2228814	0.2131156	0.2886749	0.2487324	0.2466533	0.2003452	0.2987310	0.2617335	0.2373336
3232987662.3671956	0.2513816	0.3107076	0.1302350	0.2112948	0.1714052	0.2990473	0.2100950	0.2228935	0.2131333	0.2886715	0.2487269	0.2466689	0.2003445	0.2987074	0.2617484	0.2373444
3232987662.3770838	0.2513698	0.3107009	0.1302457	0.2113106	0.1714094	0.2990396	0.2101026	0.2229115	0.2131147	0.2886808	0.2487256	0.2466527	0.2003658	0.2987072	0.2617346	0.2373319
3232987662.3869700	0.2513956	0.3107222	0.1302309	0.2112990	0.1714242	0.2990537	0.2101176	0.2229111	0.2131426	0.2887070	0.2487538	0.2466581	0.2003344	0.2987191	0.2617507	0.2373429
3232987662.3968582	0.2513883	0.3107085	0.1302344	0.2113016	0.1714090	0.2990449	0.2101104	0.2229266	0.2131262	0.2886663	0.2487318	0.2466561	0.2003529	0.2987077	0.2617238	0.2373390
3232987662.4067464	0.2513843	0.3107186	0.1302445	0.2112904	0.1714178	0.2990595	0.2101144	0.2229187	0.2131229	0.2886800	0.2487232	0.2466561	0.2003589	0.2987327	0.2617299	0.2373136
3232987662.4166346	0.2513661	0.3107088	0.1302164	0.2112959	0.1713903	0.2990331	0.2101209	0.2229320	0.2131417	0.2886722	0.2487301	0.2466385	0.2003419	0.2987289	0.2617383	0.2373242
3232987662.4265227	0.2513854	0.3107146	0.1302315	0.2112872	0.1714114	0.2990360	0.2101203	0.2229029	0.2131334	0.2886719	0.2487339	0.2466647	0.2003573	0.2987314	0.2617334	0.2373223
3232987662.4364109	0.2513873	0.3107007	0.1302322	0.2113024	0.1714190	0.2990703	0.2101121	0.2228913	0.2131344	0.2886728	0.2487369	0.2466750	0.2003608	0.2987208	0.2617317	0.2373299
3232987662.4462991	0.2513908	0.3107066	0.1302432	0.2113049	0.1714268	0.2990464	0.2101133	0.2228918	0.2131287	0.2886789	0.2487218	0.2466610	0.2003641	0.2987155	0.2617410	0.2373392
3232987662.4561872	0.2513881	0.3106969	0.1302409	0.2113080	0.1714330	0.2990429	0.2101006	0.2229150	0.2131204	0.2886974	0.2487397	0.2466758	0.2003351	0.2987086	0.2617387	0.2373356
3232987662.4660754	0.2513771	0.3107101	0.1302354	0.2112942	0.1714059	0.2990408	0.2100946	0.2229188	0.2131311	0.2886978	0.2487479	0.2466733	0.2003386	0.2987098	0.2617120	0.2373289
3232987662.4759636	0.2513815	0.3106860	0.1302355	0.2112853	0.1714028	0.2990230	0.2101112	0.2229065	0.2131164	0.2886825	0.2487336	0.2466664	0.2003230	0.2987106	0.2617516	0.2373211
3232987662.4858503	0.2513897	0.3106969	0.1302411	0.2112974	0.1714142	0.2990442	0.2101141	0.2229068	0.2131361	0.2886752	0.2487207	0.2466807	0.2003439	0.2987195	0.2617485	0.2373387
3232987662.4957385	0.2513918	0.3106892	0.1302313	0.2113010	0.1714225	0.2990572	0.2101193	0.2229076	0.2131250	0.2886753	0.2487327	0.2466297	0.2003600	0.2987109	0.2617450	0.2373120
3232987662.5056267	0.2513835	0.3107010	0.1302453	0.2112869	0.1714193	0.2990441	0.2101220	0.2229090	0.2131341	0.2886710	0.2487341	0.2466686	0.2003345	0.2987437	0.2617257	0.2373426
3232987662.5155148	0.2513944	0.3107122	0.1302381	0.2113097	0.1714111	0.2990727	0.2101104	0.2229255	0.2131286	0.2886708	0.2487231	0.2466643	0.2003400	0.2987073	0.2617205	0.2373310
3232987662.5254030	0.2513851	0.3107135	0.1302389	0.2112784	0.1714045	0.2990486	0.2101114	0.2229076	0.2131381	0.2886769	0.2487287	0.2466639	0.2003457	0.2987182	0.2617311	0.2373333
3232987662.5352912	0.2513948	0.3107177	0.1302352	0.2113004	0.1714232	0.2990436	0.2100828	0.2229073	0.2131254	0.2886854	0.2487417	0.2466685	0.2003456	0.2987280	0.2617449	0.2373241
3232987662.5451794	0.2513744	0.3106998	0.1302418	0.2112988	0.1714164	0.2990682	0.2101161	0.2228934	0.2131278	0.2886811	0.2487279	0.2466807	0.2003295	0.2987171	0.2617439	0.2373406
3232987662.5550675	0.2513850	0.3106973	0.1302514	0.2113108	0.1714244	0.2990491	0.2101248	0.2229091	0.2131369	0.2886906	0.2487385	0.2466510	0.2003503	0.2987406	0.2617465	0.2373241
3232987662.5649557	0.2513971	0.3107023	0.1302412	0.2113020	0.1714469	0.2990573	0.2101246	0.2229022	0.2131245	0.2886842	0.2487257	0.2466655	0.2003414	0.2987010	0.2617567	0.2373325
3232987662.5748439	0.2513867	0.3107100	0.1302282	0.2112734	0.1713885	0.2990436	0.2101013	0.2229080	0.2131191	0.2886858	0.2487287	0.2466492	0.2003368	0.2987247	0.2617257	0.2373306
3232987662.5847301	0.2513862	0.3106981	0.1302254	0.2112973	0.1714123	0.2990464	0.2101057	0.2228878	0.2131240	0.2886963	0.2487291	0.2466630	0.2003472	0.2986917	0.2617407	0.2373405
3232987662.5946183	0.2513688	0.3107124	0.1302303	0.2113091	0.1714109	0.2990409	0.2100902	0.2229141	0.2131231	0.2886799	0.2487392	0.2466528	0.2003460	0.2987312	0.2617417	0.2373290
3232987662.6045065	0.2513897	0.3107045	0.1302359	0.2112855	0.1714132	0.2990609	0.2101258	0.2229039	0.2131253	0.2886800	0.2487242	0.2466817	0.2003484	0.2987246	0.2617442	0.2373155
3232987662.6143947	0.2513727	0.3107333	0.1302413	0.2112944	0.1714301	0.2990538	0.2101109	0.2228925	0.2131216	0.2886711	0.2487413	0.2466703	0.2003619	0.2987143	0.2617487	0.2373308
3232987662.6242828	0.2513878	0.3107183	0.1302471	0.2113067	0.1714289	0.2990582	0.2101116	0.2229010	0.2131302	0.2886692	0.2487291	0.2466583	0.2003515	0.2987125	0.2617459	0.2373375
3232987662.6341710	0.2513625	0.3106959	0.1302292	0.2113014	0.1714207	0.2990412	0.2100965	0.2228952	0.2131387	0.2886818	0.2487294	0.2466644	0.2003465	0.2987101	0.2617373	0.2373347
3232987662.6440592	0.2513903	0.3107016	0.1302308	0.2113058	0.1714038	0.2990595	0.2100935	0.2229231	0.2131240	0.2886846	0.2487370	0.2466697	0.2003550	0.2987175	0.2617261	0.2373138
3232987662.6539474	0.2513954	0.3107101	0.1302478	0.2113058	0.1714244	0.2990416	0.2101242	0.2228839	0.2131170	0.2886826	0.2487219	0.2466484	0.2003526	0.2987104	0.2617358	0.2373296
3232987662.6638355	0.2513908	0.3107146	0.1302355	0.2113074	0.1714074	0.2990561	0.2101148	0.2229151	0.2131266	0.2886660	0.2487343	0.2466558	0.2003412	0.2987146	0.2617486	0.2373198
3232987662.6737237	0.2513727	0.3107258	0.1302450	0.2113020	0.1714343	0.2990464	0.2101213	0.2228973	0.2131334	0.2887066	0.2487414	0.2466678	0.2003536	0.2987051	0.2617540	0.2373409
3232987662.6836100	0.2513825	0.3107086	0.1302433	0.2113032	0.1714264	0.2990519	0.2101203	0.2229127	0.2131142	0.2886801	0.2487310	0.2466595	0.2003364	0.2987204	0.2617389	0.2373320
3232987662.6934981	0.2513816	0.3107008	0.1302370	0.2112936	0.1714149	0.2990413	0.2101013	0.2229068	0.2131468	0.2886821	0.2487192	0.2466652	0.2003276	0.2987157	0.2617297	0.2373127
3232987662.7033863	0.2513664	0.3107067	0.1302251	0.2112936	0.1714057	0.2990676	0.2100895	0.2229109	0.2131113	0.2886921	0.2487287	0.2466672	0.2003462	0.2987293	0.2617386	0.2373485
3232987662.7132745	0.2513872	0.3107211	0.1302333	0.2113089	0.1714259	0.2990479	0.2101115	0.2229195	0.2131267	0.2886835	0.2487487	0.2466776	0.2003573	0.2987247	0.2617330	0.2373425
3232987662.7231626	0.2513818	0.3107034	0.1302279	0.2112950	0.1714042	0.2990534	0.2101078	0.2229175	0.2131177	0.2886884	0.2487318	0.2466570	0.2003397	0.2987430	0.2617401	0.2373291
3232987662.7330508	0.2514001	0.3107138	0.1302266	0.2113224	0.1714164	0.2990618	0.2101220	0.2229110	0.2131262	0.2886746	0.2487345	0.2466544	0.2003431	0.2987260	0.2617295	0.2373403
3232987662.7429390	0.2513885	0.3107091	0.1302262	0.2113072	0.1713951	0.2990573	0.2100991	0.2228998	0.2131302	0.2886815	0.2487252	0.2466461	0.2003244	0.2987158	0.2617148	0.2373406
3232987662.7528272	0.2513707	0.3106850	0.1302400	0.2113010	0.1714167	0.2990471	0.2100921	0.2229038	0.2131296	0.2886919	0.2487380	0.2466563	0.2003315	0.2987363	0.2617203	0.2373340
3232987662.7627153	0.2513900	0.3107252	0.1302438	0.2113053	0.1713995	0.2990417	0.2100926	0.2229262	0.2131356	0.2886867	0.2487290	0.2466781	0.2003441	0.2987187	0.2617545	0.2373425
3232987662.7726035	0.2513759	0.3107143	0.1302440	0.2112990	0.1713979	0.2990495	0.2101061	0.2229006	0.2131274	0.2886760	0.2487292	0.2466726	0.2003552	0.2987222	0.2617399	0.2373412
3232987662.7824903	0.2513982	0.3107260	0.1302247	0.2113098	0.1714185	0.2990589	0.2100995	0.2229108	0.2131096	0.2886781	0.2487325	0.2466703	0.2003501	0.2987219	0.2617269	0.2373342
3232987662.7923784	0.2513811	0.3107008	0.1302304	0.2113001	0.1714012	0.2990560	0.2101142	0.2229097	0.2131281	0.2887011	0.2487350	0.2466655	0.2003434	0.2987539	0.2617241	0.2373159
3232987662.8022666	0.2513611	0.3107102	0.1302209	0.2113045	0.1714070	0.2990492	0.2100905	0.2228930	0.2131304	0.2886921	0.2487297	0.2466896	0.2003526	0.2987217	0.2617324	0.2373411
3232987662.8121548	0.2513908	0.3107235	0.1302548	0.2113004	0.1714287	0.2990604	0.2100897	0.2229084	0.2131346	0.2887016	0.2487432	0.2466733	0.2003416	0.2987260	0.2617301	0.2373355
3232987662.8220429	0.2514074	0.3107096	0.1302362	0.2112964	0.1714103	0.2990701	0.2101015	0.2229152	0.2131262	0.2887033	0.2487396	0.2466852	0.2003472	0.2987327	0.2617442	0.2373362
3232987662.8319311	0.2513845	0.3107002	0.1302403	0.2112939	0.1714039	0.2990621	0.2100991	0.2229403	0.2131367	0.2887063	0.2487340	0.2466518	0.2003487	0.2987303	0.2617536	0.2373392
3232987662.8418193	0.2513788	0.3107134	0.1302153	0.2113362	0.1713964	0.2990540	0.2101049	0.2229071	0.2131263	0.2886893	0.2487486	0.2466841	0.2003363	0.2987274	0.2617223	0.2373315
3232987662.8517075	0.2513858	0.3107154	0.1302402	0.2113160	0.1714144	0.2990575	0.2100970	0.2229302	0.2131448	0.2886980	0.2487347	0.2466878	0.2003334	0.2987405	0.2617419	0.2373347
3232987662.8615956	0.2513842	0.3107040	0.1302412	0.2113007	0.1714204	0.2990590	0.2101052	0.2229097	0.2131431	0.2886967	0.2487255	0.2466680	0.2003523	0.2987087	0.2617455	0.2373310
3232987662.8714838	0.2513939	0.3107074	0.1302386	0.2113122	0.1714100	0.2990728	0.2101129	0.2229072	0.2131371	0.2886853	0.2487527	0.2466820	0.2003521	0.2987317	0.2617508	0.2373470
3232987662.8813701	0.2513917	0.3107385	0.1302277	0.2113054	0.1714251	0.2990668	0.2100922	0.2229124	0.2131119	0.2886877	0.2487439	0.2466596	0.2003674	0.2987375	0.2617513	0.2373525
3232987662.8912582	0.2513710	0.3107209	0.1302321	0.2113172	0.1714191	0.2990649	0.2101028	0.2229131	0.2131430	0.2886858	0.2487329	0.2466791	0.2003394	0.2987255	0.2617362	0.2373468
3232987662.9011464	0.2513776	0.3106972	0.1302265	0.2113159	0.1714093	0.2990396	0.2100965	0.2229142	0.2131130	0.2886970	0.2487411	0.2466697	0.2003572	0.2987180	0.2617414	0.2373343
3232987662.9110346	0.2513708	0.3107184	0.1302256	0.2113213	0.1714084	0.2990505	0.2101149	0.2229018	0.2131342	0.2886923	0.2487323	0.2466647	0.2003449	0.2987244	0.2617242	0.2373504
3232987662.9209228	0.2513847	0.3107373	0.1302313	0.2113103	0.1714044	0.2990514	0.2101057	0.2229005	0.2131243	0.2886959	0.2487337	0.2466718	0.2003370	0.2987448	0.2617415	0.2373534
3232987662.9308109	0.2513964	0.3107236	0.1302227	0.2113037	0.1714140	0.2990443	0.2101210	0.2229143	0.2131274	0.2886842	0.2487236	0.2466655	0.2003612	0.2987355	0.2617308	0.2373622
3232987662.9406991	0.2513865	0.3107198	0.1302383	0.2113046	0.1714085	0.2990579	0.2101092	0.2229192	0.2131168	0.2886920	0.2487468	0.2466816	0.2003440	0.2987324	0.2617447	0.2373340
3232987662.9505873	0.2513678	0.3107177	0.1302189	0.2113059	0.1714085	0.2990709	0.2101001	0.2229047	0.2131336	0.2886880	0.2487380	0.2466800	0.2003429	0.2987426	0.2617375	0.2373399
3232987662.9604754	0.2513790	0.3107111	0.1302521	0.2113066	0.1714012	0.2990563	0.2101021	0.2229227	0.2131342	0.2886935	0.2487407	0.2466691	0.2003607	0.2987210	0.2617431	0.2373638
3232987662.9703636	0.2513907	0.3107280	0.1302385	0.2113093	0.1713971	0.2990597	0.2101015	0.2229145	0.2131436	0.2886881	0.2487307	0.2466936	0.2003408	0.2987289	0.2617501	0.2373409
3232987662.9802499	0.2513858	0.3107270	0.1302301	0.2113028	0.1714401	0.2990554	0.2101116	0.2229017	0.2131365	0.2886868	0.2487295	0.2466821	0.2003351	0.2987269	0.2617225	0.2373390
3232987662.9901381	0.2513709	0.3107073	0.1302230	0.2113139	0.1713992	0.2990671	0.2101004	0.2229157	0.2131271	0.2887054	0.2487480	0.2466808	0.2003358	0.2987405	0.2617374	0.2373425
3232987663.0000262	0.2513879	0.3107099	0.1302273	0.2113100	0.1714159	0.2990565	0.2100847	0.2229167	0.2131331	0.2886911	0.2487433	0.2466710	0.2003402	0.2987534	0.2617404	0.2373439
3232987663.0099144	0.2513774	0.3107284	0.1302246	0.2113056	0.1714006	0.2990679	0.2100797	0.2228788	0.2131385	0.2886955	0.2487465	0.2466971	0.2003576	0.2987444	0.2617292	0.2373256
3232987663.0198026	0.2513686	0.3107243	0.1302329	0.2113086	0.1714159	0.2990433	0.2100956	0.2229236	0.2131365	0.2886829	0.2487193	0.2466852	0.2003365	0.2987193	0.2617481	0.2373407
3232987663.0296907	0.2513941	0.3107222	0.1302369	0.2113212	0.1714086	0.2990868	0.2101009	0.2229237	0.2131292	0.2886908	0.2487282	0.2466851	0.2003526	0.2987312	0.2617435	0.2373483
3232987663.0395789	0.2513653	0.3107213	0.1302469	0.2113159	0.1714086	0.2990640	0.2101004	0.2229192	0.2131154	0.2886957	0.2487190	0.2466771	0.2003247	0.2987373	0.2617475	0.2373362
3232987663.0494671	0.2513669	0.3107225	0.1302237	0.2112990	0.1714152	0.2990724	0.2100988	0.2229063	0.2131385	0.2886903	0.2487196	0.2466666	0.2003515	0.2987426	0.2617622	0.2373142
3232987663.0593553	0.2513676	0.3107078	0.1302326	0.2113226	0.1713997	0.2990758	0.2100879	0.2229177	0.2131258	0.2886887	0.2487284	0.2466875	0.2003312	0.2987310	0.2617429	0.2373506
3232987663.0692434	0.2513793	0.3107158	0.1302455	0.2113121	0.1714028	0.2990633	0.2100891	0.2229213	0.2131220	0.2886972	0.2487359	0.2466813	0.2003294	0.2987558	0.2617447	0.2373567
3232987663.0791302	0.2513758	0.3107285	0.1302334	0.2113018	0.1714173	0.2990541	0.2101042	0.2229235	0.2131434	0.2887004	0.2487348	0.2466732	0.2003360	0.2987415	0.2617500	0.2373689
3232987663.0890183	0.2513969	0.3107176	0.1302358	0.2113054	0.1714134	0.2990462	0.2100953	0.2229287	0.2131315	0.2886976	0.2487284	0.2466906	0.2003568	0.2987327	0.2617355	0.2373391
3232987663.0989065	0.2513712	0.3107124	0.1302331	0.2113115	0.1714185	0.2990748	0.2100955	0.2229266	0.2131363	0.2886976	0.2487090	0.2466756	0.2003491	0.2987353	0.2617263	0.2373403
3232987663.1087947	0.2513789	0.3107137	0.1302309	0.2113065	0.1713919	0.2990473	0.2101066	0.2229134	0.2131266	0.2887026	0.2487464	0.2466596	0.2003447	0.2987439	0.2617332	0.2373304
3232987663.1186829	0.2513734	0.3107037	0.1302359	0.2112962	0.1714194	0.2990772	0.2100991	0.2229226	0.2131276	0.2886934	0.2487386	0.2466701	0.2003539	0.2987411	0.2617283	0.2373330
3232987663.1285710	0.2513848	0.3107123	0.1302440	0.2113243	0.1714160	0.2990638	0.2100877	0.2229234	0.2131434	0.2887112	0.2487220	0.2466731	0.2003674	0.2987332	0.2617299	0.2373551
3232987663.1384592	0.2513820	0.3107229	0.1302272	0.2113135	0.1714188	0.2990731	0.2101063	0.2229244	0.2131279	0.2886961	0.2487130	0.2466709	0.2003469	0.2987330	0.2617284	0.2373571
3232987663.1483474	0.2513868	0.3107323	0.1302337	0.2113177	0.1714246	0.2990617	0.2100982	0.2229363	0.2131298	0.2886978	0.2487518	0.2466770	0.2003327	0.2987305	0.2617257	0.2373297
3232987663.1582355	0.2513751	0.3107216	0.1302388	0.2113131	0.1714059	0.2990675	0.2100840	0.2229127	0.2131252	0.2886914	0.2487215	0.2466826	0.2003322	0.2987300	0.2617219	0.2373407
3232987663.1681237	0.2513599	0.3107402	0.1302281	0.2113019	0.1714243	0.2990494	0.2100964	0.2229159	0.2131183	0.2886927	0.2487379	0.2466845	0.2003566	0.2987415	0.2617428	0.2373406
3232987663.1780100	0.2513950	0.3107237	0.1302210	0.2113063	0.1714273	0.2990573	0.2100943	0.2229213	0.2131150	0.2887129	0.2487322	0.2466762	0.2003371	0.2987155	0.2617212	0.2373575
3232987663.1878982	0.2513789	0.3107142	0.1302426	0.2113051	0.1714323	0.2990668	0.2100924	0.2229124	0.2131210	0.2887006	0.2487269	0.2466773	0.2003253	0.2987400	0.2617390	0.2373438
3232987663.1977863	0.2513855	0.3107203	0.1302200	0.2112834	0.1714275	0.2990721	0.2100987	0.2229231	0.2131109	0.2886815	0.2487256	0.2466894	0.2003567	0.2987202	0.2617032	0.2373200
3232987663.2076745	0.2513698	0.3107047	0.1302210	0.2112932	0.1713936	0.2990567	0.2100992	0.2229244	0.2131324	0.2886951	0.2487175	0.2466671	0.2003482	0.2987366	0.2617384	0.2373488
3232987663.2175627	0.2513482	0.3107294	0.1302370	0.2113107	0.1714046	0.2990498	0.2101043	0.2229083	0.2131103	0.2887003	0.2487243	0.2466732	0.2003301	0.2987460	0.2617218	0.2373225
3232987663.2274508	0.2513657	0.3107131	0.1302334	0.2113065	0.1714088	0.2990579	0.2100963	0.2229075	0.2131020	0.2886802	0.2487302	0.2466690	0.2003284	0.2987517	0.2617250	0.2373342
3232987663.2373390	0.2513711	0.3107379	0.1302189	0.2113118	0.1714121	0.2990714	0.2100998	0.2229207	0.2131137	0.2886956	0.2487264	0.2466783	0.2003270	0.2987453	0.2617269	0.2373306
3232987663.2472272	0.2513737	0.3107315	0.1302328	0.2112954	0.1714069	0.2990741	0.2100943	0.2229124	0.2131319	0.2887069	0.2487240	0.2466783	0.2003301	0.2987385	0.2617305	0.2373444
3232987663.2571154	0.2513703	0.3107262	0.1302368	0.2113052	0.1714021	0.2990636	0.2100970	0.2229329	0.2131201	0.2886860	0.2487239	0.2466723	0.2003269	0.2987353	0.2617120	0.2373477
3232987663.2670035	0.2513681	0.3107373	0.1302142	0.2113007	0.1714268	0.2990573	0.2100822	0.2229211	0.2131104	0.2887118	0.2487058	0.2466853	0.2003326	0.2987314	0.2617403	0.2373499
3232987663.2768903	0.2513802	0.3107253	0.1302281	0.2113007	0.1713888	0.2990791	0.2100890	0.2229110	0.2131144	0.2887008	0.2487353	0.2466852	0.2003362	0.2987549	0.2617576	0.2373457
3232987663.2867784	0.2513943	0.3107199	0.1302364	0.2113035	0.1713967	0.2990741	0.2100901	0.2229218	0.2131185	0.2887080	0.2487187	0.2466859	0.2003484	0.2987467	0.2617381	0.2373505
3232987663.2966666	0.2513830	0.3107368	0.1302400	0.2113198	0.1714096	0.2990735	0.2100831	0.2229197	0.2130982	0.2886932	0.2487063	0.2466841	0.2003406	0.2987360	0.2617322	0.2373534
3232987663.3065548	0.2513628	0.3107296	0.1302285	0.2112960	0.1714085	0.2990742	0.2101039	0.2229294	0.2131442	0.2887122	0.2487243	0.2466942	0.2003348	0.2987319	0.2617311	0.2373623
3232987663.3164430	0.2513750	0.3107235	0.1302274	0.2113091	0.1714159	0.2990721	0.2101013	0.2229126	0.2131205	0.2887125	0.2487071	0.2466720	0.2003438	0.2987598	0.2617461	0.2373455
3232987663.3263311	0.2513653	0.3107385	0.1302247	0.2113270	0.1713893	0.2990784	0.2101052	0.2229205	0.2131033	0.2887009	0.2487258	0.2466927	0.2003482	0.2987385	0.2617473	0.2373298
3232987663.3362193	0.2513680	0.3107439	0.1302183	0.2113126	0.1713960	0.2990664	0.2100873	0.2229249	0.2131288	0.2886998	0.2487236	0.2466796	0.2003305	0.2987615	0.2617468	0.2373384
3232987663.3461075	0.2513790	0.3107274	0.1302263	0.2112997	0.1714239	0.2990812	0.2100855	0.2229214	0.2131289	0.2887033	0.2487141	0.2466903	0.2003374	0.2987400	0.2617169	0.2373630
3232987663.3559957	0.2513808	0.3107266	0.1302438	0.2113218	0.1714194	0.2990657	0.2101063	0.2229114	0.2131192	0.2887120	0.2487166	0.2466781	0.2003537	0.2987519	0.2617418	0.2373519
3232987663.3658838	0.2513651	0.3107283	0.1302110	0.2113167	0.1714166	0.2990947	0.2101055	0.2229202	0.2131160	0.2887090	0.2487210	0.2466874	0.2003242	0.2987597	0.2617451	0.2373542
3232987663.3757701	0.2513836	0.3107164	0.1302226	0.2112978	0.1714013	0.2990807	0.2100944	0.2229146	0.2131193	0.2887167	0.2487109	0.2466748	0.2003468	0.2987294	0.2617019	0.2373539
3232987663.3856583	0.2513621	0.3107223	0.1302139	0.2112975	0.1714048	0.2990680	0.2100702	0.2229196	0.2131098	0.2886963	0.2487147	0.2466866	0.2003456	0.2987535	0.2617156	0.2373658
3232987663.3955464	0.2513633	0.3107260	0.1302351	0.2113087	0.1714306	0.2990791	0.2100880	0.2229088	0.2131301	0.2887079	0.2487204	0.2466879	0.2003419	0.2987534	0.2617115	0.2373537
3232987663.4054346	0.2513682	0.3107356	0.1302371	0.2113102	0.1714150	0.2990736	0.2101080	0.2229298	0.2131128	0.2887360	0.2487213	0.2466847	0.2003252	0.2987340	0.2617208	0.2373432
3232987663.4153228	0.2513800	0.3107318	0.1302417	0.2112983	0.1714054	0.2990815	0.2101120	0.2229130	0.2130972	0.2887221	0.2487047	0.2466993	0.2003289	0.2987302	0.2617171	0.2373576
3232987663.4252110	0.2513673	0.3107395	0.1302106	0.2113030	0.1714109	0.2990709	0.2100909	0.2229227	0.2131217	0.2886933	0.2487227	0.2466851	0.2003547	0.2987630	0.2617396	0.2373629
3232987663.4350991	0.2513767	0.3107333	0.1302233	0.2113174	0.1713960	0.2990816	0.2100965	0.2229305	0.2131252	0.2887016	0.2487235	0.2466959	0.2003497	0.2987506	0.2617188	0.2373628
3232987663.4449873	0.2513657	0.3107316	0.1302174	0.2113224	0.1713944	0.2990927	0.2100913	0.2229441	0.2131234	0.2887332	0.2487212	0.2466935	0.2003145	0.2987456	0.2617264	0.2373513
3232987663.4548755	0.2513879	0.3107414	0.1302340	0.2113100	0.1714127	0.2990858	0.2100841	0.2229252	0.2131090	0.2887089	0.2487213	0.2466981	0.2003448	0.2987618	0.2617310	0.2373518
3232987663.4647636	0.2513614	0.3107260	0.1302140	0.2113317	0.1714186	0.2990800	0.2100912	0.2229084	0.2131258	0.2886866	0.2487154	0.2467054	0.2003341	0.2987479	0.2617300	0.2373435
3232987663.4746499	0.2513658	0.3107337	0.1302277	0.2113136	0.1714047	0.2990987	0.2100751	0.2229264	0.2131353	0.2887149	0.2487152	0.2466880	0.2003355	0.2987550	0.2617285	0.2373488
3232987663.4845381	0.2513540	0.3107343	0.1302279	0.2113281	0.1714112	0.2990523	0.2100894	0.2229503	0.2131281	0.2887125	0.2487181	0.2467051	0.2003064	0.2987734	0.2617089	0.2373710
3232987663.4944262	0.2513851	0.3107361	0.1302272	0.2113275	0.1713968	0.2990845	0.2100983	0.2229379	0.2131151	0.2887075	0.2487120	0.2467139	0.2003403	0.2987811	0.2617291	0.2373637
3232987663.5043144	0.2513666	0.3107468	0.1302317	0.2113074	0.1714150	0.2990757	0.2100916	0.2229163	0.2131284	0.2887239	0.2487289	0.2466894	0.2003254	0.2987536	0.2617495	0.2373493
3232987663.5142026	0.2513824	0.3107273	0.1302210	0.2113251	0.1714129	0.2990860	0.2100958	0.2229384	0.2131047	0.2887174	0.2487261	0.2466895	0.2003290	0.2987754	0.2617221	0.2373601
3232987663.5240908	0.2513874	0.3107384	0.1302200	0.2113300	0.1713770	0.2990831	0.2100953	0.2229497	0.2131167	0.2887212	0.2487124	0.2467012	0.2003099	0.2987463	0.2617362	0.2373416
3232987663.5339789	0.2513608	0.3107413	0.1302339	0.2113294	0.1713820	0.2990788	0.2101006	0.2229221	0.2131102	0.2887007	0.2487187	0.2466861	0.2003214	0.2987555	0.2617117	0.2373751
3232987663.5438671	0.2513692	0.3107373	0.1302178	0.2113145	0.1713935	0.2990759	0.2100703	0.2229470	0.2131140	0.2887270	0.2487272	0.2466880	0.2003161	0.2987287	0.2617155	0.2373748
3232987663.5537553	0.2513705	0.3107467	0.1302222	0.2113100	0.1714001	0.2990871	0.2100877	0.2229399	0.2131136	0.2887201	0.2487202	0.2466914	0.2003336	0.2987549	0.2617016	0.2373619
3232987663.5636435	0.2513807	0.3107407	0.1302338	0.2113264	0.1714066	0.2990794	0.2101013	0.2229278	0.2131028	0.2887183	0.2487139	0.2466870	0.2003118	0.2987562	0.2617272	0.2373496
3232987663.5735302	0.2513636	0.3107474	0.1302485	0.2113079	0.1714153	0.2990940	0.2100775	0.2229401	0.2131153	0.2887162	0.2487043	0.2467145	0.2003333	0.2987798	0.2617431	0.2373558
3232987663.5834184	0.2513610	0.3107301	0.1302184	0.2113160	0.1714104	0.2990901	0.2100889	0.2229327	0.2130998	0.2887081	0.2487216	0.2466828	0.2003314	0.2987505	0.2617176	0.2373565
3232987663.5933065	0.2513748	0.3107424	0.1302344	0.2113414	0.1713937	0.2990828	0.2100942	0.2229254	0.2131138	0.2887161	0.2487172	0.2466990	0.2003325	0.2987653	0.2617289	0.2373774
3232987663.6031947	0.2513517	0.3107594	0.1302281	0.2113358	0.1713894	0.2990801	0.2100756	0.2229402	0.2131129	0.2887165	0.2487205	0.2467089	0.2003368	0.2987550	0.2617090	0.2373490
3232987663.6130829	0.2513697	0.3107328	0.1302354	0.2113215	0.1714101	0.2990999	0.2101091	0.2229477	0.2131120	0.2887057	0.2487059	0.2467091	0.2003429	0.2987701	0.2617366	0.2373648
3232987663.6229711	0.2513617	0.3107628	0.1302318	0.2113364	0.1714235	0.2990962	0.2101174	0.2229544	0.2131161	0.2887229	0.2487208	0.2466962	0.2003302	0.2987699	0.2617309	0.2373607
3232987663.6328592	0.2513744	0.3107370	0.1302297	0.2113141	0.1714010	0.2990764	0.2100929	0.2229366	0.2131087	0.2887267	0.2487058	0.2467127	0.2003237	0.2987710	0.2617192	0.2373600
3232987663.6427474	0.2513478	0.3107240	0.1302323	0.2113240	0.1713993	0.2990868	0.2100883	0.2229431	0.2131280	0.2887121	0.2487208	0.2466913	0.2003309	0.2987631	0.2617291	0.2373552
3232987663.6526356	0.2513339	0.3107383	0.1302212	0.2113292	0.1714094	0.2990949	0.2100818	0.2229242	0.2131158	0.2887176	0.2487072	0.2467039	0.2003329	0.2987282	0.2617092	0.2373722
3232987663.6625237	0.2513588	0.3107355	0.1302258	0.2113301	0.1714057	0.2990823	0.2100949	0.2229390	0.2131119	0.2887142	0.2487131	0.2466928	0.2003258	0.2987568	0.2617101	0.2373713
3232987663.6724100	0.2513710	0.3107474	0.1302337	0.2113157	0.1714065	0.2990878	0.2101044	0.2229317	0.2131074	0.2887054	0.2487314	0.2467173	0.2003293	0.2987510	0.2617199	0.2373518
3232987663.6822982	0.2513807	0.3107548	0.1302355	0.2113147	0.1713937	0.2990994	0.2100952	0.2229332	0.2131179	0.2887044	0.2487201	0.2466764	0.2003357	0.2987723	0.2617363	0.2373539
3232987663.6921864	0.2513614	0.3107565	0.1302396	0.2113285	0.1713997	0.2990817	0.2100824	0.2229407	0.2131021	0.2887190	0.2487200	0.2467062	0.2003364	0.2987609	0.2617215	0.2373659
3232987663.7020745	0.2513513	0.3107408	0.1302362	0.2113257	0.1713884	0.2990864	0.2100851	0.2229185	0.2131227	0.2887272	0.2487150	0.2466856	0.2003177	0.2987700	0.2617373	0.2373670
3232987663.7119627	0.2513839	0.3107250	0.1302348	0.2113263	0.1714041	0.2990859	0.2100925	0.2229481	0.2131121	0.2887132	0.2487067	0.2467062	0.2003264	0.2987686	0.2617261	0.2373484
3232987663.7218509	0.2513673	0.3107434	0.1302372	0.2113373	0.1714090	0.2990847	0.2101107	0.2229217	0.2131151	0.2887248	0.2487342	0.2467073	0.2003365	0.2987557	0.2617312	0.2373678
3232987663.7317390	0.2513732	0.3107499	0.1302150	0.2113254	0.1714077	0.2990838	0.2100728	0.2229432	0.2131116	0.2887296	0.2487069	0.2466890	0.2003444	0.2987533	0.2617218	0.2373674
3232987663.7416272	0.2513548	0.3107409	0.1302331	0.2113457	0.1713974	0.2990768	0.2100968	0.2229396	0.2131053	0.2887389	0.2487043	0.2466954	0.2003406	0.2987487	0.2617212	0.2373808
3232987663.7515154	0.2513699	0.3107458	0.1302192	0.2113241	0.1714033	0.2991068	0.2100784	0.2229076	0.2131072	0.2887223	0.2486899	0.2467032	0.2003324	0.2987717	0.2617235	0.2373713
3232987663.7614036	0.2513694	0.3107566	0.1302033	0.2113262	0.1714083	0.2990992	0.2100756	0.2229455	0.2131135	0.2887240	0.2487343	0.2466957	0.2003313	0.2987655	0.2617164	0.2373836
3232987663.7712903	0.2513674	0.3107555	0.1302366	0.2113182	0.1714065	0.2990820	0.2100817	0.2229465	0.2131296	0.2887339	0.2487226	0.2466881	0.2003284	0.2987849	0.2617185	0.2373668
3232987663.7811785	0.2513645	0.3107358	0.1302361	0.2113159	0.1714054	0.2990990	0.2100963	0.2229459	0.2131082	0.2887200	0.2487168	0.2467099	0.2003362	0.2987737	0.2617358	0.2373680
3232987663.7910666	0.2513639	0.3107393	0.1302319	0.2113427	0.1714179	0.2990851	0.2100999	0.2229498	0.2131196	0.2887309	0.2487255	0.2466998	0.2003267	0.2987680	0.2617267	0.2373581
3232987663.8009548	0.2513532	0.3107560	0.1302290	0.2113147	0.1714048	0.2990981	0.2100594	0.2229264	0.2131292	0.2887453	0.2487178	0.2467086	0.2003234	0.2987498	0.2617319	0.2373618
3232987663.8108430	0.2513725	0.3107506	0.1302275	0.2113350	0.1713980	0.2990952	0.2100842	0.2229468	0.2130946	0.2887130	0.2487182	0.2466861	0.2003330	0.2987765	0.2617205	0.2373736
3232987663.8207312	0.2513568	0.3107340	0.1302407	0.2113325	0.1714037	0.2990906	0.2100856	0.2229266	0.2131059	0.2887213	0.2486885	0.2467032	0.2003407	0.2987828	0.2617436	0.2373576
3232987663.8306193	0.2513711	0.3107609	0.1302314	0.2113302	0.1714016	0.2990947	0.2100949	0.2229471	0.2131389	0.2887305	0.2487174	0.2467142	0.2003330	0.2987577	0.2617230	0.2373828
3232987663.8405075	0.2513687	0.3107364	0.1302230	0.2113228	0.1714101	0.2990966	0.2100918	0.2229197	0.2131097	0.2887375	0.2487094	0.2467020	0.2003466	0.2987687	0.2617400	0.2373775
3232987663.8503957	0.2513565	0.3107382	0.1302174	0.2113292	0.1714002	0.2990790	0.2100867	0.2229475	0.2131217	0.2887101	0.2487218	0.2467079	0.2003330	0.2987723	0.2617474	0.2373662
3232987663.8602838	0.2513589	0.3107585	0.1302168	0.2113173	0.1713913	0.2990910	0.2100908	0.2229507	0.2131308	0.2887095	0.2487245	0.2467017	0.2003198	0.2987747	0.2617181	0.2373781
3232987663.8701701	0.2513712	0.3107611	0.1302296	0.2113179	0.1714177	0.2990963	0.2100781	0.2229326	0.2131202	0.2887220	0.2487215	0.2466931	0.2003192	0.2987561	0.2617138	0.2373671
3232987663.8800583	0.2513582	0.3107329	0.1302519	0.2113241	0.1713954	0.2990808	0.2100851	0.2229368	0.2131048	0.2887364	0.2487291	0.2467034	0.2003306	0.2987894	0.2617293	0.2373659
3232987663.8899465	0.2513507	0.3107344	0.1302427	0.2113235	0.1714194	0.2991151	0.2101026	0.2229441	0.2131131	0.2887304	0.2487084	0.2466991	0.2003466	0.2987663	0.2617155	0.2373704
3232987663.8998346	0.2513628	0.3107792	0.1302051	0.2113244	0.1714063	0.2990986	0.2100873	0.2229434	0.2131141	0.2887260	0.2487116	0.2467015	0.2003343	0.2987742	0.2617216	0.2373715
3232987663.9097228	0.2513646	0.3107435	0.1302174	0.2113096	0.1714004	0.2990885	0.2100888	0.2229363	0.2131402	0.2887439	0.2487228	0.2466916	0.2003449	0.2987664	0.2617257	0.2373502
3232987663.9196110	0.2513546	0.3107472	0.1302418	0.2113297	0.1714000	0.2990962	0.2100887	0.2229393	0.2131287	0.2887189	0.2487078	0.2466859	0.2003301	0.2987624	0.2617337	0.2373697
3232987663.9294991	0.2513763	0.3107418	0.1302281	0.2113311	0.1714252	0.2990938	0.2100669	0.2229317	0.2131288	0.2887371	0.2487335	0.2466968	0.2003274	0.2987676	0.2617373	0.2373557
3232987663.9393873	0.2513639	0.3107317	0.1302334	0.2113436	0.1714000	0.2990765	0.2100903	0.2229502	0.2131151	0.2887359	0.2487350	0.2466982	0.2003446	0.2987649	0.2617260	0.2373715
3232987663.9492755	0.2513914	0.3107435	0.1302292	0.2113286	0.1713902	0.2990900	0.2100904	0.2229157	0.2131415	0.2887106	0.2487379	0.2466985	0.2003431	0.2987580	0.2617322	0.2373673
3232987663.9591637	0.2513530	0.3107448	0.1302193	0.2113460	0.1714073	0.2990846	0.2100903	0.2229244	0.2131387	0.2887247	0.2487213	0.2467052	0.2003395	0.2987750	0.2617398	0.2373684
3232987663.9690499	0.2513583	0.3107354	0.1302510	0.2113217	0.1714142	0.2990950	0.2100754	0.2229472	0.2131323	0.2887154	0.2487275	0.2467105	0.2003411	0.2987634	0.2617336	0.2373628
3232987663.9789381	0.2513578	0.3107515	0.1302312	0.2113359	0.1714186	0.2990809	0.2101011	0.2229539	0.2131202	0.2887316	0.2487113	0.2466903	0.2003379	0.2987691	0.2617225	0.2373625
3232987663.9888263	0.2513619	0.3107430	0.1302145	0.2113354	0.1714134	0.2990715	0.2100834	0.2229402	0.2131322	0.2887174	0.2487272	0.2466748	0.2003370	0.2987781	0.2617322	0.2373606
3232987663.9987144	0.2513716	0.3107325	0.1302098	0.2113253	0.1713973	0.2990721	0.2100820	0.2229225	0.2131077	0.2887197	0.2487308	0.2467181	0.2003294	0.2987552	0.2617265	0.2373484
3232987664.0086026	0.2513595	0.3107432	0.1302218	0.2113260	0.1714012	0.2990857	0.2100876	0.2229389	0.2131129	0.2887255	0.2487156	0.2467109	0.2003211	0.2987648	0.2617290	0.2373898
3232987664.0184908	0.2513639	0.3107570	0.1302221	0.2113302	0.1713907	0.2990810	0.2100809	0.2229292	0.2131150	0.2887288	0.2487340	0.2466904	0.2003203	0.2987478	0.2617166	0.2373516
3232987664.0283790	0.2513681	0.3107380	0.1302332	0.2113391	0.1714084	0.2990784	0.2101159	0.2229412	0.2131130	0.2887091	0.2487337	0.2466890	0.2003354	0.2987621	0.2617230	0.2373418
3232987664.0382671	0.2513695	0.3107418	0.1302411	0.2113092	0.1714023	0.2990875	0.2100899	0.2229374	0.2131286	0.2887145	0.2487129	0.2466947	0.2003481	0.2987575	0.2617289	0.2373582
3232987664.0481553	0.2513659	0.3107299	0.1302453	0.2113123	0.1714044	0.2990790	0.2100917	0.2229361	0.2131379	0.2887078	0.2487214	0.2466865	0.2003282	0.2987555	0.2617241	0.2373700
3232987664.0580435	0.2513676	0.3107278	0.1302297	0.2113218	0.1713892	0.2990735	0.2101004	0.2229274	0.2131105	0.2887305	0.2487262	0.2467044	0.2003218	0.2987380	0.2617216	0.2373519
3232987664.0679302	0.2513483	0.3107261	0.1302380	0.2113204	0.1713873	0.2990671	0.2100913	0.2229120	0.2131176	0.2887062	0.2487107	0.2466986	0.2003526	0.2987454	0.2617231	0.2373563
3232987664.0778184	0.2513671	0.3107293	0.1302247	0.2113074	0.1713823	0.2990683	0.2100860	0.2229205	0.2131155	0.2887099	0.2487122	0.2467131	0.2003179	0.2987479	0.2617277	0.2373696
3232987664.0877066	0.2513718	0.3107393	0.1302404	0.2113230	0.1713983	0.2990895	0.2100900	0.2229240	0.2131127	0.2887179	0.2487138	0.2466787	0.2003326	0.2987526	0.2617261	0.2373624
3232987664.0975947	0.2513809	0.3107248	0.1302429	0.2113059	0.1714062	0.2990819	0.2100851	0.2229314	0.2130939	0.2887032	0.2487112	0.2466882	0.2003354	0.2987601	0.2617194	0.2373609
3232987664.1074829	0.2513658	0.3107448	0.1302173	0.2113314	0.1714048	0.2990899	0.2100809	0.2229100	0.2131108	0.2887037	0.2487246	0.2466816	0.2003254	0.2987575	0.2617160	0.2373744
3232987664.1173711	0.2513552	0.3107237	0.1302183	0.2113215	0.1714010	0.2990509	0.2100828	0.2229324	0.2131107	0.2887054	0.2487014	0.2466853	0.2003232	0.2987484	0.2617089	0.2373571
3232987664.1272593	0.2513613	0.3107244	0.1302313	0.2113238	0.1713870	0.2990823	0.2100854	0.2229193	0.2131033	0.2887007	0.2487264	0.2466930	0.2003258	0.2987383	0.2617161	0.2373591
3232987664.1371474	0.2513681	0.3107569	0.1302330	0.2113258	0.1714026	0.2990753	0.2100993	0.2229413	0.2131325	0.2887123	0.2486966	0.2466869	0.2003311	0.2987602	0.2617217	0.2373562
3232987664.1470356	0.2513623	0.3107320	0.1302408	0.2112993	0.1713996	0.2990846	0.2100828	0.2229419	0.2131152	0.2887064	0.2487332	0.2466887	0.2003162	0.2987590	0.2617336	0.2373528
3232987664.1569238	0.2513593	0.3107406	0.1302472	0.2113166	0.1713984	0.2990830	0.2100845	0.2229266	0.2131063	0.2886928	0.2487206	0.2466891	0.2003186	0.2987495	0.2617185	0.2373371
3232987664.1668100	0.2513771	0.3107302	0.1302154	0.2113108	0.1713888	0.2990718	0.2100858	0.2229207	0.2131013	0.2886998	0.2487320	0.2466809	0.2003236	0.2987385	0.2617289	0.2373504
3232987664.1766982	0.2513535	0.3107197	0.1302155	0.2113329	0.1714126	0.2990676	0.2100996	0.2229462	0.2131289	0.2887006	0.2487259	0.2466902	0.2003284	0.2987284	0.2617293	0.2373539
3232987664.1865864	0.2513596	0.3107244	0.1302341	0.2113157	0.1713983	0.2990689	0.2100745	0.2229329	0.2131164	0.2887173	0.2487284	0.2466761	0.2003164	0.2987252	0.2617079	0.2373469
3232987664.1964746	0.2513728	0.3107340	0.1302345	0.2113198	0.1714086	0.2990713	0.2101024	0.2229278	0.2131170	0.2886734	0.2487097	0.2466753	0.2003338	0.2987334	0.2617115	0.2373537
3232987664.2063627	0.2513934	0.3107376	0.1302290	0.2113297	0.1714049	0.2990634	0.2100873	0.2229301	0.2131256	0.2887108	0.2487228	0.2466860	0.2003304	0.2987406	0.2617426	0.2373608
3232987664.2162509	0.2513609	0.3107374	0.1302390	0.2113280	0.1714057	0.2990744	0.2100899	0.2229273	0.2131236	0.2887050	0.2487172	0.2466788	0.2003299	0.2987510	0.2617227	0.2373619
3232987664.2261391	0.2513712	0.3107352	0.1302393	0.2113172	0.1713930	0.2990824	0.2100816	0.2229217	0.2131071	0.2887033	0.2487024	0.2466846	0.2003357	0.2987232	0.2617329	0.2373426
3232987664.2360272	0.2513582	0.3107197	0.1302400	0.2113395	0.1714099	0.2990759	0.2100900	0.2229185	0.2131293	0.2887002	0.2487273	0.2466566	0.2003239	0.2987672	0.2617421	0.2373375
3232987664.2459154	0.2513589	0.3107412	0.1302330	0.2113187	0.1714162	0.2990617	0.2100901	0.2229533	0.2131065	0.2887114	0.2487178	0.2466920	0.2003344	0.2987673	0.2617228	0.2373508
3232987664.2558036	0.2513653	0.3107325	0.1302232	0.2113249	0.1713961	0.2990663	0.2100851	0.2229323	0.2131025	0.2887028	0.2487226	0.2466697	0.2003330	0.2987400	0.2617107	0.2373387
3232987664.2656903	0.2513439	0.3107151	0.1302559	0.2113145	0.1714071	0.2990854	0.2100915	0.2229337	0.2131248	0.2887054	0.2487347	0.2466987	0.2003345	0.2987503	0.2617152	0.2373536
3232987664.2755785	0.2513603	0.3107233	0.1302296	0.2113173	0.1713923	0.2990677	0.2100952	0.2229360	0.2131235	0.2887104	0.2487189	0.2466863	0.2003340	0.2987435	0.2617205	0.2373377
3232987664.2854667	0.2513674	0.3107269	0.1302404	0.2113320	0.1714152	0.2990722	0.2100784	0.2229359	0.2131199	0.2886935	0.2487068	0.2466810	0.2003346	0.2987490	0.2617256	0.2373465
3232987664.2953548	0.2513571	0.3107265	0.1302484	0.2113140	0.1714057	0.2990793	0.2100848	0.2229205	0.2131143	0.2887100	0.2487089	0.2467035	0.2003411	0.2987203	0.2617312	0.2373510
3232987664.3052430	0.2513738	0.3107338	0.1302467	0.2113204	0.1713952	0.2990692	0.2101034	0.2229249	0.2131176	0.2887081	0.2487239	0.2466825	0.2003214	0.2987442	0.2617192	0.2373443
3232987664.3151312	0.2513734	0.3107213	0.1302411	0.2113029	0.1714047	0.2990761	0.2101119	0.2229212	0.2131211	0.2886900	0.2487184	0.2466764	0.2003410	0.2987365	0.2617136	0.2373483
3232987664.3250194	0.2513557	0.3107204	0.1302297	0.2113212	0.1714106	0.2990847	0.2101016	0.2229429	0.2131157	0.2887133	0.2487133	0.2466578	0.2003242	0.2987476	0.2617060	0.2373386
3232987664.3349075	0.2513630	0.3107340	0.1302162	0.2113237	0.1714108	0.2990691	0.2100867	0.2229185	0.2131113	0.2886821	0.2487144	0.2466860	0.2003015	0.2987267	0.2617153	0.2373318
3232987664.3447957	0.2513678	0.3107275	0.1302410	0.2113261	0.1714080	0.2990629	0.2100975	0.2229195	0.2131208	0.2887037	0.2487258	0.2466954	0.2003286	0.2987517	0.2617282	0.2373437
3232987664.3546839	0.2513620	0.3107221	0.1302283	0.2113142	0.1714059	0.2990775	0.2100848	0.2229104	0.2131290	0.2886872	0.2487145	0.2466802	0.2003242	0.2987279	0.2617241	0.2373281
3232987664.3645701	0.2513705	0.3107321	0.1302500	0.2113152	0.1714157	0.2990550	0.2101111	0.2229340	0.2131269	0.2887013	0.2487306	0.2466916	0.2003382	0.2987269	0.2617283	0.2373498
3232987664.3744583	0.2513729	0.3107176	0.1302507	0.2113213	0.1714094	0.2990694	0.2100940	0.2229119	0.2131115	0.2886999	0.2487162	0.2467015	0.2003237	0.2987327	0.2617236	0.2373231
3232987664.3843465	0.2513553	0.3107306	0.1302388	0.2113126	0.1714111	0.2990601	0.2100893	0.2229170	0.2131108	0.2886961	0.2487116	0.2466757	0.2003331	0.2987550	0.2617316	0.2373428
3232987664.3942347	0.2513519	0.3107058	0.1302431	0.2113141	0.1714138	0.2990591	0.2100765	0.2229250	0.2131133	0.2887066	0.2487114	0.2466717	0.2003213	0.2987277	0.2617285	0.2373334
3232987664.4041228	0.2513737	0.3107205	0.1302322	0.2112940	0.1714070	0.2990661	0.2101052	0.2229343	0.2131073	0.2887139	0.2487416	0.2466792	0.2003410	0.2987214	0.2617191	0.2373411
3232987664.4140110	0.2513791	0.3107228	0.1302443	0.2113155	0.1713964	0.2990738	0.2100964	0.2229131	0.2131259	0.2887033	0.2487169	0.2466834	0.2003430	0.2987312	0.2617322	0.2373428
3232987664.4238992	0.2513912	0.3107248	0.1302479	0.2113209	0.1713963	0.2990692	0.2101043	0.2229247	0.2131178	0.2887022	0.2487215	0.2466899	0.2003387	0.2987365	0.2617249	0.2373638
3232987664.4337873	0.2513737	0.3107022	0.1302464	0.2112932	0.1714191	0.2990906	0.2101043	0.2229157	0.2131230	0.2886960	0.2487115	0.2466783	0.2003288	0.2987381	0.2617389	0.2373481
3232987664.4436755	0.2513479	0.3107212	0.1302426	0.2113197	0.1713972	0.2990445	0.2101121	0.2229235	0.2131072	0.2886869	0.2487384	0.2466676	0.2003432	0.2987372	0.2617126	0.2373196
3232987664.4535637	0.2513762	0.3107402	0.1302459	0.2113132	0.1714215	0.2990713	0.2101066	0.2229273	0.2131144	0.2887069	0.2487176	0.2466622	0.2003417	0.2987307	0.2617225	0.2373543
3232987664.4634500	0.2513678	0.3107374	0.1302315	0.2113313	0.1714421	0.2990552	0.2101076	0.2229335	0.2131163	0.2886973	0.2487225	0.2466847	0.2003401	0.2987228	0.2617252	0.2373470
3232987664.4733381	0.2513928	0.3107324	0.1302327	0.2113267	0.1714287	0.2990931	0.2101108	0.2229386	0.2131381	0.2886805	0.2487294	0.2466794	0.2003201	0.2987355	0.2617235	0.2373422
3232987664.4832263	0.2513744	0.3107336	0.1302493	0.2113217	0.1713913	0.2990792	0.2101031	0.2229426	0.2131226	0.2887028	0.2487160	0.2466820	0.2003395	0.2987334	0.2617347	0.2373467
3232987664.4931145	0.2513924	0.3107251	0.1302291	0.2113110	0.1714065	0.2990686	0.2101118	0.2229300	0.2131103	0.2886989	0.2487265	0.2466799	0.2003516	0.2987368	0.2617485	0.2373421
3232987664.5030026	0.2513843	0.3107287	0.1302426	0.2113221	0.1714131	0.2990713	0.2101017	0.2229255	0.2131182	0.2887036	0.2487222	0.2466933	0.2003349	0.2987373	0.2617309	0.2373675
3232987664.5128908	0.2513867	0.3107325	0.1302405	0.2113225	0.1714188	0.2990791	0.2101404	0.2229463	0.2131169	0.2887012	0.2487198	0.2466838	0.2003422	0.2987328	0.2617441	0.2373455
3232987664.5227790	0.2513895	0.3107315	0.1302399	0.2113162	0.1714230	0.2990747	0.2101220	0.2229240	0.2131257	0.2887043	0.2487192	0.2466642	0.2003366	0.2987272	0.2617262	0.2373453
3232987664.5326672	0.2513753	0.3107306	0.1302463	0.2113239	0.1714371	0.2990815	0.2100976	0.2229333	0.2131314	0.2886982	0.2487482	0.2466713	0.2003301	0.2987377	0.2617256	0.2373520
3232987664.5425553	0.2513651	0.3107193	0.1302438	0.2113323	0.1714198	0.2990895	0.2101230	0.2229409	0.2131029	0.2887033	0.2487501	0.2466625	0.2003439	0.2987359	0.2617350	0.2373383
3232987664.5524435	0.2513842	0.3107302	0.1302457	0.2113337	0.1714390	0.2990704	0.2101087	0.2229561	0.2131345	0.2886921	0.2487446	0.2466666	0.2003304	0.2987379	0.2617563	0.2373638
3232987664.5623302	0.2513740	0.3107193	0.1302597	0.2113196	0.1714283	0.2990740	0.2101055	0.2229498	0.2131151	0.2886971	0.2487228	0.2466770	0.2003429	0.2987237	0.2617422	0.2373497
3232987664.5722184	0.2513922	0.3107427	0.1302554	0.2113365	0.1714300	0.2990816	0.2101198	0.2229431	0.2131199	0.2886823	0.2487173	0.2466700	0.2003187	0.2987308	0.2617338	0.2373323
3232987664.5821066	0.2513806	0.3107409	0.1302548	0.2113393	0.1714351	0.2990615	0.2101065	0.2229408	0.2131102	0.2886920	0.2487320	0.2466958	0.2003331	0.2987313	0.2617163	0.2373429
3232987664.5919948	0.2513797	0.3107382	0.1302498	0.2113216	0.1714292	0.2990735	0.2101161	0.2229422	0.2131318	0.2886953	0.2487381	0.2466759	0.2003446	0.2987378	0.2617384	0.2373370
3232987664.6018829	0.2513846	0.3107275	0.1302267	0.2113257	0.1714188	0.2990848	0.2101123	0.2229284	0.2131408	0.2886854	0.2487390	0.2466628	0.2003549	0.2987339	0.2617274	0.2373360
3232987664.6117711	0.2514143	0.3107407	0.1302591	0.2113414	0.1714246	0.2990713	0.2101186	0.2229521	0.2131247	0.2886819	0.2487160	0.2466775	0.2003382	0.2987397	0.2617307	0.2373316
3232987664.6216593	0.2513898	0.3107237	0.1302595	0.2113301	0.1714251	0.2990717	0.2101288	0.2229542	0.2131212	0.2886957	0.2487060	0.2466800	0.2003263	0.2987283	0.2617394	0.2373223
3232987664.6315474	0.2513838	0.3107438	0.1302654	0.2113334	0.1714187	0.2990863	0.2101069	0.2229507	0.2131425	0.2886911	0.2487421	0.2466531	0.2003507	0.2987235	0.2617396	0.2373486
3232987664.6414356	0.2513925	0.3107342	0.1302640	0.2113200	0.1714396	0.2991008	0.2101383	0.2229403	0.2131293	0.2887053	0.2487222	0.2466816	0.2003483	0.2987296	0.2617420	0.2373565
3232987664.6513238	0.2514019	0.3107439	0.1302438	0.2113308	0.1714289	0.2990647	0.2101348	0.2229351	0.2131374	0.2886967	0.2487336	0.2466844	0.2003590	0.2987334	0.2617457	0.2373469
3232987664.6612101	0.2514079	0.3107419	0.1302539	0.2113287	0.1714268	0.2990769	0.2101231	0.2229362	0.2131356	0.2886842	0.2487254	0.2466822	0.2003477	0.2987223	0.2617238	0.2373390
3232987664.6710982	0.2513899	0.3107334	0.1302663	0.2113459	0.1714437	0.2990792	0.2101351	0.2229381	0.2131344	0.2886928	0.2487285	0.2466772	0.2003643	0.2987506	0.2617345	0.2373529
3232987664.6809864	0.2514026	0.3107444	0.1302740	0.2113263	0.1714419	0.2990798	0.2101294	0.2229292	0.2131315	0.2886835	0.2487423	0.2466756	0.2003537	0.2987218	0.2617322	0.2373446
3232987664.6908746	0.2513961	0.3107371	0.1302649	0.2113364	0.1714360	0.2990860	0.2101363	0.2229607	0.2131340	0.2886862	0.2487526	0.2466681	0.2003392	0.2987345	0.2617435	0.2373445
3232987664.7007627	0.2514015	0.3107467	0.1302596	0.2113483	0.1714401	0.2990886	0.2101350	0.2229257	0.2131246	0.2886898	0.2487349	0.2466657	0.2003597	0.2987144	0.2617566	0.2373563
3232987664.7106509	0.2514134	0.3107398	0.1302467	0.2113405	0.1714444	0.2990762	0.2101393	0.2229588	0.2131299	0.2886947	0.2487194	0.2466772	0.2003417	0.2987362	0.2617422	0.2373427
3232987664.7205391	0.2514128	0.3107364	0.1302713	0.2113369	0.1714460	0.2990823	0.2101338	0.2229552	0.2131364	0.2887046	0.2487441	0.2466831	0.2003542	0.2987183	0.2617406	0.2373308
3232987664.7304273	0.2513876	0.3107421	0.1302716	0.2113483	0.1714374	0.2990902	0.2101436	0.2229485	0.2131241	0.2886917	0.2487419	0.2466586	0.2003555	0.2987405	0.2617528	0.2373497
3232987664.7403154	0.2514070	0.3107411	0.1302692	0.2113478	0.1714346	0.2990922	0.2101275	0.2229358	0.2131392	0.2886966	0.2487269	0.2466844	0.2003387	0.2987305	0.2617402	0.2373298
3232987664.7502036	0.2514085	0.3107519	0.1302751	0.2113480	0.1714336	0.2990798	0.2101253	0.2229346	0.2131422	0.2886855	0.2487239	0.2466911	0.2003463	0.2987406	0.2617307	0.2373490
3232987664.7600899	0.2514162	0.3107111	0.1302482	0.2113257	0.1714329	0.2990794	0.2101300	0.2229466	0.2131228	0.2886957	0.2487322	0.2466837	0.2003400	0.2987329	0.2617363	0.2373435
3232987664.7699780	0.2514100	0.3107400	0.1302479	0.2113309	0.1714408	0.2990593	0.2101268	0.2229526	0.2131463	0.2886949	0.2487459	0.2466742	0.2003665	0.2987479	0.2617513	0.2373323
3232987664.7798662	0.2514084	0.3107411	0.1302597	0.2113294	0.1714486	0.2990918	0.2101646	0.2229418	0.2131262	0.2886898	0.2487430	0.2466786	0.2003458	0.2987447	0.2617512	0.2373427
3232987664.7897544	0.2514188	0.3107456	0.1302720	0.2113417	0.1714421	0.2990871	0.2101304	0.2229241	0.2131080	0.2886836	0.2487599	0.2466669	0.2003296	0.2987395	0.2617381	0.2373503
3232987664.7996426	0.2514134	0.3107406	0.1302636	0.2113312	0.1714520	0.2990912	0.2101337	0.2229259	0.2131244	0.2887021	0.2487465	0.2466669	0.2003419	0.2987467	0.2617519	0.2373400
3232987664.8095307	0.2514012	0.3107287	0.1302616	0.2113108	0.1714378	0.2990771	0.2101278	0.2229384	0.2131326	0.2886970	0.2487468	0.2466915	0.2003459	0.2987371	0.2617561	0.2373420
3232987664.8194189	0.2514044	0.3107342	0.1302504	0.2113396	0.1714450	0.2990877	0.2101429	0.2229547	0.2131253	0.2886881	0.2487419	0.2466737	0.2003375	0.2987509	0.2617416	0.2373447
3232987664.8293071	0.2514209	0.3107273	0.1302974	0.2113441	0.1714498	0.2991028	0.2101350	0.2229324	0.2131393	0.2887066	0.2487366	0.2466741	0.2003586	0.2987455	0.2617479	0.2373344
3232987664.8391952	0.2514085	0.3107533	0.1302644	0.2113392	0.1714493	0.2990941	0.2101417	0.2229428	0.2131393	0.2887063	0.2487240	0.2466838	0.2003686	0.2987266	0.2617434	0.2373410
3232987664.8490834	0.2514200	0.3107372	0.1302688	0.2113329	0.1714463	0.2990832	0.2101515	0.2229473	0.2131320	0.2887018	0.2487512	0.2466710	0.2003676	0.2987101	0.2617548	0.2373449
3232987664.8589702	0.2514124	0.3107390	0.1302649	0.2113257	0.1714424	0.2990680	0.2101331	0.2229545	0.2131319	0.2886978	0.2487491	0.2466756	0.2003625	0.2987493	0.2617512	0.2373338
3232987664.8688583	0.2513963	0.3107449	0.1302570	0.2113351	0.1714404	0.2990724	0.2101289	0.2229503	0.2131433	0.2887181	0.2487633	0.2466897	0.2003669	0.2987261	0.2617630	0.2373400
3232987664.8787465	0.2514478	0.3107768	0.1303283	0.2113880	0.1713737	0.2990140	0.2102793	0.2230933	0.2131481	0.2887152	0.2487796	0.2467026	0.2002095	0.2985711	0.2616139	0.2371701
3232987664.8886347	0.2514049	0.3107396	0.1302803	0.2113368	0.1714242	0.2990905	0.2101449	0.2229403	0.2131324	0.2887030	0.2487496	0.2466688	0.2003616	0.2987452	0.2617457	0.2373275
3232987664.8985229	0.2514120	0.3107386	0.1302605	0.2113292	0.1714394	0.2990714	0.2101384	0.2229407	0.2131537	0.2887017	0.2487620	0.2466999	0.2003465	0.2987408	0.2617693	0.2373356
3232987664.9084110	0.2513955	0.3107496	0.1302771	0.2113244	0.1714483	0.2990919	0.2101536	0.2229528	0.2131425	0.2886982	0.2487525	0.2466842	0.2003645	0.2987461	0.2617475	0.2373558
3232987664.9182992	0.2514130	0.3107212	0.1302631	0.2113371	0.1714415	0.2990883	0.2101456	0.2229542	0.2131360	0.2887121	0.2487433	0.2466814	0.2003628	0.2987428	0.2617570	0.2373469
3232987664.9281874	0.2513943	0.3107385	0.1302706	0.2113449	0.1714319	0.2990886	0.2101381	0.2229503	0.2131401	0.2886929	0.2487638	0.2466878	0.2003586	0.2987224	0.2617528	0.2373335
3232987664.9380755	0.2514248	0.3107510	0.1302849	0.2113425	0.1714377	0.2990912	0.2101383	0.2229416	0.2131553	0.2886851	0.2487440	0.2466678	0.2003667	0.2987513	0.2617723	0.2373439
3232987664.9479637	0.2514089	0.3107340	0.1302719	0.2113342	0.1714504	0.2990887	0.2101375	0.2229382	0.2131412	0.2887089	0.2487680	0.2466802	0.2003541	0.2987497	0.2617594	0.2373431
3232987664.9578500	0.2514058	0.3107318	0.1302807	0.2113357	0.1714416	0.2990891	0.2101292	0.2229332	0.2131409	0.2887138	0.2487491	0.2466783	0.2003413	0.2987386	0.2617679	0.2373606
3232987664.9677381	0.2514038	0.3107300	0.1302863	0.2113341	0.1714480	0.2990829	0.2101499	0.2229467	0.2131482	0.2887011	0.2487685	0.2466688	0.2003468	0.2987298	0.2617442	0.2373501
3232987664.9776263	0.2514139	0.3107361	0.1302594	0.2113348	0.1714262	0.2990952	0.2101287	0.2229669	0.2131479	0.2887073	0.2487494	0.2466748	0.2003493	0.2987501	0.2617612	0.2373418
3232987664.9875145	0.2514261	0.3107273	0.1302728	0.2113321	0.1714451	0.2990772	0.2101544	0.2229324	0.2131390	0.2886961	0.2487666	0.2466745	0.2003460	0.2987428	0.2617681	0.2373290
3232987664.9974027	0.2514153	0.3107341	0.1302729	0.2113563	0.1714430	0.2990804	0.2101539	0.2229549	0.2131382	0.2887004	0.2487518	0.2466739	0.2003603	0.2987328	0.2617555	0.2373428
3232987665.0072908	0.2514079	0.3107515	0.1302877	0.2113544	0.1714444	0.2990932	0.2101289	0.2229554	0.2131450	0.2886907	0.2487378	0.2466796	0.2003677	0.2987464	0.2617546	0.2373393
3232987665.0171790	0.2514018	0.3107320	0.1302695	0.2113410	0.1714433	0.2990739	0.2101418	0.2229317	0.2131556	0.2887036	0.2487556	0.2466744	0.2003783	0.2987238	0.2617535	0.2373518
3232987665.0270672	0.2514165	0.3107539	0.1302595	0.2113435	0.1714346	0.2990843	0.2101335	0.2229538	0.2131453	0.2887025	0.2487707	0.2466741	0.2003669	0.2987599	0.2617486	0.2373427
3232987665.0369554	0.2514258	0.3107408	0.1302758	0.2113436	0.1714441	0.2990835	0.2101297	0.2229450	0.2131582	0.2886857	0.2487559	0.2466720	0.2003464	0.2987339	0.2617334	0.2373566
3232987665.0468435	0.2514088	0.3107475	0.1302765	0.2113178	0.1714478	0.2990974	0.2101511	0.2229336	0.2131401	0.2886971	0.2487385	0.2466959	0.2003553	0.2987635	0.2617628	0.2373550
