0.0000000	0.0000000	0.0000000	3.0000000	-3.0000000	3.0000000	0.0000000	0.0000000	0.0000000	-0.0000027	0.0761503	-0.0000008	0.0912501	-0.0000185	0.0755871	-0.0000119	0.0918117	-0.0000057	0.0915124	-0.0000040	0.0749858	-0.0000094	0.0710502	-0.0000220	0.0956662	13837.0351721	3736.4710010	2243.1467347	-2501.9378530	-2284.4109466	2791.7618225	11225.3584641	403.7613498
0.0000000	0.0000000	0.0000000	1.5000000	-3.0000000	3.0000000	0.0000000	0.0000000	0.0000000	-0.0000007	0.0756211	-0.0000016	0.0908311	-0.0000188	0.0811431	-0.0000101	0.0853096	-0.0000048	0.0916327	-0.0000019	0.0752927	-0.0000112	0.0772568	-0.0000239	0.0898860	-30932.6093941	-24147.3206671	1358.3327797	-2516.6782325	-2274.8257430	1377.5578142	14184.2222657	479.2502270
0.0000000	0.0000000	0.0000000	0.0000000	-3.0000000	3.0000000	0.0000000	0.0000000	0.0000000	-0.0000031	0.0750530	-0.0000006	0.0904068	-0.0000182	0.0866555	-0.0000102	0.0788027	-0.0000052	0.0917990	-0.0000052	0.0756092	-0.0000107	0.0837011	-0.0000210	0.0839282	-5183.3802843	-8080.0983639	1044.1488678	-2535.1137258	-2270.2776688	-62.6126988	12374.4562931	527.2608912
0.0000000	0.0000000	0.0000000	-1.5000000	-3.0000000	3.0000000	0.0000000	0.0000000	0.0000000	-0.0000011	0.0746848	-0.0000002	0.0902668	-0.0000206	0.0923382	-0.0000114	0.0726110	-0.0000055	0.0920957	-0.0000050	0.0759901	-0.0000111	0.0903055	-0.0000205	0.0780001	5984.2408865	20339.9922981	271.0345343	-2558.0208285	-2271.6959582	-1501.2568479	12079.1587067	563.6825733
0.0000000	0.0000000	0.0000000	-3.0000000	-3.0000000	3.0000000	0.0000000	0.0000000	0.0000000	-0.0000006	0.0742586	-0.0000005	0.0900962	-0.0000206	0.0978904	-0.0000078	0.0664611	-0.0000061	0.0923581	-0.0000029	0.0763052	-0.0000121	0.0969070	-0.0000197	0.0719798	-8103.3853830	-6238.0159384	-1821.8592114	-2585.1495992	-2278.0998795	-2934.3954786	16344.7300857	590.3478986
0.0000000	0.0000000	0.0000000	3.0000000	-1.5000000	3.0000000	0.0000000	0.0000000	0.0000000	-0.0000016	0.0739071	-0.0000022	0.0886354	-0.0000168	0.0734372	-0.0000117	0.0891085	-0.0000050	0.0852398	-0.0000039	0.0811186	-0.0000089	0.0707964	-0.0000233	0.0957773	-10294.5348244	-16736.1823771	3276.3545400	-2539.8790778	-870.4631373	2818.8927987	11018.1455896	406.0523901
0.0000000	0.0000000	0.0000000	1.5000000	-1.5000000	3.0000000	0.0000000	0.0000000	0.0000000	-0.0000020	0.0735242	-0.0000010	0.0883810	-0.0000171	0.0788838	-0.0000109	0.0830163	-0.0000043	0.0855480	-0.0000056	0.0816498	-0.0000115	0.0771437	-0.0000238	0.0902726	9375.9471475	-2908.2436049	913.3492511	-2554.5086765	-859.3133357	1411.6948350	13994.8959589	488.9194237
0.0000000	0.0000000	0.0000000	0.0000000	-1.5000000	3.0000000	0.0000000	0.0000000	0.0000000	0.0000004	0.0730177	-0.0000025	0.0880192	-0.0000180	0.0842231	-0.0000097	0.0768095	-0.0000038	0.0858607	-0.0000058	0.0821474	-0.0000106	0.0836969	-0.0000207	0.0845314	20656.4832221	-11188.7039989	735.6655423	-2572.8379195	-854.2730842	-20.4033066	11371.8234630	549.8716812
0.0000000	0.0000000	0.0000000	-1.5000000	-1.5000000	3.0000000	0.0000000	0.0000000	0.0000000	0.0000002	0.0727258	-0.0000012	0.0879702	-0.0000193	0.0897632	-0.0000080	0.0709293	-0.0000052	0.0861553	-0.0000038	0.0825755	-0.0000121	0.0903214	-0.0000198	0.0786270	5229.3382654	416.8881685	-1473.8056011	-2596.8531335	-856.1575897	-1454.8848545	14183.8566078	589.6643839
0.0000000	0.0000000	0.0000000	-3.0000000	-1.5000000	3.0000000	0.0000000	0.0000000	0.0000000	-0.0000002	0.0723493	-0.0000016	0.0878612	-0.0000193	0.0951602	-0.0000087	0.0650466	-0.0000042	0.0863651	-0.0000052	0.0828757	-0.0000123	0.0969203	-0.0000195	0.0725398	-29023.5657182	-19064.9243775	-1341.8569684	-2625.5420062	-863.8439148	-2889.0985102	13326.6066559	612.8299244
0.0000000	0.0000000	0.0000000	3.0000000	0.0000000	3.0000000	0.0000000	0.0000000	0.0000000	-0.0000007	0.0720243	-0.0000000	0.0863527	-0.0000156	0.0716472	-0.0000117	0.0867281	-0.0000041	0.0789809	-0.0000049	0.0874638	-0.0000100	0.0706854	-0.0000232	0.0959803	-10854.3126017	491.2317164	2820.8479899	-2567.0811661	566.4710386	2834.2582611	9626.3651613	412.1116890
0.0000000	0.0000000	0.0000000	1.5000000	0.0000000	3.0000000	0.0000000	0.0000000	0.0000000	-0.0000008	0.0716325	-0.0000022	0.0860819	-0.0000177	0.0768637	-0.0000111	0.0808466	-0.0000038	0.0792966	-0.0000052	0.0880241	-0.0000109	0.0770332	-0.0000223	0.0905083	8816.2308740	13953.8744284	1837.7979549	-2581.8302032	572.4346217	1429.9939741	13117.9550225	497.5106844
0.0000000	0.0000000	0.0000000	0.0000000	0.0000000	3.0000000	0.0000000	0.0000000	0.0000000	-0.0000018	0.0711854	-0.0000015	0.0857878	-0.0000188	0.0820435	-0.0000094	0.0749218	-0.0000052	0.0797133	-0.0000055	0.0886767	-0.0000112	0.0836619	-0.0000216	0.0849490	-3305.8719414	-8731.4170677	-76.4061215	-2600.7372195	574.6177887	5.3619915	13950.1769284	569.3725369
0.0000000	0.0000000	0.0000000	-1.5000000	0.0000000	3.0000000	0.0000000	0.0000000	0.0000000	-0.0000014	0.0709084	-0.0000016	0.0857475	-0.0000186	0.0873827	-0.0000100	0.0692717	-0.0000027	0.0800192	-0.0000061	0.0891820	-0.0000107	0.0903104	-0.0000203	0.0791133	-2357.9386931	-17070.2507446	726.9008902	-2624.8945851	573.0746060	-1423.6925825	12321.6429073	616.1526473
0.0000000	0.0000000	0.0000000	-3.0000000	0.0000000	3.0000000	0.0000000	0.0000000	0.0000000	-0.0000016	0.0705910	-0.0000021	0.0857035	-0.0000194	0.0926333	-0.0000084	0.0636559	-0.0000039	0.0802182	-0.0000053	0.0895496	-0.0000132	0.0969966	-0.0000197	0.0729946	-16669.0934830	-2849.3345456	-3973.3585890	-2654.3879820	568.9867027	-2860.7703221	14803.3350509	628.1302487
0.0000000	0.0000000	0.0000000	3.0000000	1.5000000	3.0000000	0.0000000	0.0000000	0.0000000	-0.0000007	0.0702780	-0.0000002	0.0843095	-0.0000163	0.0700360	-0.0000106	0.0845520	-0.0000037	0.0726714	-0.0000053	0.0937912	-0.0000098	0.0705354	-0.0000231	0.0961513	-7498.4476693	-11275.2752841	1962.6435927	-2603.4597744	2006.1271037	2848.8480923	16220.8064492	423.2517833
0.0000000	0.0000000	0.0000000	1.5000000	1.5000000	3.0000000	0.0000000	0.0000000	0.0000000	-0.0000012	0.0699370	-0.0000017	0.0840902	-0.0000171	0.0750949	-0.0000106	0.0789241	-0.0000041	0.0730176	-0.0000059	0.0943651	-0.0000112	0.0769261	-0.0000220	0.0906805	942.4132771	-927.6525510	1780.7524226	-2617.6609560	2001.6122739	1443.3268267	11122.8675533	501.6913601
0.0000000	0.0000000	0.0000000	0.0000000	1.5000000	3.0000000	0.0000000	0.0000000	0.0000000	-0.0000021	0.0694464	-0.0000017	0.0837340	-0.0000172	0.0800169	-0.0000105	0.0731558	-0.0000041	0.0733922	-0.0000059	0.0949978	-0.0000111	0.0835224	-0.0000218	0.0850930	-18247.7859783	-18933.6093696	264.0830166	-2636.3547573	1997.8423081	20.9176007	11027.4132804	571.6101378
0.0000000	0.0000000	0.0000000	-1.5000000	1.5000000	3.0000000	0.0000000	0.0000000	0.0000000	-0.0000004	0.0691854	-0.0000011	0.0837063	-0.0000189	0.0851725	-0.0000098	0.0677161	-0.0000057	0.0737044	-0.0000061	0.0955887	-0.0000113	0.0902020	-0.0000218	0.0793160	-8869.0067327	-9679.1466272	770.1353728	-2660.9950482	1996.7364707	-1405.6815867	13901.7494836	621.3826176
0.0000000	0.0000000	0.0000000	-3.0000000	1.5000000	3.0000000	0.0000000	0.0000000	0.0000000	-0.0000007	0.0688960	-0.0000007	0.0836883	-0.0000185	0.0902611	-0.0000101	0.0623192	-0.0000046	0.0738918	-0.0000047	0.0960716	-0.0000114	0.0970150	-0.0000201	0.0731752	-19262.1245068	-13637.6797586	191.1316947	-2691.3257108	2000.1308568	-2849.4740709	9674.2544750	618.5726732
0.0000000	0.0000000	0.0000000	3.0000000	3.0000000	3.0000000	0.0000000	0.0000000	0.0000000	-0.0000003	0.0686075	-0.0000014	0.0822875	-0.0000183	0.0684927	-0.0000106	0.0824025	-0.0000034	0.0663286	-0.0000075	0.0999638	-0.0000097	0.0703462	-0.0000238	0.0961688	4866.8655451	11636.2629747	1839.4093748	-2631.1560863	3435.4244343	2854.1061917	13238.5409861	434.3059520
0.0000000	0.0000000	0.0000000	1.5000000	3.0000000	3.0000000	0.0000000	0.0000000	0.0000000	-0.0000008	0.0682571	-0.0000017	0.0820636	-0.0000178	0.0733507	-0.0000114	0.0769647	-0.0000057	0.0666244	-0.0000066	0.1005083	-0.0000110	0.0767551	-0.0000226	0.0906001	-1042.3639371	-16293.5650372	2502.8606836	-2646.8041606	3426.6754030	1442.8359496	12916.0770599	496.6953116
0.0000000	0.0000000	0.0000000	0.0000000	3.0000000	3.0000000	0.0000000	0.0000000	0.0000000	-0.0000009	0.0678215	-0.0000012	0.0817703	-0.0000174	0.0781366	-0.0000096	0.0714500	-0.0000032	0.0669632	-0.0000080	0.1011621	-0.0000110	0.0833730	-0.0000211	0.0849773	-17479.6971933	2234.0230281	-273.8674571	-2666.1580384	3420.7997748	17.5061320	10482.5022353	555.8235247
0.0000000	0.0000000	0.0000000	-1.5000000	3.0000000	3.0000000	0.0000000	0.0000000	0.0000000	-0.0000019	0.0676044	-0.0000004	0.0817600	-0.0000198	0.0831432	-0.0000101	0.0662171	-0.0000033	0.0672661	-0.0000074	0.1017735	-0.0000102	0.0900648	-0.0000221	0.0791998	9881.4456334	2679.2666069	214.1851819	-2687.5427164	3415.0619907	-1411.0378979	13647.4948010	602.8854936
0.0000000	0.0000000	0.0000000	-3.0000000	3.0000000	3.0000000	0.0000000	0.0000000	0.0000000	-0.0000014	0.0673608	-0.0000015	0.0817701	-0.0000205	0.0880906	-0.0000096	0.0610348	-0.0000033	0.0674538	-0.0000068	0.1023026	-0.0000128	0.0968893	-0.0000194	0.0730930	-15782.1137696	-5498.2174826	-1636.0147993	-2715.9353933	3416.7328124	-2853.4966090	14720.9488235	599.9552808
0.0000000	0.0000000	0.0000000	3.0000000	-3.0000000	1.5000000	0.0000000	0.0000000	0.0000000	-0.0000022	0.0814346	-0.0000007	0.0843142	-0.0000179	0.0748630	-0.0000109	0.0908868	-0.0000050	0.0885002	-0.0000038	0.0727928	-0.0000096	0.0688758	-0.0000224	0.0926245	-17962.6034230	-24881.6141195	2297.7395620	-1035.5111888	-2276.8854837	2802.5783518	12521.7553077	420.7636102
0.0000000	0.0000000	0.0000000	1.5000000	-3.0000000	1.5000000	0.0000000	0.0000000	0.0000000	-0.0000012	0.0811228	-0.0000003	0.0842768	-0.0000201	0.0807596	-0.0000117	0.0846377	-0.0000051	0.0887695	-0.0000038	0.0732065	-0.0000104	0.0750569	-0.0000222	0.0871285	-9242.4305418	-1699.0668573	1172.4326301	-1060.4494627	-2268.5720403	1361.0358039	10046.6608454	496.0607455
0.0000000	0.0000000	0.0000000	0.0000000	-3.0000000	1.5000000	0.0000000	0.0000000	0.0000000	-0.0000036	0.0807299	-0.0000009	0.0841404	-0.0000200	0.0864597	-0.0000095	0.0784076	-0.0000044	0.0890394	-0.0000033	0.0736060	-0.0000104	0.0813302	-0.0000221	0.0815216	-5684.4167951	5766.5919984	-30.2398393	-1082.9628757	-2263.4698226	-76.7518843	14270.8420541	540.8906670
0.0000000	0.0000000	0.0000000	-1.5000000	-3.0000000	1.5000000	0.0000000	0.0000000	0.0000000	-0.0000024	0.0802971	-0.0000005	0.0839930	-0.0000206	0.0920802	-0.0000092	0.0722058	-0.0000070	0.0894007	-0.0000037	0.0740311	-0.0000111	0.0877471	-0.0000198	0.0758957	-12867.7578584	-6489.9884256	-1305.6978584	-1108.8065742	-2265.5378620	-1515.8236965	16100.3620544	576.7862463
0.0000000	0.0000000	0.0000000	-3.0000000	-3.0000000	1.5000000	0.0000000	0.0000000	0.0000000	-0.0000031	0.0798215	-0.0000002	0.0838105	-0.0000215	0.0975836	-0.0000103	0.0660459	-0.0000057	0.0897357	-0.0000057	0.0744005	-0.0000124	0.0941708	-0.0000192	0.0701786	5643.7790140	-1570.4522968	-1516.3848214	-1135.7363570	-2272.3990457	-2950.1828050	9724.2084332	606.4580070
0.0000000	0.0000000	0.0000000	3.0000000	-1.5000000	1.5000000	0.0000000	0.0000000	0.0000000	-0.0000033	0.0793797	-0.0000008	0.0822658	-0.0000161	0.0730936	-0.0000095	0.0885564	-0.0000042	0.0827721	-0.0000039	0.0791421	-0.0000103	0.0689956	-0.0000225	0.0931330	5968.8969981	3712.3273539	2122.0694932	-1057.6774318	-836.3766007	2820.4294539	13272.4817930	423.8856511
0.0000000	0.0000000	0.0000000	1.5000000	-1.5000000	1.5000000	0.0000000	0.0000000	0.0000000	-0.0000018	0.0791596	-0.0000002	0.0823056	-0.0000172	0.0788343	-0.0000103	0.0826287	-0.0000038	0.0831458	-0.0000045	0.0797251	-0.0000103	0.0752735	-0.0000225	0.0878102	-3503.5533143	2313.4250684	1706.7501828	-1081.7987935	-826.0333898	1386.9229465	12997.0765479	507.1265556
0.0000000	0.0000000	0.0000000	0.0000000	-1.5000000	1.5000000	0.0000000	0.0000000	0.0000000	-0.0000019	0.0787734	-0.0000013	0.0821649	-0.0000185	0.0843186	-0.0000097	0.0766183	-0.0000049	0.0834891	-0.0000056	0.0802389	-0.0000098	0.0816167	-0.0000220	0.0823247	687.9163587	-11180.2351149	305.4882660	-1104.1326322	-821.9294795	-43.2439996	17263.3819172	564.0917199
0.0000000	0.0000000	0.0000000	-1.5000000	-1.5000000	1.5000000	0.0000000	0.0000000	0.0000000	-0.0000007	0.0783475	-0.0000006	0.0820202	-0.0000169	0.0897239	-0.0000084	0.0706434	-0.0000048	0.0837689	-0.0000045	0.0806477	-0.0000122	0.0879911	-0.0000195	0.0766402	-17333.1873153	-13980.1910632	99.4076472	-1130.7066252	-823.9889129	-1477.6280984	14592.3891415	603.6758902
0.0000000	0.0000000	0.0000000	-3.0000000	-1.5000000	1.5000000	0.0000000	0.0000000	0.0000000	-0.0000015	0.0778926	-0.0000006	0.0818656	-0.0000199	0.0950436	-0.0000091	0.0647131	-0.0000044	0.0840223	-0.0000043	0.0809888	-0.0000106	0.0943997	-0.0000206	0.0708271	-4852.0790648	-12227.5206794	263.3294113	-1159.7453270	-831.5731149	-2913.1012054	13939.7411541	629.8094930
0.0000000	0.0000000	0.0000000	3.0000000	0.0000000	1.5000000	0.0000000	0.0000000	0.0000000	-0.0000029	0.0774400	-0.0000013	0.0803775	-0.0000155	0.0714528	-0.0000102	0.0863680	-0.0000023	0.0768973	-0.0000054	0.0854002	-0.0000106	0.0690152	-0.0000234	0.0935005	-20332.6361942	-20050.8808148	3688.8810142	-1085.7830928	600.8483936	2836.1780112	9392.8690199	429.4312980
0.0000000	0.0000000	0.0000000	1.5000000	0.0000000	1.5000000	0.0000000	0.0000000	0.0000000	-0.0000027	0.0771717	-0.0000012	0.0803641	-0.0000183	0.0769346	-0.0000095	0.0805994	-0.0000041	0.0772438	-0.0000062	0.0859745	-0.0000093	0.0752725	-0.0000216	0.0881624	-18156.6930734	-15050.0141053	827.4458617	-1110.7305590	604.7993809	1405.4505366	13892.3564718	515.7873826
0.0000000	0.0000000	0.0000000	0.0000000	0.0000000	1.5000000	0.0000000	0.0000000	0.0000000	-0.0000018	0.0768570	-0.0000020	0.0802899	-0.0000201	0.0822771	-0.0000105	0.0748660	-0.0000026	0.0776848	-0.0000042	0.0866438	-0.0000102	0.0817018	-0.0000209	0.0828423	-5002.9956417	-13329.4540094	1050.0717548	-1133.2652717	606.3296647	-17.7553028	13699.2518571	583.1432839
0.0000000	0.0000000	0.0000000	-1.5000000	0.0000000	1.5000000	0.0000000	0.0000000	0.0000000	-0.0000019	0.0765017	-0.0000010	0.0802069	-0.0000192	0.0875501	-0.0000106	0.0691593	-0.0000029	0.0780254	-0.0000065	0.0871859	-0.0000108	0.0881669	-0.0000200	0.0772622	-14902.3509449	10388.8483037	-32.7676951	-1159.5812677	605.0445578	-1446.9077589	10031.0170410	628.8061482
0.0000000	0.0000000	0.0000000	-3.0000000	0.0000000	1.5000000	0.0000000	0.0000000	0.0000000	-0.0000015	0.0760452	-0.0000016	0.0800419	-0.0000204	0.0926602	-0.0000097	0.0634251	-0.0000043	0.0782158	-0.0000049	0.0875446	-0.0000116	0.0946130	-0.0000190	0.0713679	-4104.4640105	6833.6219891	86.8992906	-1189.0453067	601.4219351	-2885.2612967	13271.2775922	645.2796269
0.0000000	0.0000000	0.0000000	3.0000000	1.5000000	1.5000000	0.0000000	0.0000000	0.0000000	0.0000008	0.0756032	-0.0000020	0.0786615	-0.0000163	0.0699502	-0.0000099	0.0843200	-0.0000032	0.0709205	-0.0000066	0.0916086	-0.0000111	0.0689643	-0.0000230	0.0937806	-5574.1340485	1102.6963822	1180.4529333	-1123.7632490	2039.1772095	2849.6479313	10762.1626825	440.4058879
0.0000000	0.0000000	0.0000000	1.5000000	1.5000000	1.5000000	0.0000000	0.0000000	0.0000000	-0.0000015	0.0753395	-0.0000023	0.0786368	-0.0000159	0.0752229	-0.0000100	0.0787501	-0.0000042	0.0712513	-0.0000077	0.0921450	-0.0000103	0.0752229	-0.0000237	0.0883870	-13288.6631803	-5404.1158879	2303.3716339	-1147.6504849	2032.7242446	1418.6825786	12668.4894600	519.2353497
0.0000000	0.0000000	0.0000000	0.0000000	1.5000000	1.5000000	0.0000000	0.0000000	0.0000000	-0.0000019	0.0749616	-0.0000000	0.0784867	-0.0000190	0.0802947	-0.0000099	0.0731521	-0.0000032	0.0716302	-0.0000076	0.0927754	-0.0000099	0.0816042	-0.0000210	0.0830175	-17368.6705352	-15994.7296950	129.6292203	-1170.0852115	2028.5134369	-2.1064917	12021.0469887	584.9569893
0.0000000	0.0000000	0.0000000	-1.5000000	1.5000000	1.5000000	0.0000000	0.0000000	0.0000000	-0.0000012	0.0745909	-0.0000001	0.0783816	-0.0000205	0.0853501	-0.0000106	0.0676241	-0.0000029	0.0719457	-0.0000066	0.0933597	-0.0000113	0.0880657	-0.0000191	0.0774565	-10660.2849688	201.1368978	-495.1174799	-1197.0651643	2026.8757126	-1428.8541646	12390.8721398	632.9747250
0.0000000	0.0000000	0.0000000	-3.0000000	1.5000000	1.5000000	0.0000000	0.0000000	0.0000000	-0.0000012	0.0741705	-0.0000010	0.0782480	-0.0000192	0.0903084	-0.0000099	0.0621135	-0.0000046	0.0721391	-0.0000061	0.0938442	-0.0000109	0.0946488	-0.0000191	0.0715538	-4548.7960626	-6953.7480473	31.7195409	-1227.4389787	2030.3849724	-2873.8309543	14271.7328594	635.0030638
0.0000000	0.0000000	0.0000000	3.0000000	3.0000000	1.5000000	0.0000000	0.0000000	0.0000000	-0.0000021	0.0737145	-0.0000013	0.0769256	-0.0000173	0.0684191	-0.0000100	0.0822255	-0.0000017	0.0647727	-0.0000057	0.0977251	-0.0000106	0.0688193	-0.0000226	0.0938942	-4556.0580906	5530.7823573	903.7194407	-1168.3015516	3488.0747657	2859.3393168	9613.8381489	450.5547401
0.0000000	0.0000000	0.0000000	1.5000000	3.0000000	1.5000000	0.0000000	0.0000000	0.0000000	-0.0000015	0.0734714	-0.0000019	0.0769173	-0.0000180	0.0735160	-0.0000099	0.0768717	-0.0000032	0.0650792	-0.0000069	0.0982661	-0.0000104	0.0751323	-0.0000230	0.0884306	26244.3830713	-6413.2748695	1510.9337563	-1192.5553808	3477.1223088	1422.0488466	12471.9814460	513.0259393
0.0000000	0.0000000	0.0000000	0.0000000	3.0000000	1.5000000	0.0000000	0.0000000	0.0000000	-0.0000002	0.0731296	-0.0000020	0.0767936	-0.0000162	0.0784232	-0.0000111	0.0714972	-0.0000029	0.0653995	-0.0000076	0.0988786	-0.0000099	0.0815079	-0.0000203	0.0829876	-7443.8340244	624.4161614	2592.9340442	-1214.7335162	3470.2649357	-1.2052084	8790.2512273	567.8432381
0.0000000	0.0000000	0.0000000	-1.5000000	3.0000000	1.5000000	0.0000000	0.0000000	0.0000000	-0.0000015	0.0727673	-0.0000015	0.0766876	-0.0000195	0.0833001	-0.0000099	0.0661563	-0.0000031	0.0656736	-0.0000074	0.0994761	-0.0000115	0.0879608	-0.0000194	0.0774051	-5592.4660133	-6904.2395950	94.9907089	-1241.9610783	3467.5371586	-1428.9570439	13700.5184554	613.0590731
0.0000000	0.0000000	0.0000000	-3.0000000	3.0000000	1.5000000	0.0000000	0.0000000	0.0000000	-0.0000002	0.0723682	-0.0000012	0.0765682	-0.0000210	0.0880908	-0.0000093	0.0608453	-0.0000028	0.0658481	-0.0000081	0.1000068	-0.0000111	0.0945463	-0.0000181	0.0715287	-5552.7039687	-3209.8529209	-1793.0713999	-1272.9289562	3471.7904178	-2871.9318431	10796.8860388	615.6917405
0.0000000	0.0000000	0.0000000	3.0000000	-3.0000000	0.0000000	0.0000000	0.0000000	0.0000000	-0.0000026	0.0871814	-0.0000010	0.0778448	-0.0000182	0.0746793	-0.0000111	0.0903456	-0.0000049	0.0862177	-0.0000042	0.0713754	-0.0000088	0.0674835	-0.0000224	0.0903160	-9976.9555669	-14220.4040965	2597.1619534	454.2237316	-2243.6015221	2781.4541819	15830.3600531	432.7217597
0.0000000	0.0000000	0.0000000	1.5000000	-3.0000000	0.0000000	0.0000000	0.0000000	0.0000000	-0.0000037	0.0869975	0.0000002	0.0779817	-0.0000210	0.0806945	-0.0000109	0.0842838	-0.0000038	0.0865344	-0.0000016	0.0718280	-0.0000105	0.0734988	-0.0000213	0.0850636	-29968.3888104	-6402.2288321	1160.7241713	424.6205940	-2234.7153217	1339.8054398	13152.6143974	506.7708977
0.0000000	0.0000000	0.0000000	0.0000000	-3.0000000	0.0000000	0.0000000	0.0000000	0.0000000	-0.0000034	0.0866545	-0.0000006	0.0779742	-0.0000184	0.0864737	-0.0000099	0.0781539	-0.0000042	0.0867739	-0.0000021	0.0721988	-0.0000117	0.0795400	-0.0000215	0.0796345	-12628.5156250	-10129.1236853	182.4352861	395.9311059	-2229.4568565	-98.1943070	12311.8099533	552.4797179
0.0000000	0.0000000	0.0000000	-1.5000000	-3.0000000	0.0000000	0.0000000	0.0000000	0.0000000	-0.0000020	0.0861977	-0.0000010	0.0778558	-0.0000204	0.0920961	-0.0000115	0.0719529	-0.0000030	0.0871446	-0.0000029	0.0726303	-0.0000122	0.0857582	-0.0000183	0.0742197	-14661.5723241	5517.6723264	-1527.3844854	368.6017583	-2231.4738765	-1538.9218370	10270.5375821	590.7491388
0.0000000	0.0000000	0.0000000	-3.0000000	-3.0000000	0.0000000	0.0000000	0.0000000	0.0000000	-0.0000028	0.0856349	-0.0000010	0.0776273	-0.0000203	0.0975325	-0.0000088	0.0657243	-0.0000038	0.0874639	-0.0000037	0.0729814	-0.0000108	0.0919525	-0.0000201	0.0686992	-18722.8689967	5496.9584565	-547.6225843	343.2114097	-2239.0452818	-2976.0075380	14077.5535506	627.3639884
0.0000000	0.0000000	0.0000000	3.0000000	-1.5000000	0.0000000	0.0000000	0.0000000	0.0000000	-0.0000013	0.0849196	-0.0000016	0.0760441	-0.0000161	0.0729267	-0.0000109	0.0880394	-0.0000054	0.0806985	-0.0000019	0.0775163	-0.0000101	0.0676136	-0.0000218	0.0908155	34130.0892139	-176.2985543	2065.2594608	430.5693767	-802.5206951	2798.3353393	10567.5220768	435.8692049
0.0000000	0.0000000	0.0000000	1.5000000	-1.5000000	0.0000000	0.0000000	0.0000000	0.0000000	-0.0000035	0.0847116	-0.0000018	0.0761439	-0.0000187	0.0786743	-0.0000109	0.0821791	-0.0000051	0.0809991	-0.0000043	0.0780185	-0.0000119	0.0736156	-0.0000217	0.0856127	3201.4120049	-6411.2740713	1080.4758011	401.4507785	-792.7906215	1365.2473814	12457.9402771	518.6360605
0.0000000	0.0000000	0.0000000	0.0000000	-1.5000000	0.0000000	0.0000000	0.0000000	0.0000000	-0.0000022	0.0844308	-0.0000019	0.0761796	-0.0000184	0.0842849	-0.0000088	0.0763245	-0.0000040	0.0813576	-0.0000048	0.0785425	-0.0000112	0.0797595	-0.0000218	0.0803475	-16311.9834582	-2054.7226119	-8.5647565	372.9429878	-788.6812906	-65.3472826	14952.6891667	576.0336151
0.0000000	0.0000000	0.0000000	-1.5000000	-1.5000000	0.0000000	0.0000000	0.0000000	0.0000000	-0.0000035	0.0839699	-0.0000016	0.0760544	-0.0000186	0.0896770	-0.0000088	0.0703458	-0.0000049	0.0816436	-0.0000043	0.0789552	-0.0000111	0.0859294	-0.0000202	0.0748810	-16564.7105880	-9847.3092897	-235.3233335	344.6017272	-790.6269922	-1501.1242467	13251.5211607	618.0894971
0.0000000	0.0000000	0.0000000	-3.0000000	-1.5000000	0.0000000	0.0000000	0.0000000	0.0000000	-0.0000041	0.0834747	-0.0000004	0.0758882	-0.0000201	0.0949757	-0.0000109	0.0643850	-0.0000044	0.0819215	-0.0000040	0.0793212	-0.0000100	0.0921520	-0.0000200	0.0693052	-1118.6838812	-6462.9356794	633.3494379	317.6685927	-797.9622955	-2939.5669088	8747.0299921	650.7340769
0.0000000	0.0000000	0.0000000	3.0000000	0.0000000	0.0000000	0.0000000	0.0000000	0.0000000	-0.0000031	0.0828515	-0.0000015	0.0744548	-0.0000156	0.0713623	-0.0000104	0.0859472	-0.0000057	0.0751053	-0.0000038	0.0836337	-0.0000085	0.0676975	-0.0000203	0.0912548	-12857.3139385	-8352.8023687	1584.4204422	399.4666603	633.7574055	2813.4638716	11542.9548499	442.1214708
0.0000000	0.0000000	0.0000000	1.5000000	0.0000000	0.0000000	0.0000000	0.0000000	0.0000000	-0.0000037	0.0826183	-0.0000025	0.0745233	-0.0000168	0.0768772	-0.0000108	0.0802592	-0.0000051	0.0753998	-0.0000046	0.0841389	-0.0000123	0.0737011	-0.0000221	0.0860491	-9114.5361523	-8229.5914994	881.4381240	370.1233296	636.9521174	1383.0298365	10262.1709350	527.9466540
0.0000000	0.0000000	0.0000000	0.0000000	0.0000000	0.0000000	0.0000000	0.0000000	0.0000000	-0.0000035	0.0823048	-0.0000019	0.0745223	-0.0000198	0.0822452	-0.0000095	0.0745762	-0.0000036	0.0757583	-0.0000048	0.0847054	-0.0000105	0.0798375	-0.0000233	0.0808354	-9105.0977980	-7637.6593565	792.0027246	341.1271369	637.6997395	-40.7206699	16275.7045435	595.2113891
0.0000000	0.0000000	0.0000000	-1.5000000	0.0000000	0.0000000	0.0000000	0.0000000	0.0000000	-0.0000036	0.0818463	-0.0000011	0.0743896	-0.0000195	0.0874263	-0.0000101	0.0688102	-0.0000042	0.0760350	-0.0000043	0.0851668	-0.0000102	0.0860143	-0.0000190	0.0753985	-13226.9104657	-24328.2489734	-36.6310486	312.6422212	635.8404039	-1470.8785568	13611.2378376	642.0752320
0.0000000	0.0000000	0.0000000	-3.0000000	0.0000000	0.0000000	0.0000000	0.0000000	0.0000000	-0.0000030	0.0813250	-0.0000010	0.0741953	-0.0000206	0.0924817	-0.0000084	0.0630377	-0.0000046	0.0762262	-0.0000045	0.0855285	-0.0000116	0.0922367	-0.0000180	0.0697336	-11331.6207805	15366.6543337	-2267.6507509	284.7425573	632.8706998	-2911.2715995	12977.6323230	664.7573143
0.0000000	0.0000000	0.0000000	3.0000000	1.5000000	0.0000000	0.0000000	0.0000000	0.0000000	-0.0000040	0.0806405	-0.0000010	0.0727760	-0.0000153	0.0696975	-0.0000109	0.0837228	-0.0000034	0.0691746	-0.0000056	0.0894144	-0.0000084	0.0674872	-0.0000215	0.0913117	-8018.4171019	-9194.4652589	2308.6841217	360.1074106	2070.5908009	2827.6106647	10546.7736028	452.7944298
0.0000000	0.0000000	0.0000000	1.5000000	1.5000000	0.0000000	0.0000000	0.0000000	0.0000000	-0.0000026	0.0804484	-0.0000011	0.0728746	-0.0000174	0.0750353	-0.0000099	0.0782827	-0.0000031	0.0694922	-0.0000055	0.0899289	-0.0000098	0.0735198	-0.0000217	0.0861105	-5207.5501381	-16560.7538547	2049.4070668	330.3199239	2063.8325223	1396.2488995	10615.1405317	531.6932463
0.0000000	0.0000000	0.0000000	0.0000000	1.5000000	0.0000000	0.0000000	0.0000000	0.0000000	-0.0000026	0.0801541	-0.0000015	0.0728780	-0.0000184	0.0802097	-0.0000107	0.0728182	-0.0000044	0.0698644	-0.0000052	0.0905496	-0.0000104	0.0796821	-0.0000224	0.0809389	-3446.4532254	11410.6620454	759.1212621	301.6266971	2059.8627140	-25.6015298	14010.6703026	597.3111837
0.0000000	0.0000000	0.0000000	-1.5000000	1.5000000	0.0000000	0.0000000	0.0000000	0.0000000	-0.0000038	0.0797352	-0.0000012	0.0727706	-0.0000195	0.0852252	-0.0000090	0.0672793	-0.0000024	0.0701682	-0.0000058	0.0911138	-0.0000110	0.0859134	-0.0000190	0.0755774	631.7511453	-5742.6020104	-861.5433424	273.0492978	2058.2555494	-1453.3920415	17520.9916938	646.0473028
0.0000000	0.0000000	0.0000000	-3.0000000	1.5000000	0.0000000	0.0000000	0.0000000	0.0000000	-0.0000015	0.0792416	-0.0000014	0.0725963	-0.0000191	0.0901174	-0.0000090	0.0617189	-0.0000024	0.0703586	-0.0000070	0.0915770	-0.0000117	0.0922490	-0.0000185	0.0698957	5365.1558118	-3026.9593307	-1050.8107116	244.1630141	2060.7318575	-2900.3703874	12453.2818980	655.5467025
0.0000000	0.0000000	0.0000000	3.0000000	3.0000000	0.0000000	0.0000000	0.0000000	0.0000000	-0.0000012	0.0785840	-0.0000008	0.0712671	-0.0000174	0.0681845	-0.0000120	0.0816675	-0.0000039	0.0632604	-0.0000055	0.0953219	-0.0000084	0.0673564	-0.0000222	0.0914434	-11581.8548698	-8145.2075748	2789.0744303	313.0260287	3519.1217694	2838.1858485	15729.8291902	463.2179309
0.0000000	0.0000000	0.0000000	1.5000000	3.0000000	0.0000000	0.0000000	0.0000000	0.0000000	-0.0000006	0.0784269	-0.0000010	0.0713931	-0.0000167	0.0733664	-0.0000092	0.0764521	-0.0000034	0.0635704	-0.0000049	0.0958599	-0.0000099	0.0734579	-0.0000218	0.0861832	19205.2329979	-18497.7546570	2777.1974236	282.5959043	3507.4381510	1399.5288632	11761.1506297	525.7919251
0.0000000	0.0000000	0.0000000	0.0000000	3.0000000	0.0000000	0.0000000	0.0000000	0.0000000	-0.0000028	0.0781367	-0.0000014	0.0713926	-0.0000173	0.0783447	-0.0000075	0.0711803	-0.0000017	0.0638688	-0.0000060	0.0964332	-0.0000113	0.0795915	-0.0000218	0.0809181	12209.9941142	1901.1095550	674.1315220	253.4977311	3500.2639218	-24.1712088	14527.5739310	580.5758791
0.0000000	0.0000000	0.0000000	-1.5000000	3.0000000	0.0000000	0.0000000	0.0000000	0.0000000	-0.0000022	0.0777380	-0.0000012	0.0712921	-0.0000186	0.0831942	-0.0000104	0.0658340	-0.0000019	0.0641401	-0.0000065	0.0970230	-0.0000128	0.0858263	-0.0000179	0.0755452	-2769.1344375	-110.0010214	-1839.9308818	224.9216053	3497.8061107	-1453.1889864	11528.8148437	626.9009120
0.0000000	0.0000000	0.0000000	-3.0000000	3.0000000	0.0000000	0.0000000	0.0000000	0.0000000	-0.0000019	0.0772701	-0.0000011	0.0711280	-0.0000202	0.0879236	-0.0000074	0.0604714	-0.0000020	0.0643136	-0.0000050	0.0975334	-0.0000105	0.0921732	-0.0000190	0.0698878	-14356.6248590	-6277.4116956	-2085.5632394	196.2463154	3501.1973860	-2898.8211930	11287.1496267	636.7758181
0.0000000	0.0000000	0.0000000	3.0000000	-3.0000000	-1.5000000	0.0000000	0.0000000	0.0000000	-0.0000022	0.0927956	-0.0000018	0.0713629	-0.0000176	0.0744252	-0.0000109	0.0897305	-0.0000046	0.0839521	-0.0000023	0.0699349	-0.0000103	0.0660817	-0.0000230	0.0880067	-23150.5597209	-7010.9906923	1941.4105760	1945.6557270	-2211.0268544	2759.7657192	14517.9575765	441.7977880
0.0000000	0.0000000	0.0000000	1.5000000	-3.0000000	-1.5000000	0.0000000	0.0000000	0.0000000	-0.0000038	0.0926072	-0.0000008	0.0714897	-0.0000199	0.0803934	-0.0000101	0.0836967	-0.0000037	0.0842615	-0.0000031	0.0703726	-0.0000109	0.0718841	-0.0000219	0.0829449	-6025.7138320	-10257.5685308	120.0759131	1917.1808747	-2202.8036973	1318.9047806	13531.6253942	515.5190070
0.0000000	0.0000000	0.0000000	0.0000000	-3.0000000	-1.5000000	0.0000000	0.0000000	0.0000000	-0.0000030	0.0922983	-0.0000024	0.0715424	-0.0000182	0.0862141	-0.0000086	0.0776230	-0.0000048	0.0845228	-0.0000014	0.0707610	-0.0000119	0.0777399	-0.0000215	0.0777345	-15191.8790362	-21129.4819374	172.1671127	1886.7818600	-2197.0326783	-122.2822521	15196.4796359	566.9438558
0.0000000	0.0000000	0.0000000	-1.5000000	-3.0000000	-1.5000000	0.0000000	0.0000000	0.0000000	-0.0000038	0.0918025	-0.0000003	0.0714364	-0.0000191	0.0918037	-0.0000093	0.0714296	-0.0000060	0.0848429	-0.0000017	0.0711515	-0.0000116	0.0837053	-0.0000181	0.0724899	-6486.2509008	-15785.9728810	-2389.0533850	1858.5020510	-2198.6318190	-1563.9395271	13595.3504260	609.4817844
0.0000000	0.0000000	0.0000000	-3.0000000	-3.0000000	-1.5000000	0.0000000	0.0000000	0.0000000	-0.0000038	0.0911955	-0.0000005	0.0712207	-0.0000212	0.0972110	-0.0000102	0.0651989	-0.0000050	0.0851343	-0.0000030	0.0714785	-0.0000105	0.0896691	-0.0000194	0.0671510	-7299.6851361	-9980.8191299	-112.1995457	1833.4922371	-2206.3339127	-3004.2883604	15340.5393779	650.3121603
0.0000000	0.0000000	0.0000000	3.0000000	-1.5000000	-1.5000000	0.0000000	0.0000000	0.0000000	-0.0000034	0.0903295	-0.0000011	0.0698000	-0.0000160	0.0726805	-0.0000110	0.0874470	-0.0000055	0.0786292	-0.0000048	0.0758601	-0.0000095	0.0662088	-0.0000217	0.0884925	-5192.4499628	-11322.1671927	3155.5443895	1921.2673295	-769.9214999	2776.8780146	11760.9558016	445.1762765
0.0000000	0.0000000	0.0000000	1.5000000	-1.5000000	-1.5000000	0.0000000	0.0000000	0.0000000	-0.0000023	0.0901479	-0.0000020	0.0699240	-0.0000175	0.0784177	-0.0000106	0.0816477	-0.0000045	0.0789504	-0.0000030	0.0763724	-0.0000106	0.0720227	-0.0000213	0.0835044	-20095.7835570	-21790.1892345	2225.9821259	1892.4360481	-760.7632211	1344.3513568	12425.0368637	527.5551699
0.0000000	0.0000000	0.0000000	0.0000000	-1.5000000	-1.5000000	0.0000000	0.0000000	0.0000000	-0.0000039	0.0898739	-0.0000027	0.0699973	-0.0000200	0.0840429	-0.0000106	0.0758184	-0.0000032	0.0792925	-0.0000027	0.0768758	-0.0000121	0.0779495	-0.0000203	0.0784206	2735.0402912	-7745.5498991	-478.5042311	1861.3616297	-756.7170633	-89.4316816	14773.4186863	590.7430236
0.0000000	0.0000000	0.0000000	-1.5000000	-1.5000000	-1.5000000	0.0000000	0.0000000	0.0000000	-0.0000030	0.0894043	-0.0000020	0.0699086	-0.0000203	0.0894356	-0.0000090	0.0698742	-0.0000056	0.0795702	-0.0000052	0.0772774	-0.0000118	0.0839024	-0.0000191	0.0731523	-475.4089158	6296.1606722	-1538.9335004	1831.9774943	-758.6897376	-1526.1599684	14032.4986631	636.0086177
0.0000000	0.0000000	0.0000000	-3.0000000	-1.5000000	-1.5000000	0.0000000	0.0000000	0.0000000	-0.0000031	0.0888892	-0.0000019	0.0697604	-0.0000202	0.0947206	-0.0000093	0.0639216	-0.0000041	0.0798333	-0.0000039	0.0776319	-0.0000114	0.0899060	-0.0000204	0.0677736	-10154.8762236	-2370.6297682	-1014.4728716	1806.1166898	-765.5388097	-2966.9089320	15581.2109612	673.0143923
0.0000000	0.0000000	0.0000000	3.0000000	0.0000000	-1.5000000	0.0000000	0.0000000	0.0000000	-0.0000053	0.0880052	0.0000002	0.0683676	-0.0000163	0.0710629	-0.0000116	0.0853066	-0.0000057	0.0731721	-0.0000048	0.0816845	-0.0000094	0.0662293	-0.0000219	0.0888392	-13380.8445704	-1407.8212153	1952.6707424	1890.0860381	665.5247230	2792.5823609	12644.0763116	451.5553697
0.0000000	0.0000000	0.0000000	1.5000000	0.0000000	-1.5000000	0.0000000	0.0000000	0.0000000	-0.0000036	0.0878130	0.0000005	0.0684813	-0.0000173	0.0765840	-0.0000093	0.0796985	-0.0000044	0.0734929	-0.0000046	0.0822175	-0.0000089	0.0720519	-0.0000210	0.0838644	742.2718463	-7780.8032451	1918.5554205	1860.0545432	669.0913618	1362.1963051	16341.7249973	537.1319342
0.0000000	0.0000000	0.0000000	0.0000000	0.0000000	-1.5000000	0.0000000	0.0000000	0.0000000	-0.0000033	0.0875569	-0.0000003	0.0685635	-0.0000189	0.0820161	-0.0000102	0.0740947	-0.0000027	0.0738796	-0.0000051	0.0828117	-0.0000124	0.0780124	-0.0000197	0.0788806	-4602.7808356	-2311.9276807	-744.8099449	1828.0923951	669.8871089	-64.4349367	13304.0734315	609.7426059
0.0000000	0.0000000	0.0000000	-1.5000000	0.0000000	-1.5000000	0.0000000	0.0000000	0.0000000	-0.0000026	0.0870874	-0.0000006	0.0684652	-0.0000198	0.0871929	-0.0000096	0.0683530	-0.0000029	0.0741506	-0.0000053	0.0832647	-0.0000108	0.0839809	-0.0000203	0.0736433	-15326.7101031	-22212.1569336	-405.6817004	1798.5893794	668.2345412	-1496.3193383	13888.8431162	659.3949168
0.0000000	0.0000000	0.0000000	-3.0000000	0.0000000	-1.5000000	0.0000000	0.0000000	0.0000000	-0.0000024	0.0865837	0.0000009	0.0683263	-0.0000211	0.0922835	-0.0000081	0.0626200	-0.0000027	0.0743756	-0.0000053	0.0836586	-0.0000107	0.0900305	-0.0000193	0.0682136	4632.3977218	-11038.1499398	-1383.1656232	1771.1505700	664.9817076	-2939.1459931	15564.2603239	686.4795356
0.0000000	0.0000000	0.0000000	3.0000000	1.5000000	-1.5000000	0.0000000	0.0000000	0.0000000	-0.0000024	0.0857376	-0.0000001	0.0670126	-0.0000159	0.0695140	-0.0000109	0.0832318	-0.0000026	0.0675664	-0.0000059	0.0873920	-0.0000091	0.0661335	-0.0000223	0.0890342	-16966.4819813	-36072.0167579	5241.0265455	1849.8283587	2101.8652805	2806.4511895	10663.3928791	461.8769045
0.0000000	0.0000000	0.0000000	1.5000000	1.5000000	-1.5000000	0.0000000	0.0000000	0.0000000	-0.0000036	0.0855453	-0.0000010	0.0671213	-0.0000184	0.0748345	-0.0000092	0.0778196	-0.0000041	0.0678708	-0.0000052	0.0878866	-0.0000091	0.0719531	-0.0000218	0.0840076	-9836.5344004	-4683.9372762	1436.9282341	1819.0344990	2095.1165361	1374.5898264	14273.0719894	541.3893900
0.0000000	0.0000000	0.0000000	0.0000000	1.5000000	-1.5000000	0.0000000	0.0000000	0.0000000	-0.0000031	0.0852955	0.0000009	0.0672000	-0.0000173	0.0800660	-0.0000086	0.0724184	-0.0000042	0.0682589	-0.0000050	0.0885234	-0.0000124	0.0779367	-0.0000209	0.0790457	6501.3060172	-7861.5228343	-561.4943511	1786.7160610	2091.0148065	-50.2923521	10958.5100562	611.3340639
0.0000000	0.0000000	0.0000000	-1.5000000	1.5000000	-1.5000000	0.0000000	0.0000000	0.0000000	-0.0000029	0.0848626	-0.0000001	0.0671257	-0.0000200	0.0850824	-0.0000093	0.0668995	-0.0000044	0.0685581	-0.0000059	0.0890808	-0.0000120	0.0839616	-0.0000196	0.0738807	-9116.0733215	-4835.6278155	-2011.2578168	1756.2736133	2089.8310111	-1479.2539993	13002.2655997	663.2872253
0.0000000	0.0000000	0.0000000	-3.0000000	1.5000000	-1.5000000	0.0000000	0.0000000	0.0000000	-0.0000023	0.0843451	-0.0000013	0.0669685	-0.0000187	0.0899631	-0.0000085	0.0613417	-0.0000030	0.0687452	-0.0000052	0.0895344	-0.0000103	0.0900828	-0.0000191	0.0684039	-3773.7264121	5648.2963737	-1290.3592416	1728.2603414	2092.4134036	-2927.8506310	12477.2305160	677.4217804
0.0000000	0.0000000	0.0000000	3.0000000	3.0000000	-1.5000000	0.0000000	0.0000000	0.0000000	-0.0000036	0.0834892	-0.0000007	0.0656937	-0.0000160	0.0679945	-0.0000122	0.0811849	-0.0000022	0.0618553	-0.0000061	0.0930901	-0.0000092	0.0660013	-0.0000239	0.0891541	-15896.6039594	-5575.6800417	3591.5870713	1801.9464263	3550.4308043	2817.4329471	13538.5168167	471.6554281
0.0000000	0.0000000	0.0000000	1.5000000	3.0000000	-1.5000000	0.0000000	0.0000000	0.0000000	-0.0000040	0.0833282	-0.0000011	0.0658265	-0.0000169	0.0731570	-0.0000117	0.0759886	-0.0000031	0.0621447	-0.0000073	0.0935923	-0.0000102	0.0718809	-0.0000220	0.0840606	-16581.4177517	9176.7015668	1815.5146256	1769.8468779	3538.5040308	1377.6781132	8261.6285532	535.2876085
0.0000000	0.0000000	0.0000000	0.0000000	3.0000000	-1.5000000	0.0000000	0.0000000	0.0000000	-0.0000032	0.0830651	-0.0000001	0.0658863	-0.0000178	0.0781771	-0.0000094	0.0707646	-0.0000019	0.0624421	-0.0000059	0.0941611	-0.0000115	0.0778132	-0.0000205	0.0789921	-50555.7264759	-33616.9647649	-472.3724687	1737.1546872	3531.4018032	-48.9199641	11105.8013853	595.4474949
0.0000000	0.0000000	0.0000000	-1.5000000	3.0000000	-1.5000000	0.0000000	0.0000000	0.0000000	-0.0000042	0.0826456	-0.0000004	0.0658130	-0.0000183	0.0830149	-0.0000100	0.0654383	-0.0000022	0.0627057	-0.0000065	0.0947326	-0.0000106	0.0838296	-0.0000195	0.0738140	-14194.8422084	-3443.7608618	-1016.6638008	1706.3688590	3528.8514087	-1478.2549757	11277.1456234	644.3593738
0.0000000	0.0000000	0.0000000	-3.0000000	3.0000000	-1.5000000	0.0000000	0.0000000	0.0000000	-0.0000023	0.0821740	0.0000001	0.0656796	-0.0000203	0.0877511	-0.0000088	0.0600951	-0.0000023	0.0628964	-0.0000068	0.0952568	-0.0000106	0.0899833	-0.0000195	0.0683802	-4817.1931948	-4439.9122751	-2435.9693220	1678.5398240	3531.8708051	-2925.5401144	17567.4830593	658.3899259
0.0000000	0.0000000	0.0000000	3.0000000	-3.0000000	-3.0000000	0.0000000	0.0000000	0.0000000	-0.0000035	0.0983323	-0.0000001	0.0649580	-0.0000170	0.0741663	-0.0000121	0.0891197	-0.0000044	0.0818190	-0.0000026	0.0685767	-0.0000100	0.0647546	-0.0000203	0.0858374	-13449.8164587	-11207.7707147	2705.2036552	3434.8776363	-2178.0295719	2738.9895794	10902.8316435	451.1925043
0.0000000	0.0000000	0.0000000	1.5000000	-3.0000000	-3.0000000	0.0000000	0.0000000	0.0000000	-0.0000019	0.0980382	0.0000004	0.0650048	-0.0000172	0.0800152	-0.0000114	0.0830199	-0.0000039	0.0820777	-0.0000019	0.0689727	-0.0000112	0.0703308	-0.0000237	0.0809124	-6915.5270228	-1163.1754424	1583.2465385	3408.2592269	-2169.1550664	1297.0731664	9226.1805668	525.4997353
0.0000000	0.0000000	0.0000000	0.0000000	-3.0000000	-3.0000000	0.0000000	0.0000000	0.0000000	-0.0000035	0.0977346	-0.0000000	0.0650605	-0.0000194	0.0858159	-0.0000108	0.0769723	-0.0000052	0.0823576	-0.0000011	0.0693725	-0.0000109	0.0760072	-0.0000205	0.0759130	-11028.4171257	-12667.1175658	-273.3286749	3379.9802897	-2163.5070436	-145.9901781	12831.1631860	581.7001836
0.0000000	0.0000000	0.0000000	-1.5000000	-3.0000000	-3.0000000	0.0000000	0.0000000	0.0000000	-0.0000049	0.0972081	0.0000015	0.0649698	-0.0000194	0.0913796	-0.0000100	0.0707915	-0.0000061	0.0826820	-0.0000032	0.0697628	-0.0000109	0.0817779	-0.0000207	0.0708601	6564.3493161	-7071.8352904	-1078.3183991	3351.5717547	-2165.4517953	-1590.4625893	12609.0430251	629.6158777
0.0000000	0.0000000	0.0000000	-3.0000000	-3.0000000	-3.0000000	0.0000000	0.0000000	0.0000000	-0.0000027	0.0965217	0.0000007	0.0647658	-0.0000209	0.0967219	-0.0000097	0.0645599	-0.0000040	0.0829852	-0.0000037	0.0701003	-0.0000115	0.0875606	-0.0000202	0.0657272	-15940.8245095	-5065.4423169	-658.1420828	3324.1183941	-2173.0015674	-3032.6362345	13919.1973865	674.7212577
0.0000000	0.0000000	0.0000000	3.0000000	-1.5000000	-3.0000000	0.0000000	0.0000000	0.0000000	-0.0000041	0.0956788	-0.0000010	0.0636331	-0.0000161	0.0724407	-0.0000120	0.0868701	-0.0000039	0.0766747	-0.0000051	0.0742990	-0.0000111	0.0648770	-0.0000232	0.0863039	-22010.1951665	-1241.1949125	1334.9915625	3410.5023732	-736.2649777	2756.0363861	10010.9737271	454.6261144
0.0000000	0.0000000	0.0000000	1.5000000	-1.5000000	-3.0000000	0.0000000	0.0000000	0.0000000	-0.0000027	0.0954252	0.0000007	0.0636952	-0.0000178	0.0780850	-0.0000101	0.0810279	-0.0000027	0.0769704	-0.0000038	0.0747786	-0.0000110	0.0704825	-0.0000207	0.0814686	-2248.6982669	-15862.3238019	1677.3648241	3384.1407330	-727.5401012	1322.2838768	11093.4158280	537.1929343
0.0000000	0.0000000	0.0000000	0.0000000	-1.5000000	-3.0000000	0.0000000	0.0000000	0.0000000	-0.0000032	0.0951312	-0.0000004	0.0637507	-0.0000193	0.0836742	-0.0000089	0.0752017	-0.0000031	0.0773019	-0.0000028	0.0752674	-0.0000111	0.0762040	-0.0000196	0.0765656	-611.7251113	-2406.5725258	-587.1138472	3355.3254216	-723.5637646	-113.5128602	13010.3918253	605.3310937
0.0000000	0.0000000	0.0000000	-1.5000000	-1.5000000	-3.0000000	0.0000000	0.0000000	0.0000000	-0.0000043	0.0946289	-0.0000008	0.0636727	-0.0000196	0.0890380	-0.0000084	0.0692604	-0.0000041	0.0775717	-0.0000052	0.0756605	-0.0000113	0.0819562	-0.0000181	0.0714827	3290.8891138	-11368.1908487	-808.2674319	3325.8625100	-725.3422851	-1553.5463898	14403.6429045	656.0108165
0.0000000	0.0000000	0.0000000	-3.0000000	-1.5000000	-3.0000000	0.0000000	0.0000000	0.0000000	-0.0000031	0.0939621	0.0000002	0.0634805	-0.0000205	0.0941812	-0.0000083	0.0632528	-0.0000043	0.0777952	-0.0000045	0.0759745	-0.0000116	0.0877158	-0.0000187	0.0662645	-31280.5820018	-22461.2040769	-1891.8528514	3296.9038776	-732.2691108	-2996.2489642	12197.7462525	696.6832161
0.0000000	0.0000000	0.0000000	3.0000000	0.0000000	-3.0000000	0.0000000	0.0000000	0.0000000	-0.0000032	0.0931300	-0.0000012	0.0623913	-0.0000172	0.0708007	-0.0000103	0.0847158	-0.0000030	0.0713688	-0.0000043	0.0798737	-0.0000097	0.0648614	-0.0000212	0.0865861	-6284.3459933	-7852.2823256	2417.1983237	3378.8562262	698.2468518	2771.5886721	12236.4915173	460.3278088
0.0000000	0.0000000	0.0000000	1.5000000	0.0000000	-3.0000000	0.0000000	0.0000000	0.0000000	-0.0000047	0.0929292	-0.0000009	0.0624869	-0.0000183	0.0762830	-0.0000104	0.0791237	-0.0000027	0.0717166	-0.0000038	0.0804252	-0.0000114	0.0705199	-0.0000215	0.0818225	-13452.9293001	-4994.5962527	598.3610308	3351.2321644	700.9471286	1340.0637927	11427.7055081	546.0703276
0.0000000	0.0000000	0.0000000	0.0000000	0.0000000	-3.0000000	0.0000000	0.0000000	0.0000000	-0.0000032	0.0926401	-0.0000009	0.0625405	-0.0000184	0.0816687	-0.0000097	0.0735048	-0.0000050	0.0720791	-0.0000046	0.0809840	-0.0000108	0.0762606	-0.0000196	0.0769972	-2873.4524096	-20360.8210823	428.8596923	3321.6157468	701.2390045	-89.1391361	11079.6084225	623.5393854
0.0000000	0.0000000	0.0000000	-1.5000000	0.0000000	-3.0000000	0.0000000	0.0000000	0.0000000	-0.0000037	0.0921781	-0.0000009	0.0624821	-0.0000203	0.0868576	-0.0000094	0.0677970	-0.0000037	0.0723597	-0.0000058	0.0814506	-0.0000111	0.0820476	-0.0000213	0.0719676	-2693.1389548	-7031.8237122	-420.1394075	3291.7424628	700.3540887	-1523.8676788	13018.6226278	679.0019902
0.0000000	0.0000000	0.0000000	-3.0000000	0.0000000	-3.0000000	0.0000000	0.0000000	0.0000000	-0.0000041	0.0915377	-0.0000009	0.0623022	-0.0000205	0.0918181	-0.0000092	0.0620152	-0.0000040	0.0725611	-0.0000053	0.0818159	-0.0000117	0.0878675	-0.0000195	0.0667186	21710.8581892	-13840.8167209	-2410.7868542	3261.9256218	697.2405015	-2967.5938486	11135.4724064	709.8989619
0.0000000	0.0000000	0.0000000	3.0000000	1.5000000	-3.0000000	0.0000000	0.0000000	0.0000000	-0.0000041	0.0907350	0.0000003	0.0612711	-0.0000169	0.0692944	-0.0000111	0.0827092	-0.0000019	0.0659879	-0.0000055	0.0854096	-0.0000108	0.0647920	-0.0000214	0.0868055	996.5443761	18222.3677125	1069.8629042	3338.9321944	2133.7430034	2785.9107639	11612.3799374	469.9565444
0.0000000	0.0000000	0.0000000	1.5000000	1.5000000	-3.0000000	0.0000000	0.0000000	0.0000000	-0.0000030	0.0905215	0.0000013	0.0613503	-0.0000193	0.0745639	-0.0000095	0.0772989	-0.0000040	0.0663076	-0.0000066	0.0859213	-0.0000108	0.0704406	-0.0000221	0.0819839	-89.5873195	13446.4705636	240.5859388	3311.0535401	2127.0557783	1353.6353608	10638.2456955	549.0876997
0.0000000	0.0000000	0.0000000	0.0000000	1.5000000	-3.0000000	0.0000000	0.0000000	0.0000000	-0.0000030	0.0902388	0.0000006	0.0614052	-0.0000173	0.0797571	-0.0000122	0.0718783	-0.0000059	0.0666714	-0.0000050	0.0865255	-0.0000112	0.0762069	-0.0000186	0.0771813	-2253.4297793	-6520.5903539	566.3753234	3280.2819481	2123.3076707	-74.2053263	9268.0307483	624.9133214
0.0000000	0.0000000	0.0000000	-1.5000000	1.5000000	-3.0000000	0.0000000	0.0000000	0.0000000	-0.0000040	0.0898072	0.0000002	0.0613617	-0.0000192	0.0847790	-0.0000100	0.0663857	-0.0000032	0.0669653	-0.0000049	0.0870651	-0.0000115	0.0820314	-0.0000197	0.0721973	-9501.8240898	-6158.4841915	-1086.9628299	3249.6168333	2121.4288386	-1506.2638263	10525.6817133	681.3584972
0.0000000	0.0000000	0.0000000	-3.0000000	1.5000000	-3.0000000	0.0000000	0.0000000	0.0000000	-0.0000019	0.0892060	0.0000005	0.0612014	-0.0000201	0.0895896	-0.0000091	0.0608116	-0.0000021	0.0671716	-0.0000068	0.0875356	-0.0000117	0.0879703	-0.0000200	0.0669428	-4279.8314243	-5149.6884858	-684.4456109	3219.1339691	2123.7573094	-2955.8736555	12357.6169544	700.1703447
0.0000000	0.0000000	0.0000000	3.0000000	3.0000000	-3.0000000	0.0000000	0.0000000	0.0000000	-0.0000039	0.0883526	-0.0000001	0.0601733	-0.0000169	0.0678058	-0.0000101	0.0807168	-0.0000028	0.0604948	-0.0000048	0.0909368	-0.0000098	0.0646851	-0.0000223	0.0869472	-5223.5513853	-12279.8099285	2110.5560876	3291.3723267	3582.0893019	2797.2901698	10804.3460114	478.5543006
0.0000000	0.0000000	0.0000000	1.5000000	3.0000000	-3.0000000	0.0000000	0.0000000	0.0000000	-0.0000039	0.0881303	-0.0000007	0.0602461	-0.0000165	0.0728886	-0.0000097	0.0754776	-0.0000013	0.0607660	-0.0000073	0.0914073	-0.0000105	0.0703560	-0.0000212	0.0820169	-12758.6540693	-4776.2506624	1121.1886580	3262.1735231	3570.0814696	1356.5860270	10819.4508110	543.0685478
0.0000000	0.0000000	0.0000000	0.0000000	3.0000000	-3.0000000	0.0000000	0.0000000	0.0000000	-0.0000029	0.0878388	-0.0000012	0.0602928	-0.0000189	0.0778790	-0.0000096	0.0702443	-0.0000018	0.0610483	-0.0000069	0.0919502	-0.0000117	0.0760743	-0.0000201	0.0771191	-2347.2343636	15644.3252540	-489.9365650	3230.0532053	3563.1434794	-72.5319183	11958.6302941	609.2262270
0.0000000	0.0000000	0.0000000	-1.5000000	3.0000000	-3.0000000	0.0000000	0.0000000	0.0000000	-0.0000029	0.0874543	-0.0000014	0.0602714	-0.0000177	0.0827528	-0.0000081	0.0649629	-0.0000027	0.0613238	-0.0000063	0.0925327	-0.0000120	0.0819149	-0.0000186	0.0721463	-6791.7593861	-11432.5477414	-1719.3684523	3199.2338882	3560.4825793	-1505.2006789	9436.7420834	663.3688319
0.0000000	0.0000000	0.0000000	-3.0000000	3.0000000	-3.0000000	0.0000000	0.0000000	0.0000000	-0.0000034	0.0868577	0.0000005	0.0601033	-0.0000191	0.0873779	-0.0000095	0.0595732	-0.0000029	0.0615000	-0.0000059	0.0930308	-0.0000112	0.0878438	-0.0000193	0.0668982	-3509.7683665	-121416.0661576	-365.0672171	3168.5624737	3563.7780113	-2953.4470951	10115.6690587	681.3476262
0.0000000	0.0000000	0.0000000	-4.5000000	0.0000000	0.0000000	0.0000000	0.0000000	0.0000000	-0.0000032	0.0808310	-0.0000001	0.0740155	-0.0000211	0.0974758	-0.0000084	0.0573633	-0.0000041	0.0764243	-0.0000062	0.0858946	-0.0000128	0.0986165	-0.0000169	0.0639174	-8350.3525735	-6986.1481713	-3944.0535231	257.5916348	629.5022883	-4360.1173919	10047.4965209	651.7768577
0.0000000	0.0000000	0.0000000	0.0000000	-4.5000000	0.0000000	0.0000000	0.0000000	0.0000000	-0.0000032	0.0890039	-0.0000023	0.0799170	-0.0000195	0.0888200	-0.0000112	0.0800980	-0.0000064	0.0922775	-0.0000012	0.0659689	-0.0000106	0.0794281	-0.0000201	0.0790155	-16105.1779874	4491.7800371	-435.4138687	412.5331168	-3679.9195554	-133.1726611	10917.4768820	528.7816914
0.0000000	0.0000000	0.0000000	0.0000000	0.0000000	-4.5000000	0.0000000	0.0000000	0.0000000	-0.0000038	0.0977753	0.0000010	0.0566213	-0.0000178	0.0813915	-0.0000092	0.0730024	-0.0000032	0.0705144	-0.0000050	0.0794202	-0.0000115	0.0747529	-0.0000187	0.0753719	8503.8592818	-9223.9042599	-1129.8677583	4821.8040545	734.1503245	-112.0663105	14393.3530758	634.8281864
0.0000000	0.0000000	0.0000000	4.5000000	0.0000000	0.0000000	0.0000000	0.0000000	0.0000000	-0.0000043	0.0829208	-0.0000012	0.0742625	-0.0000171	0.0656654	-0.0000116	0.0915230	-0.0000041	0.0745928	-0.0000049	0.0828627	-0.0000104	0.0614669	-0.0000233	0.0961998	2727.9011701	-9843.5749511	2781.3060391	426.2602423	627.0597521	4262.0127121	13923.5835047	367.9739925
0.0000000	0.0000000	0.0000000	0.0000000	4.5000000	0.0000000	0.0000000	0.0000000	0.0000000	-0.0000012	0.0763779	-0.0000008	0.0701575	-0.0000172	0.0767618	-0.0000097	0.0697697	-0.0000029	0.0579783	-0.0000074	0.1026565	-0.0000119	0.0797341	-0.0000210	0.0811185	-11122.8018871	-4921.4520808	-534.2027125	199.7823623	4954.9445018	-25.7313905	12730.7196703	565.6395145
0.0000000	0.0000000	0.0000000	0.0000000	0.0000000	4.5000000	0.0000000	0.0000000	0.0000000	-0.0000008	0.0656990	-0.0000016	0.0916302	-0.0000188	0.0820813	-0.0000100	0.0752373	-0.0000042	0.0819836	-0.0000050	0.0909614	-0.0000114	0.0858710	-0.0000217	0.0873048	2612.3055629	-3064.2084344	1013.0313069	-4080.0470244	542.8849644	28.5617704	13086.5759862	552.7036865
0.0000000	0.0000000	0.0000000	-6.0000000	0.0000000	0.0000000	0.0000000	0.0000000	0.0000000	-0.0000027	0.0803922	-0.0000002	0.0739009	-0.0000207	0.1024694	-0.0000082	0.0518111	-0.0000032	0.0765882	-0.0000059	0.0862523	-0.0000115	0.1049971	-0.0000174	0.0580569	-7935.2692261	252.4370097	-1475.7003554	227.7634147	629.7096091	-5802.3281796	15963.2107782	633.7424103
0.0000000	0.0000000	0.0000000	0.0000000	-6.0000000	0.0000000	0.0000000	0.0000000	0.0000000	-0.0000042	0.0915406	0.0000001	0.0819452	-0.0000198	0.0913756	-0.0000116	0.0821077	-0.0000078	0.0978336	-0.0000015	0.0600343	-0.0000112	0.0795264	-0.0000185	0.0785383	-7263.8882755	-10117.4964044	-274.3445521	437.6039998	-5104.1928880	-179.2161098	12175.4371953	508.9756392
0.0000000	0.0000000	0.0000000	0.0000000	0.0000000	-6.0000000	0.0000000	0.0000000	0.0000000	-0.0000042	0.1026358	0.0000014	0.0506245	-0.0000183	0.0809135	-0.0000087	0.0723437	-0.0000032	0.0689418	-0.0000040	0.0778358	-0.0000105	0.0732298	-0.0000198	0.0737381	-6469.2965552	-8008.1274636	-391.7235388	6327.8313421	767.2288802	-133.5164270	15730.0818672	643.2308759
0.0000000	0.0000000	0.0000000	6.0000000	0.0000000	0.0000000	0.0000000	0.0000000	0.0000000	-0.0000036	0.0830144	-0.0000003	0.0741735	-0.0000159	0.0600357	-0.0000116	0.0971547	-0.0000036	0.0741267	-0.0000044	0.0822127	-0.0000093	0.0553259	-0.0000248	0.1012157	-35.6430689	-13845.6888307	3478.1748675	442.2679198	627.8234374	5716.8139770	14881.3658255	311.7605447
0.0000000	0.0000000	0.0000000	0.0000000	6.0000000	0.0000000	0.0000000	0.0000000	0.0000000	-0.0000019	0.0746167	-0.0000009	0.0688190	-0.0000156	0.0751467	-0.0000089	0.0682845	-0.0000011	0.0520745	-0.0000090	0.1085648	-0.0000108	0.0796653	-0.0000220	0.0811897	-10897.5554277	-591.2477423	1002.7041656	158.1921871	6380.8037712	-25.4241529	12688.3663226	568.1769406
0.0000000	0.0000000	0.0000000	0.0000000	0.0000000	6.0000000	0.0000000	0.0000000	0.0000000	-0.0000007	0.0602213	-0.0000021	0.0973793	-0.0000196	0.0822138	-0.0000101	0.0753817	-0.0000043	0.0841768	-0.0000067	0.0932197	-0.0000096	0.0882013	-0.0000222	0.0894375	-12288.5825901	-24281.4039115	892.7127955	-5541.0739005	518.4577282	15.5728885	10703.1651091	534.4339019
