T 8 matrix 4 4 2
-0.860231383530748	-0.03689141298931604	-0.5085688066652002	103247.0370494528
-0.5078611677503926	-0.02721637234663744	0.861009129743522	-179593.8704274165
-0.0456052680785411	0.9989483749187419	0.004676603132758216	-456.5009100147153
0	0	0	1
-0.8529765037330142	0.0197612428967412	0.5215735251953622	-103709.7518056371
0.5219334843768497	0.0247613631112484	0.8526266194288246	-180398.7431409882
0.003934166563878952	0.9994983934996626	-0.03143503316014697	456.5009100147144
0	0	0	1
K 8 matrix 4 4 2
4958.471806275051	0	0	-405.9034787869442
0	5000	0	-183.0492540347437
0	0	5000	35142.0493077151
0	0	0	1
4960.392029251429	0	0	963.5263100280223
0	5000	0	1102.694770114209
0	0	5000	35181.52243096891
0	0	0	1
S 100 matrix 25 25 2 2
-10.42061879020309	-13.68481901245804	-16.5071641356096	-18.71789467850036	-20.12758102317264	-20.53945139875475	-19.74549192800498	-17.59370792745477	-14.22236200389086	-10.18161828913396	-6.124075326867441	-2.432514464311424	0.8152926324409364	3.665124197322328	6.160126589236679	8.281748778791805	9.879647048469977	10.60031299750965	9.832565293253929	6.778183431611069	0.8910700962621121	-7.544061389115521	-17.58979443524078	-28.41039793637475	-39.62411582688152
-8.904669902503144	-12.46078094630462	-15.59470835124986	-18.11219666319647	-19.78065148470103	-20.39561928519758	-19.69344011518544	-17.30527147989503	-13.24257632033324	-8.43346929046055	-3.937720741600433	-0.1670066921345992	3.006909557762075	5.771984662132969	8.252440646772044	10.53143099062946	12.54427453606082	13.98605859424149	14.16337681853386	11.81975953487195	5.716163262284354	-3.668877236396259	-14.56873167295247	-25.76763194027605	-37.05282449170201
-7.108758556202417	-10.95836576565412	-14.40428909431304	-17.228905903608	-19.09321314608422	-19.84906215657104	-19.25256633489717	-16.74781561925171	-11.85760694667866	-6.278022433223669	-1.56105918031729	1.97368053126576	4.816612871312046	7.273897957850743	9.471449716396506	11.6139059413205	13.74084509313205	15.68700507517241	16.86173579309256	15.63765396896386	9.309688592238686	-1.199212443980478	-12.91480291393318	-24.18611991793081	-35.35801637797556
-4.875279126468882	-8.997196524244771	-12.89208361475465	-15.89385029829901	-17.89422717618956	-18.61404297780738	-17.69070902800494	-14.70065701358576	-9.514979146522979	-3.818549497853375	0.76959642810003	3.932816613625747	6.281050006440751	8.258928936414229	10.00348445349032	11.64458794007609	13.37138557901353	15.36746233542942	17.08071399159463	16.36631511521896	10.34116356830542	-0.1809614534905393	-12.01588511958128	-23.33521111240583	-34.34498053081425
-2.078466729152524	-6.081208933632354	-10.13052800673098	-13.54217357940648	-16.01491259883041	-16.67662862834447	-15.09192042637664	-11.42135831156159	-6.243063980735848	-0.8821930547324328	3.225482597034144	5.751235894036135	7.37345464257578	8.72354431016052	9.911038564216653	10.76269797273543	11.56900848990149	13.12080541693985	15.18982192760343	14.8677375361253	9.383897638555908	-0.575637624178853	-12.04716190155664	-23.14939689603966	-33.86978345242281
1.009908882000559	-2.487702761799227	-6.096945949577375	-10.34071880603028	-13.55541176666312	-14.22054513043505	-12.02623150421131	-7.789985523449808	-2.506562587765693	2.55981486255844	5.992520746942432	7.55671113503891	8.133492491919071	8.577860195610128	8.99620952379324	9.045643354653443	9.075646616729614	10.08777159724046	12.49359519688965	12.65275398280983	7.52027213947428	-2.041914933198306	-13.0443862527226	-23.54911845146828	-33.78792561605214
3.785732142676579	0.6115925617423841	-3.045039473470723	-7.439220730943028	-10.92381989995839	-11.43744602012082	-8.688044404948791	-3.926929826190154	1.502432885106124	6.208741096120193	8.918635763254748	9.465241302514841	8.803744696057976	7.874047341486566	7.023644753903966	6.445297380699579	6.571387170035749	7.864894442194625	9.706870292873091	9.528327738321565	4.808906660499936	-3.991178762839567	-14.24005373966168	-24.19286859255269	-33.8782466008476
5.826581159833069	2.895470283036858	-0.4279782503863032	-4.986693971048247	-8.610810706045095	-8.634161969781182	-4.964173460183776	0.313787757580549	5.851093149244314	10.27223990517702	12.22602331505328	11.57951066993415	9.439111058539027	6.967185247000678	4.565364036812781	3.115778412925671	3.198453267316296	4.66696037761978	6.373515595501104	6.449643881645422	2.12032685346869	-6.163030153713777	-15.74775616442984	-24.82803262097417	-33.89631228323183
6.961875032017659	3.947920468026922	0.6837589450306822	-3.179669504357161	-5.806792515721678	-4.860901577642562	-0.4295143205703376	5.245856492496088	10.49239730177651	14.18343177695117	15.42257439937225	14.06570568376793	10.75193587714409	6.383754084275999	2.008320173342739	-0.9019724646381064	-1.573343048413484	-0.2569505489639496	1.823839785897903	2.508926730199441	-0.796232648254545	-7.899601476718154	-16.48327327304309	-24.98437314672477	-33.61178014511459
7.43721112516819	4.178297440059367	0.996833925657544	-1.736523461891256	-2.84310611600942	-0.6472001897742672	4.637217949598536	10.63391056955334	15.18444433083493	17.77493763561297	18.33923189279748	16.71236430242896	12.57380706372391	6.082109350021582	-0.700656076279401	-5.460172590369609	-7.320265088319559	-6.348202982390028	-3.447964524430645	-1.547438486813554	-3.458853880663774	-9.140092426565531	-16.65143651778057	-24.6426451132022	-32.97493175796492
7.734851368374983	4.441498713594179	1.635426711891864	-0.05654176683183998	0.08709067851251362	3.369814994212788	9.376370175062725	15.50403673854488	19.31529958284337	20.95206193689974	20.83289667317607	18.76843531856513	13.87015873029996	5.566377366090748	-3.303653981371774	-9.75496582504033	-12.74443465390748	-12.08823071893816	-8.281971689189994	-4.944156267797723	-5.487626164512246	-9.952135674970016	-16.5524975096767	-23.99571808296975	-32.07591402027026
8.137176472376481	5.015131516078917	2.762268544286597	1.923705081829738	3.171806587879626	7.155043163558439	13.1721721797609	18.8815297663476	22.25199276081582	23.26009936332566	22.46119088967279	19.64856940043143	13.77927117803845	4.620691351864529	-5.31275243990104	-12.98693797246072	-16.86916255046049	-16.24000026018339	-11.85304544968442	-7.51004676432342	-6.786219264195253	-10.12950835502678	-15.97939107096777	-23.08720179630148	-31.0084470090921
8.657989802675914	5.701326548082303	3.864311921583511	3.620568782624719	5.433881951939551	9.701338758679128	15.66303427497282	21.12102843185748	23.74072950856216	24.0488773161055	22.63629545427801	19.36418818770447	13.25254230111062	3.396668916703987	-7.098216746834638	-15.16643106927007	-19.47696531636736	-19.01060889405258	-13.55891310822899	-8.07683200008449	-6.701764540222367	-9.616789006074225	-15.13074750934726	-22.01597148568199	-29.86022698237512
9.222227703875308	6.26523471527544	4.560624268315014	4.600136442415703	6.696992663922963	10.87289846577496	16.2808161173719	21.01087224250306	23.28278936511624	23.18188686429036	21.26724849710111	17.44650909270772	10.95626263748363	1.665097286759732	-8.090528770374718	-15.63976517930895	-19.4340558024974	-18.34524233985654	-12.8831553553798	-7.334521664532382	-5.680691598007019	-8.416184509234061	-13.89350950809485	-20.81386331921901	-28.69776200722644
9.814412232337933	6.633386168359857	4.678173160086839	4.583580010971197	6.542559352231734	10.28158822887554	14.99693173048233	19.20138973092806	21.18383667639807	20.85927645376053	18.67335725213032	14.55643762775318	8.102680992130075	-0.244343376907679	-8.608771723606346	-14.89504219520855	-17.64591854999614	-15.86234811056119	-10.19132440761805	-4.724480003235112	-3.399871453632393	-6.58996988337735	-12.44254050126263	-19.55085895344595	-27.57914218171225
10.50916201087551	6.965872924827336	4.43158116860867	3.56873011603097	4.65852607683911	7.610808227091731	11.76628600510163	15.7633236798216	17.81324781838458	17.70422774289949	15.62333427195567	11.54287414753179	5.427649888021215	-2.01058305558572	-8.968165815565563	-13.5743979377534	-14.75189793057123	-12.02378922996893	-6.100113360453971	-0.9423879881069475	-0.3054445280264346	-4.260452539775638	-10.74294158726798	-18.25141569944328	-26.56531054780042
11.37737144135285	7.434469541733552	4.154970653726995	1.890484760066002	1.332540026100752	3.176302774664208	6.919237207962908	10.82515119659706	13.39613700407042	14.08660708170191	12.49219573049778	8.638978518094966	3.049505490530635	-3.475525107236621	-9.206767625071841	-11.92290868785372	-10.95641646114046	-6.913414698412431	-1.221379756179847	3.081772137367956	2.923959661217676	-1.77913317498172	-8.952583659281288	-17.07253873560785	-25.77487643836655
12.42298506013196	8.041671446382402	3.954235109803918	0.1328112566724684	-2.30790425233333	-1.73062330529028	1.570455247049225	5.361075244699336	8.125643483565206	9.573323105993843	8.711335983646201	5.586191468613116	1.11849134131235	-4.212403171154854	-8.823849603403644	-9.738623391900305	-6.973767698545281	-2.08485141204741	3.486543266408273	7.295024211659101	6.092340590860854	0.2690742583337453	-7.742326918008615	-16.32908910958449	-25.37124097500577
13.65697147853411	8.830270468727619	3.895240549698627	-1.026896562455924	-4.701245601579345	-5.391550528761329	-3.257552903221779	-0.2858574117152983	2.107511295657275	3.477869259870715	3.453211983401559	1.999813991083023	-0.6363323478515213	-4.008570011501831	-6.568385490439695	-6.318520226865509	-3.068476954396225	1.940142229041022	7.067466949239709	9.905445518990007	7.952702791206093	1.505315653491081	-7.076726538369492	-16.15484909134271	-25.47038390273512
15.12645452525535	10.04408189629774	4.656202839836332	-1.098806370431944	-5.933559386187397	-7.793200833628049	-6.782455737572064	-5.000559349171567	-3.629218782117718	-2.879790877796594	-2.269317836491823	-1.879276107617059	-2.372137965026539	-3.808900159808822	-4.504647317831036	-3.388909476066566	-0.1539299161431487	4.592907360865354	9.260907775778826	11.5051201788041	8.850106208438234	1.704132607928194	-7.404807172486599	-16.69217643873339	-26.12604532472296
16.79870473310612	11.643033491403	6.136098882284422	0.1433381933606626	-5.191825591049309	-7.985787343250962	-8.305839384628825	-8.001477541602128	-7.952410075045265	-8.005209468489397	-7.269652759354784	-5.87941321905538	-4.93831797886574	-4.892362063136744	-4.340474289536026	-2.527546309349937	0.8481804344490342	5.431340732250355	9.825306818067766	11.7346197181791	8.622572310943852	1.007535738188416	-8.428142108968444	-17.82950998495964	-27.30075287142656
18.57358453993859	13.47065344054491	8.076472756834932	2.448851568217023	-2.558050632217174	-5.993761949653333	-7.871788425341833	-9.132006512334485	-10.50410199194309	-11.51246741686666	-11.14114521366037	-9.620294116212818	-8.166926755960262	-7.231376730116097	-6.074637825131944	-3.751130527570894	-0.1083758886886486	4.402367139692679	8.708898395620651	10.43863214559896	7.154451342084229	-0.5873861689673987	-10.05485490442176	-19.5027491397458	-28.94350820928636
20.32713950937911	15.37453882644825	10.30061496297799	5.028311057252253	0.2890198546140397	-3.563409004563908	-6.51449408394879	-8.902328279615858	-11.53298943372687	-13.59395761889789	-13.73478247153555	-12.33977406629271	-10.79783024195031	-9.63831114802278	-8.331148078910942	-5.774560943325525	-2.117092662981762	2.021352383696296	6.190021917243627	8.023955924534093	4.565067684274467	-3.288658277552088	-12.63746589295742	-21.72428581361595	-31.01374984938401
21.92555793766668	17.06235489901484	12.12630144838315	7.164057595978861	2.513003687520907	-1.614960891928376	-5.194905184481129	-8.401836121374458	-11.42648914232871	-13.70474645020198	-14.40806476881491	-13.7230763445131	-12.55148647797951	-11.32387343463606	-9.776775922780715	-7.346936472558269	-4.111367974689046	-0.5758486703727641	2.477164801912281	3.281518835178233	0.02491867682199711	-6.864264250386967	-15.39542222751003	-24.28437959334538	-33.47125467076766
23.31868212670052	18.50024835417538	13.652708707823	8.842784495767404	4.230053596068373	-0.05066298508182854	-3.952525785975496	-7.49224670458733	-10.59224537584473	-12.89314048453667	-14.01390320289055	-14.02427564038277	-13.35148887793524	-12.28480434924005	-10.78342707827581	-8.697950442640135	-6.150011411114647	-3.603967611315085	-1.872110975013456	-2.126461671963639	-5.292357321007287	-11.20458520323862	-18.84653435551721	-27.34602673959262	-36.38153215100321
-12.88318861974938	-12.74245076506498	-13.05757200958686	-13.70891767504585	-14.54619122868373	-15.41462232111191	-16.21444230469293	-16.92448685811078	-17.55481400824706	-18.11121009062117	-18.59732390046497	-19.02998658108167	-19.43638882073068	-19.83834173956548	-20.24549165410694	-20.65106651757077	-21.02529545741589	-21.33225942815509	-21.57269717905224	-21.80669366342099	-22.126386734835	-22.61282981955131	-23.32483050492805	-24.32819169414117	-25.70121410374104
-7.238669858867418	-7.120203420178655	-7.566151297691263	-8.418426896896818	-9.49497375355228	-10.54488541952913	-11.42346004458602	-12.15926315394322	-12.79978152009664	-13.35554263738285	-13.82165944998862	-14.22653889490914	-14.62036136709889	-15.03061850579617	-15.46365156681475	-15.91192102117162	-16.32112339319411	-16.60575114878058	-16.73721786152957	-16.8028882327925	-16.94366868561735	-17.26999749563522	-17.83058257893807	-18.69472095580273	-19.98830738466148
-1.888898344926737	-1.662896786806492	-2.187278225411696	-3.219334967101553	-4.618121686592161	-5.890017169012438	-6.814979667641708	-7.542552574734373	-8.168444063268083	-8.705434607715134	-9.126187347920492	-9.484949765975884	-9.879055282115459	-10.3338084961125	-10.83166100563533	-11.36739408646844	-11.85856278885187	-12.16839874513707	-12.20554680373941	-12.09433043849264	-12.02036107627481	-12.15060595780734	-12.55848802993812	-13.29103619143781	-14.57608499079752
3.000515222940614	3.587726893161179	3.279332382124075	1.972491352326685	0.1711339747203766	-1.356918435097867	-2.35538165410486	-3.051052076786419	-3.60544523093472	-4.063396198877001	-4.394533533389449	-4.6917261323822	-5.110038994157833	-5.679255657529751	-6.348367755936437	-7.009098324133817	-7.558734560666082	-7.909393802771874	-7.97351310353065	-7.782005256333058	-7.423677626767571	-7.164664156276153	-7.337161185639527	-8.110607122562119	-9.547326213699279
7.026624693167328	8.056689928487309	8.127844904632482	6.64858468532524	4.527686850746512	2.854924748085097	1.893681073234873	1.299300769115519	0.9135851329455562	0.6018173552708106	0.4441369362699845	0.2706101496677889	-0.1966641741464628	-0.927058984454888	-1.904201135910995	-2.756803431083412	-3.374904902174009	-3.83848624527586	-4.059235746699628	-3.954461619238892	-3.30542365995337	-2.511464804945376	-2.426257976345056	-3.434375113385226	-5.148476913980336
9.734104677729881	11.00205223116569	11.36690445964119	10.15190393474965	8.170435224480002	6.626900768237562	5.828039240295638	5.395467280687399	5.345040946354473	5.354517110311562	5.495966841073937	5.490249847683487	4.95473272085934	4.099267392528319	2.773613343200765	1.593472591789023	0.6752310015200607	-0.07434302655362046	-0.4661214286174413	-0.5018958389661066	0.2436478915466793	1.234058138643441	1.389240405774714	0.1307609415567317	-1.747333053599579
10.90540477909796	12.17391164812909	12.69365691776765	12.18769239137901	11.06649147871737	9.879914652816368	9.015356271069152	8.770698304681488	9.206282726265506	9.958466974566896	10.4931208462795	10.52532503487052	10.02731066693751	9.01035226965729	7.575926596841654	5.861488626198934	4.183737489210003	2.975766217044594	2.480845209187862	2.604735854004233	3.056291055105028	3.459942285467747	3.263756439160769	2.147619669778422	0.4118686861817729
10.56970419363496	11.66439763125566	12.30954733515361	12.30805539567096	12.04271443160113	11.26250998084531	10.33318777085552	10.28262030363958	11.27361273128096	12.86689096116594	13.80820162563751	13.84583118886034	13.44990838066428	12.26970295818674	10.81645546037821	8.578838707226979	6.097844145639641	4.396672917238519	3.78933459713096	4.075759314999033	4.181973725740583	4.042965826074934	3.680004190697403	2.770037388707593	1.368841376313448
8.904326275000202	9.548267659042146	9.923511562743773	9.961457916013739	9.851210944367018	9.371870825267571	8.857649881106163	9.170223924085988	10.46620895904392	12.29171030389112	13.54124610961748	13.87612635309814	13.53496720824616	12.30901661845022	10.58293884056004	8.17384964543551	5.565798794538807	3.623009961866984	2.665943983644198	2.588537856507948	2.703785433910682	2.805912717348342	2.758145921521994	2.263339301307592	1.333587311925829
6.278674594270278	6.230973477764465	5.999721648679664	5.646390466279804	5.190493715696974	4.800136985778494	4.802852116115638	5.495186532262537	6.883656142722629	8.603722733704288	10.0577846400303	10.80515881736317	10.60153968655011	9.361814959905715	7.364186536590836	5.075637758987256	2.831706695432771	0.9253268776341344	-0.4138472973397427	-1.015205625572499	-0.6174868733162811	0.2738656854095538	0.8982126887072894	0.9526547864713635	0.5916460896474156
3.229346746418216	2.437778202282054	1.529445091163446	0.6643563446095655	-0.2020004412227507	-0.7799034209843754	-0.7542349700683531	0.02260627325725295	1.526954694039041	3.377172834307309	5.001812371494658	5.942631752186408	5.913206769063294	4.838248855409532	2.967074379848356	0.9156861158657108	-1.060945813534715	-2.778947754231623	-4.035130715536681	-4.639321241220394	-3.93234136965711	-2.555387821023437	-1.403517184636471	-0.7906547467909455	-0.5105851479898149
0.3099175327976056	-1.1430499184941	-2.614648334691772	-3.901992377727282	-5.045041925520039	-6.004021224836691	-6.562948403750134	-6.214025524189538	-4.483848345767783	-2.173585876512796	-0.4596217937130191	0.2773288234238294	0.3038698384274028	-0.2355356482429158	-1.365440118264687	-3.132881327689432	-5.139652011391704	-6.59169332980607	-7.055372119693793	-6.797215596653928	-6.000027891189156	-4.897324027068038	-3.685462300053267	-2.479970199401514	-1.536005381919502
-2.001035892793382	-3.967206859205987	-5.896646687976656	-7.389854676348321	-8.685830460904263	-9.962717375867896	-11.17240278471671	-11.7105804400924	-9.95971534480794	-7.51433383850393	-6.016918215933785	-5.667573038492549	-5.556552250073708	-5.455946217843191	-5.622235149933118	-6.857897116194067	-8.632258211993516	-9.606367166908704	-8.94488649108672	-7.791695558647241	-6.878200427704869	-6.121211549198279	-5.043967667550135	-3.396014719062759	-1.979691907598077
-3.338864926662467	-5.574056416427005	-7.672763991076682	-9.286942417403679	-10.60918890223223	-11.90118145594934	-13.17311272364442	-13.99351017526272	-13.65813207171953	-12.7232871147567	-11.94265478644209	-11.45800106407607	-10.9911661087223	-10.50001202525463	-10.16610898515648	-10.3272365415998	-10.69505204686023	-10.45675235115007	-9.243353325833482	-7.769989538654237	-6.620139331206957	-5.719123793499797	-4.560527152300679	-2.964616706041792	-1.476188545745728
-3.505745235289759	-5.782121557551051	-7.92209932933152	-9.44611884247815	-10.6572152712058	-11.78615939519273	-12.83179650359124	-13.89974777635769	-15.35293883358277	-16.63982962212423	-16.830219394552	-16.0453459799737	-15.18378579353278	-14.4290922673179	-13.7611231320397	-12.65202782929148	-11.1742750006664	-9.596169789501104	-7.958618078670682	-6.399703081785205	-5.036746594299743	-3.867443838753076	-2.656220330445088	-1.261527570874012	0.006146837826223717
-2.474139788462274	-4.479353137685635	-6.4187151880882	-7.799402186591699	-8.968926676858231	-10.09007945962048	-11.20938617839175	-12.67959427429288	-15.17872817405549	-17.70244101065825	-18.68264103218782	-18.1067935935705	-17.1586876616844	-16.09517671017824	-14.85954856677091	-12.72407788873966	-10.00394764048116	-7.467228881184155	-5.382383224368155	-3.650564197852702	-2.131622657554146	-0.8486488980372116	0.2762874538949873	1.371203735037184	2.245857322088472
-0.4784172535778168	-1.899657139658896	-3.304295550211041	-4.638020363094292	-5.933905782627576	-7.254526164943954	-8.750891982164816	-10.71832320530893	-13.24448698625081	-15.70601563811502	-17.13801958395501	-17.31452692846858	-16.63107354463239	-15.26789063805019	-13.26557408696627	-10.56311655295433	-7.399671974278078	-4.389953250727487	-1.962767825250793	0.01874656390293694	1.648636446662778	2.938671928453339	3.89741738891345	4.534575645141688	4.893064032100421
1.983397243167666	1.195404669303308	0.3642126911962649	-0.8125192191385366	-2.15574219990998	-3.613320714355737	-5.317420322295405	-7.426982323519951	-9.747670988433242	-12.00667970177042	-13.66734342818205	-14.41425963009854	-14.14572360569935	-12.71554070558392	-10.37739918140854	-7.492253738687808	-4.216917175506069	-0.9729735647035511	1.542046386584374	3.72962427496735	5.462709632793192	6.733430034164854	7.504007395823699	7.672246221421995	7.518529491768444
4.392735864333474	4.097236906310609	3.68616039270032	2.892269702756543	1.798524450551831	0.4550750117733884	-1.178976168870392	-3.09638959531641	-5.194994394860217	-7.261242726496946	-9.028096586722256	-10.17384479751689	-10.30215965647074	-9.196471644073384	-7.112639881736286	-4.430672064027007	-1.39791263999247	1.650626585228707	4.356686141536912	6.711776885629078	8.557206053609058	9.823772790572576	10.406218527144	10.25349943344076	9.711307592452972
6.387802477299989	6.4118641937247	6.385209595712222	5.922481262177243	5.243318503137559	4.225669850152585	2.871571832431982	1.37121730270556	-0.4062547738456885	-2.150171365495396	-3.855576270260627	-5.273992122058687	-5.813110701900285	-5.103999807672111	-3.543025291948553	-1.377344430667222	1.129814039321886	3.755141511809995	6.423422669955912	8.821090598183353	10.62095558012781	11.84136837142976	12.34764643324266	11.92071309541525	11.17077123084898
7.800895991761756	7.838462087202711	7.915451060039874	7.705068240274315	7.408234272650297	6.818641428761751	5.928437071933772	4.951409598496554	3.715401197094479	2.483063634615576	1.154027308519005	-0.1028123584444387	-0.7660440598857861	-0.4786737512974355	0.4641681988384789	1.959027755718921	3.804497565127861	5.826454107651131	8.002346366739573	9.979170219260723	11.41143373283074	12.36413683714876	12.77163115363306	12.38801751679159	11.77916764880862
8.764293059405141	8.524249345410283	8.364164283541191	8.364485806723586	8.361011131244808	8.205039351813731	7.874442610655791	7.417821116984655	6.903105099461058	6.320222905629152	5.633303042655044	4.974106761117525	4.536982182290913	4.401216837714443	4.722239986273976	5.530893427252877	6.696961101631302	8.025701017043957	9.332649569336581	10.44190520621027	11.23235758196795	11.66678554669306	11.85294706597085	11.91091833621858	11.76328729120412
9.676342113380784	9.181791417276649	8.761334500273351	8.914455550577422	9.12983362327979	9.316154349339698	9.447579949466018	9.453922517464974	9.576286145965696	9.619244847977882	9.534072998338104	9.424125329437374	9.292349600542764	8.875446188267247	8.729821752197907	8.978444769456317	9.5316764439156	10.1786831199296	10.65290853801866	10.93082837568759	11.08687455112371	11.02829838975139	10.98420602808398	11.41571813617397	11.65603990958384
10.878828163378	10.38696454423216	10.0736729052263	10.16230755520497	10.47110438112464	10.85840490022849	11.26469850364558	11.66012382478171	12.1029100673079	12.49983370512548	12.77274493506297	12.91659839515235	12.85039721601069	12.51603577521163	12.19976699094384	12.08052219139745	12.13330800100655	12.20754271863367	12.1504558155706	11.95464207033663	11.69787354499032	11.42404115677773	11.34995535696584	11.62987049477472	11.90871133631296
12.43726039912919	12.07850658682395	11.89971245786312	12.00152850927641	12.33789808314968	12.81563673204119	13.36739794161558	13.95491643007182	14.55323708781468	15.09675192905019	15.51059158524728	15.73786272661784	15.72298277585179	15.47639363743422	15.13231701302104	14.81364413732663	14.53866267902478	14.24578296594782	13.87381292822171	13.43013845497334	12.97973655367869	12.61226921753971	12.44684598496549	12.50737734597665	12.62791880511023
65.60877717010465	48.83043348180581	33.6129021969158	20.48100260935524	10.28243817386831	3.923009789236232	1.626600705634473	2.640746187483472	5.784332979063962	9.810518398182282	13.55414724848865	16.166890096505	17.18657763270826	16.50769814950418	14.52207507598892	11.84269341746837	8.898732692614587	5.932438574382232	3.266399238467173	1.43677617490934	0.8609755680027718	1.166109009907018	1.291037518842956	0.390952235206754	-1.707890517022634
60.09216716079982	43.0150302913045	27.21641696196692	13.18777593239727	2.04820469813084	-4.498354899566657	-5.852996529535304	-3.400721264214553	1.3432462032968	6.948397463109075	11.94457800234284	15.37666823859297	16.88549410359386	16.14905212241595	13.88099023070174	11.08029823208585	8.16571177237843	5.123685190965716	2.152063023795137	0.05516271836218323	-0.0453693066869505	1.374980749750563	2.346003237651985	1.573845380992509	-0.7551099537454036
56.05196853320427	38.9112606475698	22.7623741998472	7.900794933710008	-4.387967018796537	-11.46604769166298	-11.98628317997211	-8.500742788925095	-2.608456540860146	4.177592815412424	10.07024105403161	13.95640411509251	16.03244246317894	15.22483139271	12.91639969944177	10.35465041898036	7.873729948571594	5.107970142101038	2.022890413929162	-0.4907035330416392	-0.2397579185092411	2.178489699745086	3.834131453724552	2.782717082734621	0.1104288642766278
53.29655579588473	36.36386926507917	20.2953978264838	4.952280278678767	-7.888958146013415	-15.23400290378683	-16.07638300536979	-12.38095381996985	-6.135809514457179	0.8987428259449359	6.939796625338005	10.98724912695931	13.01344229721696	12.89550117014352	11.46498650928035	9.710286029288199	7.924835052093215	5.799760714683458	3.278891573870325	1.304374350754642	1.456798536982518	3.280206491884556	4.404029643507315	3.326816622434038	0.518820080189613
51.40836402793164	34.71428595441514	18.97596094471421	3.430973660055557	-9.828446485553904	-17.45659476224824	-18.49633059485937	-15.04940284022939	-9.049268767898667	-2.299869677690282	3.458008590891836	7.218870956536506	9.10361859850434	9.688833896243807	9.352401652872914	8.648196380419563	7.890563259686815	6.849085961615089	5.178804145670739	3.800698047763547	3.670456972622645	4.46718689170649	4.723193709552874	3.302326909909056	0.3977109357213067
50.02753044759268	33.16074207442124	17.3090924967791	1.996951894457254	-10.84587298693515	-18.28439566456676	-19.49631389630606	-16.50243857657566	-11.14179622402565	-5.066994022890185	0.2124663556413964	3.772986089125766	5.665260087247532	6.488575490397011	6.628658312613425	6.711017114465562	7.028887781323931	7.167412465982039	6.493452081614436	5.672021063486369	5.300948063907725	5.218982593228098	4.644477120106743	2.820907096046923	-0.1608971930536143
49.27431920307801	31.89510014842566	15.43023631170212	0.6500113260024421	-11.06570848785086	-17.93176854069776	-19.37797707757056	-16.87758498345562	-12.38074567483699	-7.292807533109396	-2.596893573366742	1.017820509548244	3.107660706801596	3.580408634501708	3.377914185662661	3.781526573803404	5.039938627361835	6.211453190567767	6.581959083795709	6.469108241479816	6.018213382608707	5.178566620491118	3.893120636617624	1.928126484269853	-1.00242867120258
49.63296292075702	32.03239893940902	15.21170072842928	0.6615995003230353	-10.6458113249696	-17.33741227686926	-18.80214183065672	-16.6083949738906	-12.91961882326868	-8.786137366506438	-4.785930086259697	-1.391802383956616	0.7354875087473545	0.6649190482391418	-0.07289197465937036	0.3453692427941348	2.219521684843585	4.189286830687649	5.185249078200229	5.770650089025395	5.554191618576937	4.478640734037185	2.917494914197604	1.000504533780259	-1.874215702839635
51.27813047385635	34.0621969426409	17.64842662005028	2.679153581788498	-9.359567765428935	-16.45081758568774	-18.09081542237016	-16.19351596198078	-12.98371693736033	-9.571295103271041	-6.409241931883145	-3.880804434957582	-2.474363478512458	-2.477927224402777	-2.97375067095453	-2.628568613342196	-1.153717086287116	0.6696996772933517	2.209965464252889	3.346560745952814	3.811837591916955	3.437257453578681	2.300767896816055	0.3746375712599601	-2.575886847410487
53.73252037020517	37.10216875253018	21.27158513478423	5.630123348655246	-7.782701927277003	-15.67291759247874	-17.17560647744668	-15.28791825505419	-12.58597557574049	-9.921671510280277	-7.696576100547674	-6.200345053394329	-5.462254438872918	-5.437065046772887	-5.657714359064158	-5.456674936049438	-4.572526455088109	-3.153329405578404	-1.33151630397569	0.3690685858470602	1.719428301175313	2.353772565371884	1.851520812646072	0.01414737853745862	-3.087516564025904
56.28346389942452	39.83675177956951	23.90337649403107	7.99250842139854	-5.821675674260419	-14.05309198938191	-15.85563341377943	-14.2296806809336	-12.00963633621529	-10.12757150819152	-8.793392772082854	-8.104878112972301	-7.867922461272428	-7.859715766751748	-7.929031212551138	-7.893470615611534	-7.471882683081532	-6.324777520156516	-4.317203078618064	-2.003730353118044	0.1730553900319478	1.611211256321525	1.598077426422577	-0.1724875788826843	-3.490666319101756
58.58313635770508	41.97208771122517	25.67930759928077	9.647510408179031	-4.147413520767827	-12.48349196592091	-14.49696466243859	-13.03479716449337	-11.29597614217155	-10.13097804306892	-9.460946869698717	-9.316016915746133	-9.514114595838578	-9.50571010586367	-9.440664066482782	-9.599430208122641	-9.611126303365467	-8.616209127204513	-6.289895382850318	-3.347689829618844	-0.4856962013499526	1.504567065959648	1.728259397052888	-0.2105881544194439	-3.895645329748461
60.6369890815255	43.75814935691373	27.21046180038523	10.90980985310875	-3.144850755228063	-11.75754536157871	-13.80905033828452	-12.29260484353654	-10.75737572066973	-9.720478985289873	-9.184928617874249	-9.279000941236234	-9.894711162460851	-10.08270109737481	-10.20133358096072	-10.64852785747215	-10.93552136961318	-9.894093101257482	-7.004395805319433	-3.449471164770728	-0.1268968055724713	2.040783094037209	2.138803035714481	-0.2679945541086113	-4.467512842458959
62.55052368434279	45.3101700789986	28.24038330116775	11.66309060742799	-2.462209619258857	-11.32205424021021	-14.12731589560306	-13.07611192477958	-10.85297332558278	-8.865871430813655	-7.785570052594864	-7.817926554435871	-8.548221814315951	-9.452186129775555	-10.37145860437309	-11.18084636436944	-11.31377917384725	-9.785283432002302	-6.257245121107644	-2.037913638070393	1.385323562856101	3.06751626409492	2.438712786435076	-0.5815287298460063	-5.391589996080491
64.4580013767922	46.8924329835507	29.39647238637127	12.14819325895761	-2.703817622717679	-12.14276711413078	-15.21195248353027	-14.1132321727429	-11.08761431372454	-7.924282861546601	-6.011327899204133	-5.792652562228284	-6.532824391434161	-7.976263806567488	-9.573432259952028	-10.62579561215054	-10.54823503455296	-8.632978762395595	-4.168005402640773	0.6092718226337723	3.740803538482766	4.471956501931516	2.765089527020457	-1.265943633249382	-6.830812351733584
66.43282492885041	48.58997213959847	30.50193996871641	12.33779435852465	-3.553067273610481	-13.57419397411383	-16.57053748692363	-14.92460446832376	-11.33164422257053	-7.605138897201158	-5.050554042630012	-4.147235509745855	-4.556376828534894	-6.053953634851354	-7.812050798139012	-8.736342553308134	-8.139246213255177	-5.461340109622967	-0.6433970308580967	4.098146463412803	6.43816297031114	5.74212878123663	2.52632125825868	-2.627610673403403	-8.962290254043893
68.46439472819061	50.49880711900995	32.0770651639	12.8082155861089	-4.719730022793257	-15.5635252731754	-17.91726145155283	-15.47052014898111	-11.72750491266493	-7.941979428891443	-4.974201701010856	-3.315942654162058	-2.932554170241588	-4.106552630037157	-5.596230697107274	-5.946330161518233	-4.580828195125065	-1.330677068823491	3.714528211133597	8.156205124822847	9.131276152905613	6.402764042134539	1.42400983684206	-4.90910217228884	-11.90561860664758
70.43222045350795	52.39970211797254	33.8689356931816	13.93381838487161	-4.66517932333673	-16.31258549916109	-18.67183562221943	-16.24408616119223	-12.81260115308623	-9.182503557628621	-6.019716861571482	-3.823280157020236	-2.560818203677854	-2.793497431232709	-3.208430641980385	-2.477362714922663	-0.2481413471990237	3.314651721415103	8.101681326904696	11.55308163336152	10.69596137198093	5.786359759965364	-0.9184169322391043	-8.237774423094834	-15.62776384921574
72.24812300974166	54.11560465786829	35.40697783809059	15.70018807466904	-2.456513497974861	-14.37763983169933	-18.38914801963335	-17.39907346093864	-14.54051620446333	-11.2124796430106	-8.05561401211466	-5.526180750291985	-3.718212426203365	-2.347772496430878	-0.8707542241102573	1.288213877476736	4.391796929043196	8.281946636113915	12.04183330047452	13.5803707770998	10.67607744006636	3.733640395711788	-4.573488332361222	-12.40741664379166	-19.82360393730517
73.94931083331906	55.79627123816673	37.52974058197266	18.24094742481614	0.3033333942026033	-12.08338197492839	-17.19308394907583	-17.61525764717929	-15.74833482620718	-12.85409547316991	-9.729825412778425	-6.96456993230899	-4.755976695942607	-2.153803221312302	0.792361511542012	4.170413082269818	8.061912763085608	12.13815752749915	15.0685960006358	15.1749343651704	10.32109949563343	1.277775723799962	-8.557380416724953	-16.53462013035892	-23.88441702723188
75.66042746864588	57.30489032346989	39.03686423885146	20.68066246849548	3.933135843312329	-8.328926635086532	-14.89043264941372	-16.92678831901206	-15.9120296781056	-13.22529112347875	-10.02406038276757	-7.01503754272035	-4.361827149284508	-1.694461589420527	1.408059188840547	5.391020601105673	10.08792024303531	14.39760136732548	16.7608140127505	15.63003958085461	9.539247489825101	-0.4576172401692986	-10.92436644494998	-19.65606691478817	-27.24818093157239
77.74824844326395	59.17161015916088	40.98193330378538	23.62673407599417	8.225878445047982	-3.728854506149986	-11.42215497135993	-14.99869341128558	-14.69799311298109	-12.15434306145484	-8.978691631612985	-5.918714359292991	-3.140167583731753	-1.01139802295528	1.368350204718972	5.358908933818398	10.6458980761881	15.13587746088485	16.98339677894792	15.30916847939567	8.530744260284024	-2.087710636901932	-12.93896173355932	-21.92801441885808	-29.77257092518164
80.66229093892486	62.09439937579651	44.2642473790537	27.7437847698109	13.2759357326388	1.660751840342812	-6.528219191194367	-11.05819360280451	-11.69971115386793	-9.897897462862524	-7.244519077351662	-4.528796762853446	-2.024441516974861	-0.2232075658481243	1.771369158590247	5.348853261813559	10.14447254153397	14.01333762782485	15.19711163638831	13.03907917383583	6.270911925397286	-3.933238888925359	-14.45240841739707	-23.48397394917322	-31.54487679872216
84.65099678096362	66.295797279775	48.96601136622718	33.10874731074313	19.27210261342256	7.998165515577739	-0.2758119368452867	-5.285387496268044	-7.124777400205204	-6.65754828806655	-5.025583587974509	-3.015171874855994	-1.061373274826607	0.6915549467753692	2.715526122905914	5.603834360344052	8.978968516079192	11.47195362684045	11.7521263310453	8.977104621999274	2.744531480147316	-6.069195274841889	-15.5943491316541	-24.55211545049497	-32.77864515475301
89.74584205378676	71.67759420892139	54.80712507764156	39.48374518292093	26.11678995260502	15.10329994901747	6.756772464203237	1.219367263477011	-1.680301414990169	-2.517171931312163	-2.060290088540484	-0.9619529871343104	0.3679343702452798	1.800631608902762	3.479821189994453	5.511800079219057	7.522846017231615	8.648098251906731	7.960105492360299	4.827245619620499	-0.8701660577032726	-8.528754468616796	-17.06774345155816	-25.59862098823385	-33.75538938860154
-23.70622689955065	-22.18339262265342	-21.1275193858375	-20.50194361853698	-20.18483105097153	-19.99274898915845	-19.76131673192744	-19.37843493962459	-18.79570314742136	-18.09253432409873	-17.37053526687008	-16.61820292266103	-15.69133550811009	-14.44047336955543	-12.8937090287487	-11.16301114953361	-9.362095043124796	-7.616427865570998	-6.013650127231387	-4.597721109319281	-3.418232607079432	-2.561786772574294	-2.121969940951317	-2.177777581094318	-2.796023338192413
-19.00864195676191	-17.39055020251204	-16.29458487892977	-15.71334722154414	-15.50000803620955	-15.37764237143936	-15.1422075946865	-14.70848544320955	-13.94543013500667	-13.06697026480162	-12.29969343962555	-11.657902201625	-10.92204574356047	-9.732720730418272	-8.251511739980586	-6.632584720271911	-4.933793583171173	-3.312428450036954	-1.832977068667901	-0.4790220447161602	0.7255735887855224	1.635093555882122	2.096584024548974	2.027828132186869	1.315509123487573
-14.77078562699527	-12.96827518699323	-11.73858857484029	-11.11935234662777	-10.93886358840036	-10.78495873977435	-10.36575286255404	-9.804760915297837	-8.7163040297593	-7.590503904910275	-6.684158417770618	-6.026560942554973	-5.520999652042292	-4.347591035737601	-3.112997673523317	-1.873712815763113	-0.5206364799547139	0.7487540681653186	1.936610173764009	3.158674110724064	4.424604284466511	5.46444970754888	5.938963780522272	5.818878790245435	4.894351502420591
-11.19213027376795	-9.09810329861859	-7.628934157624279	-6.869255783938591	-6.624526283821723	-6.281235774995697	-5.480583083946151	-4.390062332080561	-3.128739290112012	-1.861344616668603	-0.6912911594458961	0.3131616544802256	1.143219474586864	1.968530420672359	2.647613165628563	3.187537091561687	3.712016000681203	4.284997713770991	5.035358399093809	6.09058992959018	7.475287034331856	8.829324273102088	9.479395106520855	9.052157330077847	7.709352290924272
-8.601032838590804	-6.17922101893307	-4.142068218107237	-3.343941151725453	-3.220144280243471	-2.684648346514415	-1.348253317277532	0.3762129822859599	1.793985521893617	3.198320540354615	4.727725227257363	6.255735763991488	7.55341214819185	8.0390028059056	8.068592857345664	7.775793111506253	7.275255389442663	6.972771338565551	7.163746590193455	7.911449620858093	9.340307781301704	11.08297618318639	11.9966592725645	11.08810364793939	9.294697650961666
-7.351946787932171	-5.037980533533368	-2.90210465757507	-1.881561146773802	-1.430639647739255	-0.5898177687296986	0.9520419209546915	2.906613105656639	4.63381949479669	6.441856867446674	8.388678113498642	10.26793177018261	11.77778187836203	12.16337393830096	11.83228758996885	10.90602342219244	9.578465727794523	8.498511570354317	8.117405587809223	8.462497969078115	9.587728973541701	11.11876625647423	11.93201132764168	10.91852417527787	9.159256351530445
-7.392788687009482	-5.762884620058156	-4.230917591981999	-2.836743768615367	-1.503835316629498	-0.2370348530747073	1.051484923012811	2.752209861635894	4.951957795620675	7.422613292635468	9.781105970966422	11.73975365213912	13.12340408173532	13.6794049421704	13.37071511531791	12.11355482669592	10.22220079785885	8.546173741246847	7.672241737629527	7.631280386567191	8.1138408481429	8.737824477708685	8.985760889510601	8.457069881438997	7.319659251109471
-8.145007657720043	-7.363346354177836	-6.530341876012454	-5.0993353450417	-3.259505741729155	-1.70320686395759	-0.6688070592620221	0.8673717536401	3.464495194870885	6.483527811352907	9.139751730222329	11.0509625258502	12.3344043052477	12.97509405223882	12.80875428467321	11.41716738508259	9.086045844068547	6.925497413537634	5.655694182326293	5.211420749147138	5.053966067242534	4.932778647771798	4.860666080814397	4.790000689107387	4.386967377492567
-8.900901722892705	-8.882335522920879	-8.625962960135606	-7.663977739020744	-6.183423701965271	-4.766685850318886	-3.493808255953219	-1.744114409561206	0.9754220295181142	4.149606208116225	6.840787943209463	8.663096572967071	9.82040371510864	10.40777523390587	10.19995813451538	8.775733420963221	6.385619357817149	4.018389453693889	2.356849919452895	1.394230348510746	0.8460078684437065	0.5551693524564811	0.5677912731239019	0.8543368433363412	1.088685896717578
-9.081390783458254	-9.71264813479403	-10.1179407800271	-9.66993481161553	-8.690459034009464	-7.572652258587617	-6.250514542018891	-4.614060074157884	-1.935149762122585	1.163412624177738	3.616729455258025	5.055897780902143	5.951823198720888	6.446904300830923	6.322062313823388	5.020242858827835	2.693163184915449	0.3152103258280512	-1.421634291675719	-2.679646389343986	-3.382871015928277	-3.623240539745773	-3.455414738137719	-2.758246638072734	-1.983388115442352
-8.252680240121704	-9.298663932853957	-10.09894162168696	-10.01909547233524	-9.329126884800207	-8.515376614945339	-7.627031279135437	-6.478959358920662	-4.466040584352335	-2.083307458432785	-0.2728656396980398	0.6801150421785707	1.242731974502135	1.612200972325425	1.56821701913394	0.6011815981419915	-1.217959115030475	-3.132756672893748	-4.602779861436197	-5.742084802791904	-6.457427097955161	-6.723530982849404	-6.451084391123999	-5.50370812258636	-4.362594059274045
-6.175025723367618	-7.367427777452988	-8.388348699739506	-8.460068832251896	-7.830099570724975	-7.348653464749354	-7.266738927217602	-7.029711519324444	-6.147077783800768	-4.971211331116464	-4.127634293938044	-3.78713900400291	-3.622825524967738	-3.358516257912726	-3.289244419488114	-3.726552005942267	-4.663662508520446	-5.748495522823966	-6.608639517914721	-7.325210201630968	-7.937822972747064	-8.32273083119642	-8.09980346550924	-7.024259355452841	-5.724522143547347
-2.832290856637858	-3.830256446186937	-4.910367181615399	-5.132967214002896	-4.806341777704688	-4.822442356658698	-5.53037509908232	-6.308944471736353	-6.674906918397724	-6.887953994045645	-7.151332210137312	-7.482052639218608	-7.702189060609982	-7.503566892833234	-7.256514626526553	-7.07480534970388	-7.034583023916156	-7.184138857100606	-7.288941314654142	-7.529147160296869	-7.89481590085844	-8.231141415606643	-8.11335763799832	-7.063177999425065	-5.916440201547346
1.481143507017434	1.082492977829094	0.4710359762912653	-0.1977093162896466	-0.9046816700376255	-1.699881928384237	-2.677175850410357	-4.007002080224069	-5.736940342711435	-7.609903727695553	-9.034435208741584	-9.779352515268499	-10.12819027372662	-10.16458977022209	-9.882996456310366	-9.118974158759713	-8.016602856488476	-7.101444230968333	-6.670336402588831	-6.578493297454855	-6.566844077315388	-6.486822332675551	-6.211432608670656	-5.675581951224103	-5.077577523746783
6.121753983040357	6.420900166996741	6.346757431887962	5.325778845203004	3.654480744175139	2.168673434837004	1.107788589737154	-0.5514762554814894	-3.42547842427004	-6.852057550459534	-9.370740312661766	-10.40955919465993	-10.97934510058417	-11.29510185218628	-11.15514614428463	-9.979490068336361	-7.938213711810263	-6.071837716853672	-5.244589926747789	-4.860146255568621	-4.453653267846018	-3.971955502456297	-3.635980520793723	-3.649346212637909	-3.699707385399847
10.38572904479394	11.18206327720357	11.35390521367622	10.39524030638209	8.611612202383839	6.878696120134478	5.401643817255533	3.279132706760905	-0.1594375363025051	-4.214138204118896	-7.459482648639465	-9.349802447120524	-10.47230177775995	-11.07226601388058	-10.93142585707669	-9.61889311355629	-7.37521801160738	-5.163826794777847	-3.694011384491308	-2.752480900936684	-2.054053396748607	-1.555561985479024	-1.438498301713636	-1.806016630274087	-2.351088950470484
13.79525785691148	14.9088741075768	15.26548208358521	14.50071661952212	12.91649686118733	11.08316402237966	9.183081027765823	6.827744694828624	3.097007134665716	-1.086247558830934	-4.733839707493715	-7.467657540013278	-9.173564619824987	-10.07602322340584	-9.94902384666873	-8.654865351224757	-6.542336728805154	-4.276211208709679	-2.30609957740878	-0.824195503594499	0.003489061393533888	0.2867255585297812	0.1243840767406113	-0.5449247635877441	-1.421474928953131
16.07360489786813	17.38804986021785	17.89306885162481	17.14398194530852	15.44559810843888	13.3105935139239	10.97410802815978	8.467944125627085	4.733174977155869	0.7640557791951039	-2.892639567724672	-5.993549626092872	-8.030049333659278	-9.07184760954614	-8.904716496568085	-7.571913868488622	-5.484456747599602	-3.243010373865936	-1.225024107341241	0.3017219928591963	1.034910369320073	1.123525887459323	0.7777773650560675	-0.07703104625363721	-1.112860317164433
17.04283255151432	18.41462728697353	18.94307950275793	18.01599221902493	15.87622105479187	13.23463547619073	10.40220300927656	7.408813267794265	4.292832502973965	1.056502043101034	-2.214282293461366	-5.222097814241295	-7.402908453778203	-8.267498843233661	-7.915295281854121	-6.479991334845568	-4.312016072823994	-2.147848299416689	-0.574876387090427	0.3985222106377293	0.8484997998653654	0.8304998550960931	0.3782144485060428	-0.4524861568528991	-1.461090261942331
16.63237367840475	17.83071646505864	18.38038390855965	17.21402637687053	14.74879135450847	11.92559605439089	8.988787950754475	5.847749917194854	3.509825099648225	1.125832958476124	-1.554095615455935	-4.254712709166405	-6.44813722733516	-6.997114206439516	-6.595501953152418	-5.277688921598163	-3.252977851765763	-1.325190588646038	-0.4212430639529785	-0.05955485719388776	0.02744680691975532	-0.1628122439969246	-0.6826306346822264	-1.463525238008742	-2.342236987604963
15.0145226803061	15.64386927624569	15.6386134395872	14.61373259464902	12.75068372492606	10.54894870808057	8.213309055252203	5.869260758284572	3.91032335322743	2.00632735218047	-0.1111510074709976	-2.261739598335812	-3.939222828085718	-4.592052669193688	-4.424305627481086	-3.664411072494701	-2.533419522901106	-1.455958931585819	-0.8316375854411149	-0.6637442281623578	-0.9049289199122939	-1.475171205513504	-2.177121323352026	-2.853434109357409	-3.537112496592044
12.75405608609771	12.7116783504751	12.08912047507231	11.39227101578999	10.54839317480916	9.370409222768913	8.036018658659948	6.648300435384059	5.112757978376443	3.545165407623401	1.899339339534265	0.284248079269652	-0.9478814459005207	-1.718015357346388	-1.930324606968554	-1.938018828492943	-1.95600180463294	-1.8299857489923	-1.420084803959327	-1.257653945680161	-1.760371129401676	-2.779195945103652	-3.729228992777166	-4.268194647110647	-4.769080020778574
10.53961747485624	10.18185093021087	9.434751433623333	9.026226357548332	8.83373537608658	8.446325189032333	7.9051471451744	7.206474648727614	6.15349538374771	4.962085385223084	3.707327848239771	2.4755093321224	1.470477842717592	0.6260140788060156	0.04987344617190814	-0.5436050174602798	-1.259781867399269	-1.745889901473106	-1.738225403126009	-1.817967803438194	-2.507740441037299	-3.682047398495058	-4.728132821413226	-5.30299495723483	-5.787976919068683
8.733296436032333	8.45883459311159	8.033061181270568	7.8125697091277	7.806912475880715	7.791977905486526	7.655198806555788	7.312621580347226	6.691682026893901	5.863068275202373	4.919931882293973	3.946886687271181	3.020740652979718	2.14520277456262	1.310080180733564	0.4257583767322899	-0.4922620280447205	-1.236298844918196	-1.72557807182838	-2.233592550553311	-3.053349759385839	-4.12978165243743	-5.135304544684004	-5.888559687628458	-6.517077355644005
7.315518088027346	7.258209555337103	7.119867256441168	7.086223607667094	7.189175692063941	7.324569774442963	7.376155034027576	7.25223552994548	6.903088175222308	6.347039396752336	5.638876318141826	4.836124884054755	3.980607238377246	3.085076336196991	2.143413454327018	1.146809329014161	0.1410507524104787	-0.7757782843505083	-1.57975944687729	-2.387100400857236	-3.322783121610996	-4.364391167415477	-5.370495789698339	-6.250286911818762	-7.044556867067456
