                         0            1144.045539455
          700.000000000091          51219.0865247448
          1499.89999999973          72697.7940746965
          1518.39999999971          100.310620455854
          2100.09999999919          20384.7087957775
          3500.19999999791          9191.54797431523
          4499.79999999884          15413.0451631327
           4900.2000000003           3558.5826107396
          6300.30000000539          2556.04725104232
          7499.60000000975          4027.30651679727
          7700.40000001048          1445.26762637605
          9100.50000001558          639.359830210019
          10499.5000000207          1488.50533259512
          10500.5000000207          555.796867703233
          11900.6000000258          402.786605772051
          13300.7000000309          232.439474596354
          13499.3000000316          684.307572983847
          14700.7000000359           169.62295667185
           16100.800000041          156.574934060457
          16499.2000000404          364.650114309475
          17500.9000000258          108.869098937283
          19498.9999999967          213.715328338921
          22498.8999999531          133.830228713363
