-17.5000000	-17.5000000	-17.5000000	0.0000000	0.0000000	0.0000000	0.0580863	0.0511492	0.0643623	0.3291448	0.2149349	0.2093330	0.0857007	0.0374599	0.0588367	0.3037703	0.2317144	0.2182226	0.0497906	0.0523842	0.0662763	0.4836614	0.3170676	0.2693522	0.1177431	0.0486365	0.0725057	0.4171265	0.3220420	0.2640669
-17.5000000	-17.5000000	-13.1250000	0.0000000	0.0000000	0.0000000	0.0586424	0.0516475	0.0650277	0.3307725	0.2164918	0.2104173	0.1137090	0.0568703	0.0790702	0.2779897	0.2143979	0.1997887	0.0523758	0.0543920	0.0685574	0.4837491	0.3170190	0.2695186	0.1611443	0.0783755	0.0996202	0.3764378	0.2942913	0.2394496
-17.5000000	-17.5000000	-8.7500000	0.0000000	0.0000000	0.0000000	0.0593591	0.0522514	0.0657315	0.3323369	0.2178690	0.2113016	0.1421166	0.0766108	0.0995457	0.2519048	0.1966732	0.1809474	0.0551657	0.0566532	0.0708140	0.4831393	0.3174305	0.2687198	0.2049358	0.1085824	0.1267940	0.3348746	0.2667950	0.2137890
-17.5000000	-17.5000000	0.0000000	0.0000000	0.0000000	0.0000000	0.0604594	0.0534242	0.0668014	0.3335136	0.2193947	0.2121022	0.1986267	0.1164929	0.1404280	0.1977327	0.1595432	0.1419996	0.0609434	0.0612076	0.0745038	0.4779719	0.3156345	0.2652372	0.2910879	0.1691881	0.1801128	0.2494091	0.2090084	0.1607789
-17.5000000	-17.5000000	8.7500000	0.0000000	0.0000000	0.0000000	0.0605731	0.0539518	0.0666933	0.3323922	0.2195824	0.2114478	0.2530786	0.1557495	0.1797521	0.1423085	0.1210264	0.1019370	0.0659300	0.0648344	0.0772621	0.4690344	0.3106097	0.2613383	0.3727343	0.2275506	0.2317523	0.1638620	0.1492914	0.1080791
-17.5000000	-17.5000000	17.5000000	0.0000000	0.0000000	0.0000000	0.0601347	0.0536960	0.0660352	0.3302868	0.2186126	0.2096947	0.3064876	0.1935975	0.2178388	0.0863793	0.0819613	0.0614375	0.0701486	0.0674304	0.0796088	0.4563391	0.3030257	0.2553908	0.4491498	0.2819085	0.2808683	0.0790149	0.0899856	0.0554346
-17.5000000	-8.7500000	-17.5000000	0.0000000	0.0000000	0.0000000	0.0744335	0.0640476	0.0792861	0.3471970	0.2257556	0.2187058	0.0866916	0.0352461	0.0591983	0.3373825	0.2579361	0.2424658	0.1337427	0.1107879	0.1199517	0.4157687	0.2679816	0.2235727	0.1152559	0.0453403	0.0705616	0.4356696	0.3345661	0.2738517
-17.5000000	-8.7500000	-8.7500000	0.0000000	0.0000000	0.0000000	0.0760388	0.0654249	0.0809849	0.3506500	0.2291377	0.2210116	0.1504716	0.0795814	0.1053125	0.2787537	0.2184353	0.2004637	0.1414827	0.1168800	0.1246340	0.4131454	0.2682300	0.2213182	0.2060100	0.1079642	0.1260916	0.3501288	0.2783640	0.2208702
-17.5000000	-8.7500000	0.0000000	0.0000000	0.0000000	0.0000000	0.0772748	0.0668261	0.0822750	0.3518997	0.2308630	0.2219411	0.2144301	0.1248280	0.1517731	0.2173491	0.1763751	0.1562944	0.1471959	0.1217518	0.1279209	0.4063437	0.2649904	0.2179174	0.2946305	0.1703760	0.1805535	0.2604909	0.2176458	0.1663919
-17.5000000	-8.7500000	8.7500000	0.0000000	0.0000000	0.0000000	0.0772055	0.0674378	0.0819931	0.3508541	0.2312050	0.2213654	0.2762316	0.1694949	0.1964229	0.1544773	0.1326993	0.1108151	0.1507193	0.1244199	0.1307160	0.3975223	0.2593371	0.2145322	0.3785772	0.2297477	0.2339792	0.1712812	0.1553240	0.1124447
-17.5000000	-8.7500000	17.5000000	0.0000000	0.0000000	0.0000000	0.0765238	0.0669701	0.0810800	0.3488171	0.2302755	0.2195516	0.3370220	0.2125778	0.2397776	0.0909910	0.0882197	0.0647338	0.1535600	0.1262861	0.1323535	0.3861962	0.2532539	0.2095363	0.4583030	0.2866974	0.2850922	0.0831196	0.0942090	0.0580392
-17.5000000	0.0000000	-17.5000000	0.0000000	0.0000000	0.0000000	0.0946043	0.0798440	0.0975088	0.3659305	0.2365756	0.2278875	0.0868362	0.0319040	0.0588335	0.3763723	0.2881943	0.2705757	0.2249355	0.1734088	0.1750525	0.3364411	0.2125013	0.1718595	0.1117277	0.0415106	0.0674618	0.4510598	0.3454701	0.2802648
-17.5000000	0.0000000	-8.7500000	0.0000000	0.0000000	0.0000000	0.0965845	0.0816602	0.0996585	0.3698992	0.2407764	0.2307542	0.1593715	0.0823912	0.1113915	0.3098966	0.2438310	0.2231724	0.2326758	0.1801418	0.1790296	0.3325268	0.2121368	0.1695257	0.2048548	0.1061913	0.1237896	0.3618648	0.2872272	0.2257265
-17.5000000	0.0000000	0.0000000	0.0000000	0.0000000	0.0000000	0.0980636	0.0832783	0.1010895	0.3714196	0.2426473	0.2317412	0.2322720	0.1339280	0.1643126	0.2400716	0.1958597	0.1727501	0.2375763	0.1838765	0.1827203	0.3257719	0.2080594	0.1664335	0.2952408	0.1693972	0.1795675	0.2696868	0.2237278	0.1706344
-17.5000000	0.0000000	8.7500000	0.0000000	0.0000000	0.0000000	0.0976882	0.0839801	0.1004916	0.3702751	0.2431202	0.2310477	0.3026693	0.1850010	0.2150983	0.1681964	0.1459949	0.1206934	0.2406550	0.1867324	0.1859622	0.3183381	0.2034253	0.1635411	0.3822932	0.2306792	0.2346875	0.1783108	0.1607179	0.1159192
-17.5000000	0.0000000	17.5000000	0.0000000	0.0000000	0.0000000	0.0965908	0.0831159	0.0991742	0.3675936	0.2418443	0.2287678	0.3715223	0.2339039	0.2642780	0.0955881	0.0949553	0.0679057	0.2409945	0.1880753	0.1864889	0.3081886	0.1979946	0.1585465	0.4638827	0.2893144	0.2861796	0.0869498	0.0980417	0.0600277
-17.5000000	8.7500000	-17.5000000	0.0000000	0.0000000	0.0000000	0.1194661	0.0968454	0.1196541	0.3845654	0.2414431	0.2362363	0.0856611	0.0271344	0.0573921	0.4212939	0.3150929	0.3029077	0.3169159	0.2358011	0.2288303	0.2479953	0.1514996	0.1163065	0.1058862	0.0368411	0.0630223	0.4604058	0.3514303	0.2828552
-17.5000000	8.7500000	-8.7500000	0.0000000	0.0000000	0.0000000	0.1219399	0.1016470	0.1223785	0.3891343	0.2521250	0.2397277	0.1684870	0.0847607	0.1175589	0.3456470	0.2731748	0.2491119	0.3233769	0.2421766	0.2328158	0.2437060	0.1496511	0.1138757	0.1999172	0.1015776	0.1194093	0.3686684	0.2912987	0.2281657
-17.5000000	8.7500000	0.0000000	0.0000000	0.0000000	0.0000000	0.1239598	0.1037379	0.1242117	0.3913004	0.2544291	0.2410770	0.2521832	0.1438712	0.1781911	0.2662297	0.2185476	0.1917634	0.3288284	0.2457708	0.2378563	0.2381908	0.1463808	0.1117829	0.2927451	0.1658878	0.1770517	0.2758311	0.2273706	0.1735457
-17.5000000	8.7500000	8.7500000	0.0000000	0.0000000	0.0000000	0.1233339	0.1044551	0.1233343	0.3900342	0.2549317	0.2402477	0.3327809	0.2024342	0.2363390	0.1837805	0.1612467	0.1319253	0.3314617	0.2494269	0.2402678	0.2313656	0.1425685	0.1080350	0.3815691	0.2291055	0.2319707	0.1828456	0.1640468	0.1173501
-17.5000000	8.7500000	17.5000000	0.0000000	0.0000000	0.0000000	0.1218481	0.1034620	0.1217575	0.3869743	0.2538477	0.2377989	0.4115732	0.2588894	0.2929106	0.1004722	0.1027140	0.0713128	0.3304254	0.2499040	0.2406380	0.2228016	0.1372854	0.1037991	0.4649870	0.2883224	0.2842230	0.0898612	0.1000759	0.0613186
-17.5000000	17.5000000	-17.5000000	0.0000000	0.0000000	0.0000000	0.1505789	0.1017062	0.1470851	0.4034935	0.2128885	0.2438224	0.0829470	0.0218702	0.0547160	0.4743476	0.2963921	0.3410564	0.4054622	0.2921754	0.2798245	0.1543258	0.0872185	0.0605849	0.0980847	0.0317522	0.0580458	0.4630303	0.3485059	0.2829989
-17.5000000	17.5000000	-8.7500000	0.0000000	0.0000000	0.0000000	0.1540378	0.1266908	0.1506602	0.4093176	0.2634149	0.2481479	0.1783666	0.0866788	0.1240464	0.3883683	0.3080394	0.2798049	0.4123446	0.3029365	0.2850988	0.1496900	0.0855230	0.0579549	0.1920185	0.0962591	0.1146385	0.3714574	0.2931492	0.2291889
-17.5000000	17.5000000	0.0000000	0.0000000	0.0000000	0.0000000	0.1565853	0.1294741	0.1528132	0.4118258	0.2662750	0.2499118	0.2749229	0.1549555	0.1938950	0.2969681	0.2455023	0.2139844	0.4176959	0.3070740	0.2898287	0.1450102	0.0824424	0.0553855	0.2860398	0.1609464	0.1719854	0.2781522	0.2295846	0.1740823
-17.5000000	17.5000000	8.7500000	0.0000000	0.0000000	0.0000000	0.1561693	0.1304400	0.1522407	0.4114087	0.2671331	0.2493459	0.3687772	0.2228294	0.2615096	0.2023457	0.1795049	0.1452633	0.4195218	0.3100495	0.2926802	0.1386568	0.0788833	0.0522107	0.3754763	0.2246636	0.2277000	0.1842354	0.1653439	0.1181320
-17.5000000	17.5000000	17.5000000	0.0000000	0.0000000	0.0000000	0.1540473	0.1290406	0.1501158	0.4075122	0.2657351	0.2462208	0.4592066	0.2879270	0.3265157	0.1059238	0.1116065	0.0749865	0.4178263	0.3100476	0.2914068	0.1315739	0.0743928	0.0485208	0.4594869	0.2843079	0.2789993	0.0914916	0.1012524	0.0619518
-8.7500000	-17.5000000	-17.5000000	0.0000000	0.0000000	0.0000000	0.1127189	0.0892630	0.1030168	0.2791482	0.1803270	0.1717308	0.0882125	0.0391714	0.0601870	0.3059623	0.2335944	0.2179985	0.0716232	0.0653934	0.0761734	0.4192055	0.2744257	0.2331000	0.1108288	0.0477061	0.0684230	0.3812912	0.2932024	0.2416971
-8.7500000	-17.5000000	-8.7500000	0.0000000	0.0000000	0.0000000	0.1150750	0.0911577	0.1048727	0.2817076	0.1828658	0.1734310	0.1448267	0.0786300	0.1007729	0.2543489	0.1986391	0.1810571	0.0771935	0.0697466	0.0803907	0.4180192	0.2747010	0.2316989	0.1876938	0.1007330	0.1161454	0.3088911	0.2448752	0.1968918
-8.7500000	-17.5000000	0.0000000	0.0000000	0.0000000	0.0000000	0.1165649	0.0927958	0.1058727	0.2828603	0.1842673	0.1741182	0.2015960	0.1187910	0.1410175	0.2002793	0.1615733	0.1425559	0.0825794	0.0740366	0.0835282	0.4131056	0.2728522	0.2286602	0.2636024	0.1542075	0.1630783	0.2335192	0.1938872	0.1501503
-8.7500000	-17.5000000	8.7500000	0.0000000	0.0000000	0.0000000	0.1158829	0.0931323	0.1054556	0.2821075	0.1843204	0.1735185	0.2560162	0.1579390	0.1799554	0.1444577	0.1228323	0.1026192	0.0864763	0.0769577	0.0856855	0.4052810	0.2681212	0.2251454	0.3353700	0.2053495	0.2083266	0.1578622	0.1409788	0.1036082
-8.7500000	-17.5000000	17.5000000	0.0000000	0.0000000	0.0000000	0.1146485	0.0922847	0.1042541	0.2803590	0.1837113	0.1721503	0.3094067	0.1959271	0.2178795	0.0881046	0.0833916	0.0621178	0.0898652	0.0789672	0.0877177	0.3948492	0.2621446	0.2208814	0.4031847	0.2536167	0.2523962	0.0830455	0.0887845	0.0573653
-8.7500000	-8.7500000	-17.5000000	0.0000000	0.0000000	0.0000000	0.1362708	0.1070257	0.1225934	0.2898336	0.1859819	0.1758746	0.0893411	0.0370115	0.0605616	0.3392791	0.2594377	0.2416454	0.1471972	0.1178973	0.1235841	0.3570158	0.2300577	0.1912075	0.1086371	0.0448777	0.0665215	0.3968646	0.3041065	0.2490594
-8.7500000	-8.7500000	-8.7500000	0.0000000	0.0000000	0.0000000	0.1390869	0.1093401	0.1247378	0.2926548	0.1889092	0.1777748	0.1533142	0.0816511	0.1064055	0.2810391	0.2201306	0.1999498	0.1542215	0.1234117	0.1274676	0.3540788	0.2299011	0.1890531	0.1882217	0.1001037	0.1151351	0.3214560	0.2543040	0.2022979
-8.7500000	-8.7500000	0.0000000	0.0000000	0.0000000	0.0000000	0.1407737	0.1110904	0.1256999	0.2938927	0.1904480	0.1785382	0.2173519	0.1270019	0.1517972	0.2199922	0.1781381	0.1563435	0.1589385	0.1273827	0.1303002	0.3480788	0.2268276	0.1861385	0.2656629	0.1546741	0.1628396	0.2427915	0.2006720	0.1545966
-8.7500000	-8.7500000	8.7500000	0.0000000	0.0000000	0.0000000	0.1400039	0.1116037	0.1254465	0.2933513	0.1907524	0.1780935	0.2791804	0.1714794	0.1961153	0.1568888	0.1345097	0.1113511	0.1618962	0.1294939	0.1328685	0.3408260	0.2218250	0.1833621	0.3396080	0.2064154	0.2098890	0.1645870	0.1460778	0.1073946
-8.7500000	-8.7500000	17.5000000	0.0000000	0.0000000	0.0000000	0.1382162	0.1105299	0.1239975	0.2909304	0.1898108	0.1763031	0.3391411	0.2143465	0.2388834	0.0927336	0.0896193	0.0653317	0.1637003	0.1311716	0.1342079	0.3317248	0.2169433	0.1792275	0.4099888	0.2567987	0.2548241	0.0869478	0.0925307	0.0597154
-8.7500000	0.0000000	-17.5000000	0.0000000	0.0000000	0.0000000	0.1645324	0.1282077	0.1460481	0.2993523	0.1905055	0.1787615	0.0895189	0.0337259	0.0601785	0.3771096	0.2887435	0.2687079	0.2268854	0.1724348	0.1713473	0.2853272	0.1801613	0.1449609	0.1051831	0.0414277	0.0634838	0.4083070	0.3121263	0.2535577
-8.7500000	0.0000000	-8.7500000	0.0000000	0.0000000	0.0000000	0.1679684	0.1313235	0.1486904	0.3026083	0.1942016	0.1810713	0.1620744	0.0844873	0.1122710	0.3113571	0.2449090	0.2216932	0.2331629	0.1779486	0.1745486	0.2816984	0.1792749	0.1428996	0.1862831	0.0977525	0.1125350	0.3299559	0.2604896	0.2057760
-8.7500000	0.0000000	0.0000000	0.0000000	0.0000000	0.0000000	0.1700733	0.1332706	0.1497512	0.3043877	0.1958981	0.1820376	0.2348469	0.1359090	0.1638250	0.2425452	0.1972036	0.1722367	0.2376112	0.1814463	0.1782592	0.2761317	0.1760572	0.1405627	0.2652789	0.1531419	0.1616648	0.2498927	0.2054310	0.1580899
-8.7500000	0.0000000	8.7500000	0.0000000	0.0000000	0.0000000	0.1693117	0.1339529	0.1496576	0.3038195	0.1964803	0.1815386	0.3052211	0.1865744	0.2142962	0.1708838	0.1478367	0.1211939	0.2403110	0.1842130	0.1812478	0.2698788	0.1723542	0.1380181	0.3414825	0.2070968	0.2099959	0.1701674	0.1505861	0.1102578
-8.7500000	0.0000000	17.5000000	0.0000000	0.0000000	0.0000000	0.1670631	0.1329480	0.1481425	0.3010017	0.1953879	0.1794273	0.3732949	0.2355791	0.2630366	0.0977538	0.0967341	0.0688193	0.2408041	0.1853196	0.1818495	0.2621469	0.1678422	0.1339271	0.4138595	0.2585494	0.2553638	0.0905843	0.0957690	0.0614607
-8.7500000	8.7500000	-17.5000000	0.0000000	0.0000000	0.0000000	0.1989653	0.1530084	0.1746979	0.3080449	0.1928738	0.1802751	0.0885523	0.0290843	0.0588693	0.4214668	0.3208722	0.3005771	0.3067797	0.2269639	0.2180287	0.2073300	0.1264988	0.0963414	0.0997853	0.0373192	0.0595111	0.4155791	0.3170197	0.2555263
-8.7500000	8.7500000	-8.7500000	0.0000000	0.0000000	0.0000000	0.2031096	0.1581322	0.1779256	0.3119076	0.1986395	0.1831148	0.1713715	0.0870250	0.1184464	0.3467821	0.2739966	0.2472176	0.3121006	0.2322789	0.2216325	0.2035132	0.1246151	0.0942602	0.1814204	0.0937311	0.1087049	0.3355466	0.2641056	0.2079746
-8.7500000	8.7500000	0.0000000	0.0000000	0.0000000	0.0000000	0.2054758	0.1603401	0.1791544	0.3139477	0.2004972	0.1841743	0.2543290	0.1457292	0.1773590	0.2683186	0.2194364	0.1906642	0.3170980	0.2347795	0.2261592	0.1990992	0.1214545	0.0924285	0.2626577	0.1493857	0.1590886	0.2549414	0.2078426	0.1603476
-8.7500000	8.7500000	8.7500000	0.0000000	0.0000000	0.0000000	0.2049517	0.1612439	0.1792451	0.3133445	0.2012615	0.1835729	0.3348707	0.2037339	0.2351292	0.1866937	0.1631508	0.1324148	0.3194689	0.2385578	0.2281239	0.1931668	0.1185408	0.0891641	0.3402520	0.2050672	0.2070386	0.1738210	0.1530731	0.1111599
-8.7500000	8.7500000	17.5000000	0.0000000	0.0000000	0.0000000	0.2022933	0.1603246	0.1774759	0.3099003	0.1998360	0.1808954	0.4125067	0.2598737	0.2906791	0.1029722	0.1046642	0.0724086	0.3185880	0.2388681	0.2286777	0.1860276	0.1139854	0.0855554	0.4132032	0.2567333	0.2528195	0.0928808	0.0972011	0.0624007
-8.7500000	17.5000000	-17.5000000	0.0000000	0.0000000	0.0000000	0.2410486	0.1606418	0.2096375	0.3149654	0.1696831	0.1795891	0.0859819	0.0237703	0.0563264	0.4733440	0.3104633	0.3378160	0.3829503	0.2786915	0.2620814	0.1257370	0.0715011	0.0480295	0.0927610	0.0328262	0.0551197	0.4171258	0.3181576	0.2555678
-8.7500000	17.5000000	-8.7500000	0.0000000	0.0000000	0.0000000	0.2460815	0.1909639	0.2136882	0.3196080	0.2014446	0.1829694	0.1810244	0.0889359	0.1247106	0.3881261	0.3081727	0.2770365	0.3882373	0.2844825	0.2665173	0.1213774	0.0687755	0.0456754	0.1740353	0.0888973	0.1043734	0.3368728	0.2652129	0.2085120
-8.7500000	17.5000000	0.0000000	0.0000000	0.0000000	0.0000000	0.2486016	0.1937235	0.2153178	0.3218503	0.2037125	0.1841673	0.2760170	0.1566067	0.1925940	0.2979920	0.2456217	0.2120741	0.3931172	0.2881161	0.2707942	0.1175662	0.0661177	0.0434284	0.2558926	0.1452034	0.1544435	0.2561270	0.2099390	0.1605413
-8.7500000	17.5000000	8.7500000	0.0000000	0.0000000	0.0000000	0.2484284	0.1947827	0.2155191	0.3210488	0.2043891	0.1833474	0.3686143	0.2232334	0.2589545	0.2044690	0.1807772	0.1451344	0.3943612	0.2902927	0.2730559	0.1121209	0.0629666	0.0406456	0.3335018	0.2004718	0.2028738	0.1743637	0.1537496	0.1116684
-8.7500000	17.5000000	17.5000000	0.0000000	0.0000000	0.0000000	0.2459628	0.1942857	0.2136976	0.3175376	0.2029533	0.1803169	0.4586198	0.2883821	0.3230663	0.1085114	0.1136998	0.0761585	0.3936015	0.2907592	0.2722635	0.1063183	0.0592787	0.0375581	0.4072874	0.2528927	0.2479322	0.0940516	0.0981522	0.0628025
0.0000000	-17.5000000	-17.5000000	0.0000000	0.0000000	0.0000000	0.1662885	0.1263225	0.1397233	0.2266629	0.1444643	0.1341664	0.0900035	0.0405032	0.0610037	0.3053079	0.2335019	0.2163554	0.0885101	0.0751852	0.0832933	0.3650902	0.2384413	0.2021999	0.1045433	0.0465664	0.0645875	0.3502361	0.2680541	0.2216718
0.0000000	-17.5000000	-8.7500000	0.0000000	0.0000000	0.0000000	0.1686906	0.1286707	0.1414168	0.2287882	0.1466428	0.1355621	0.1460620	0.0799323	0.1008940	0.2538490	0.1986737	0.1796362	0.0939330	0.0795680	0.0870013	0.3632789	0.2387457	0.2006196	0.1726457	0.0937333	0.1067388	0.2858177	0.2256232	0.1817426
0.0000000	-17.5000000	0.0000000	0.0000000	0.0000000	0.0000000	0.1697349	0.1297811	0.1419582	0.2296052	0.1476166	0.1360240	0.2014876	0.1192884	0.1401063	0.2003432	0.1614444	0.1414701	0.0985594	0.0834372	0.0895300	0.3583958	0.2367581	0.1978315	0.2394958	0.1409995	0.1479986	0.2187704	0.1802865	0.1403010
0.0000000	-17.5000000	8.7500000	0.0000000	0.0000000	0.0000000	0.1695637	0.1302779	0.1421008	0.2292356	0.1479599	0.1355372	0.2558836	0.1581551	0.1787339	0.1454359	0.1234468	0.1025275	0.1018072	0.0858424	0.0916215	0.3520822	0.2327082	0.1951200	0.3033620	0.1863646	0.1884058	0.1518769	0.1333090	0.0993283
0.0000000	-17.5000000	17.5000000	0.0000000	0.0000000	0.0000000	0.1680723	0.1299417	0.1410838	0.2274059	0.1470397	0.1338780	0.3087060	0.1960365	0.2160465	0.0893106	0.0843116	0.0625332	0.1041834	0.0871548	0.0932224	0.3429553	0.2272342	0.1916478	0.3630820	0.2287106	0.2275520	0.0854354	0.0868317	0.0583660
0.0000000	-8.7500000	-17.5000000	0.0000000	0.0000000	0.0000000	0.1958564	0.1484626	0.1636369	0.2302368	0.1452666	0.1332911	0.0911144	0.0383828	0.0613374	0.3375440	0.2588391	0.2393592	0.1561732	0.1222384	0.1251984	0.3078032	0.1983086	0.1643021	0.1025161	0.0441206	0.0627753	0.3626379	0.2773629	0.2274394
0.0000000	-8.7500000	-8.7500000	0.0000000	0.0000000	0.0000000	0.1986745	0.1512871	0.1656501	0.2325938	0.1477634	0.1349175	0.1542831	0.0828808	0.1064092	0.2796389	0.2197606	0.1980184	0.1622442	0.1271296	0.1283670	0.3047574	0.1978978	0.1623386	0.1725116	0.0929231	0.1055469	0.2957475	0.2330850	0.1859870
0.0000000	-8.7500000	0.0000000	0.0000000	0.0000000	0.0000000	0.1998939	0.1526943	0.1664113	0.2335971	0.1489058	0.1354145	0.2167817	0.1274379	0.1507143	0.2194181	0.1778042	0.1550312	0.1661842	0.1303640	0.1308483	0.2996300	0.1950551	0.1597511	0.2406408	0.1408892	0.1475477	0.2264842	0.1855564	0.1439495
0.0000000	-8.7500000	8.7500000	0.0000000	0.0000000	0.0000000	0.1998873	0.1533402	0.1665749	0.2329785	0.1492545	0.1347492	0.2780939	0.1713407	0.1942352	0.1575191	0.1349235	0.1110342	0.1686698	0.1323746	0.1331994	0.2934876	0.1911241	0.1573372	0.3059495	0.1869210	0.1890530	0.1575493	0.1376419	0.1024263
0.0000000	-8.7500000	17.5000000	0.0000000	0.0000000	0.0000000	0.1985999	0.1532431	0.1655213	0.2309906	0.1482780	0.1328948	0.3381148	0.2144202	0.2364815	0.0942448	0.0907803	0.0658809	0.1701846	0.1337667	0.1346021	0.2864069	0.1868806	0.1541635	0.3686962	0.2313775	0.2292283	0.0892694	0.0903697	0.0605330
0.0000000	0.0000000	-17.5000000	0.0000000	0.0000000	0.0000000	0.2313455	0.1748221	0.1921235	0.2318440	0.1442901	0.1303407	0.0913297	0.0352121	0.0609261	0.3746528	0.2877090	0.2656346	0.2263432	0.1703240	0.1669421	0.2435364	0.1537289	0.1230154	0.0992011	0.0410349	0.0598242	0.3718450	0.2838752	0.2307946
0.0000000	0.0000000	-8.7500000	0.0000000	0.0000000	0.0000000	0.2347902	0.1785304	0.1946624	0.2345890	0.1472950	0.1323009	0.1629843	0.0856290	0.1120526	0.3092872	0.2441134	0.2191295	0.2314330	0.1746357	0.1697318	0.2401934	0.1523980	0.1212168	0.1702749	0.0903584	0.1029302	0.3026010	0.2375948	0.1887976
0.0000000	0.0000000	0.0000000	0.0000000	0.0000000	0.0000000	0.2362610	0.1803742	0.1956898	0.2357516	0.1486751	0.1327876	0.2337825	0.1363722	0.1623598	0.2411905	0.1966628	0.1704011	0.2352334	0.1779102	0.1731202	0.2352161	0.1498203	0.1192574	0.2396183	0.1392251	0.1463276	0.2321306	0.1894659	0.1468894
0.0000000	0.0000000	8.7500000	0.0000000	0.0000000	0.0000000	0.2368395	0.1813235	0.1960679	0.2353219	0.1491082	0.1321090	0.3037681	0.1863426	0.2118897	0.1713987	0.1481140	0.1206003	0.2382104	0.1804091	0.1757663	0.2307238	0.1466524	0.1169360	0.3076091	0.1868269	0.1888420	0.1626546	0.1412384	0.1047500
0.0000000	0.0000000	17.5000000	0.0000000	0.0000000	0.0000000	0.2351909	0.1811246	0.1947495	0.2325175	0.1478032	0.1299084	0.3713972	0.2351274	0.2596484	0.0993403	0.0978299	0.0693198	0.2384399	0.1814628	0.1764658	0.2239657	0.1429382	0.1136034	0.3712510	0.2323901	0.2291145	0.0925098	0.0930529	0.0619003
0.0000000	8.7500000	-17.5000000	0.0000000	0.0000000	0.0000000	0.2741149	0.2060038	0.2260467	0.2306316	0.1408554	0.1248415	0.0902929	0.0307391	0.0596012	0.4174972	0.3202694	0.2957622	0.2956016	0.2177001	0.2075325	0.1741204	0.1059978	0.0801242	0.0939993	0.0373143	0.0562139	0.3768602	0.2871709	0.2320404
0.0000000	8.7500000	-8.7500000	0.0000000	0.0000000	0.0000000	0.2784849	0.2114524	0.2295741	0.2340867	0.1445155	0.1270106	0.1720749	0.0879740	0.1177260	0.3436646	0.2722903	0.2434776	0.2999031	0.2221495	0.2105928	0.1705483	0.1041255	0.0781759	0.1651870	0.0866714	0.0993039	0.3064870	0.2404529	0.1901691
0.0000000	8.7500000	0.0000000	0.0000000	0.0000000	0.0000000	0.2803994	0.2137333	0.2310764	0.2354475	0.1462048	0.1276858	0.2528384	0.1459856	0.1753763	0.2662567	0.2183293	0.1880845	0.3046124	0.2244213	0.2146978	0.1670907	0.1014135	0.0766167	0.2367940	0.1355256	0.1436086	0.2361776	0.1912006	0.1484657
0.0000000	8.7500000	8.7500000	0.0000000	0.0000000	0.0000000	0.2808721	0.2147641	0.2313275	0.2345533	0.1464104	0.1266345	0.3321383	0.2028251	0.2315068	0.1865779	0.1627629	0.1311852	0.3065534	0.2277379	0.2164378	0.1617948	0.0989122	0.0738001	0.3047392	0.1845039	0.1857593	0.1649070	0.1430859	0.1052963
0.0000000	8.7500000	17.5000000	0.0000000	0.0000000	0.0000000	0.2790135	0.2146079	0.2297728	0.2312594	0.1448471	0.1241815	0.4091000	0.2584608	0.2859000	0.1044923	0.1054169	0.0727828	0.3062129	0.2281508	0.2173673	0.1558758	0.0951116	0.0708237	0.3692039	0.2301336	0.2264181	0.0942159	0.0941002	0.0626584
0.0000000	17.5000000	-17.5000000	0.0000000	0.0000000	0.0000000	0.3258523	0.2208182	0.2667470	0.2260823	0.1218590	0.1159788	0.0877719	0.0252368	0.0571142	0.4675043	0.3215460	0.3305140	0.3614250	0.2624754	0.2455872	0.1026918	0.0578889	0.0379627	0.0876732	0.0333118	0.0522830	0.3775308	0.2877718	0.2317868
0.0000000	17.5000000	-8.7500000	0.0000000	0.0000000	0.0000000	0.3315285	0.2512988	0.2718163	0.2301238	0.1387339	0.1180850	0.1813009	0.0896466	0.1233859	0.3838381	0.3051128	0.2715867	0.3664084	0.2673101	0.2499114	0.0990572	0.0553795	0.0360036	0.1588741	0.0823331	0.0956291	0.3077618	0.2411295	0.1908964
0.0000000	17.5000000	0.0000000	0.0000000	0.0000000	0.0000000	0.3339751	0.2542177	0.2736115	0.2315679	0.1407443	0.1187306	0.2739967	0.1562698	0.1895560	0.2951185	0.2435167	0.2079450	0.3703614	0.2705279	0.2535866	0.0956676	0.0530259	0.0339275	0.2303884	0.1316611	0.1395374	0.2368511	0.1927134	0.1486580
0.0000000	17.5000000	8.7500000	0.0000000	0.0000000	0.0000000	0.3346239	0.2554314	0.2740773	0.2304005	0.1406870	0.1174222	0.3647797	0.2215573	0.2537976	0.2038715	0.1794299	0.1429045	0.3713683	0.2724395	0.2555456	0.0909956	0.0503319	0.0315262	0.2984346	0.1801668	0.1820978	0.1651781	0.1434718	0.1057296
0.0000000	17.5000000	17.5000000	0.0000000	0.0000000	0.0000000	0.3322799	0.2554207	0.2720630	0.2264360	0.1388119	0.1148307	0.4526006	0.2852881	0.3157893	0.1097717	0.1138231	0.0763075	0.3707763	0.2729495	0.2547822	0.0861007	0.0471998	0.0288389	0.3631805	0.2262837	0.2216412	0.0949841	0.0947678	0.0628097
8.7500000	-17.5000000	-17.5000000	0.0000000	0.0000000	0.0000000	0.2166966	0.1617154	0.1740889	0.1743003	0.1082268	0.0966754	0.0907829	0.0413418	0.0610352	0.3025903	0.2318467	0.2131952	0.1011655	0.0825231	0.0880840	0.3187097	0.2083111	0.1758972	0.0986376	0.0453367	0.0609614	0.3223226	0.2463918	0.2037113
8.7500000	-17.5000000	-8.7500000	0.0000000	0.0000000	0.0000000	0.2190961	0.1642827	0.1758385	0.1759961	0.1100978	0.0978367	0.1459613	0.0803228	0.1001600	0.2515810	0.1973804	0.1770659	0.1063765	0.0865904	0.0912261	0.3165994	0.2080668	0.1742329	0.1591115	0.0873719	0.0982788	0.2650169	0.2082238	0.1679600
8.7500000	-17.5000000	0.0000000	0.0000000	0.0000000	0.0000000	0.2201515	0.1655579	0.1766875	0.1767054	0.1108518	0.0980352	0.2003351	0.1191980	0.1385669	0.1990220	0.1605706	0.1397516	0.1103799	0.0898982	0.0934155	0.3123069	0.2060872	0.1719422	0.2185355	0.1293046	0.1349044	0.2053544	0.1676714	0.1313036
8.7500000	-17.5000000	8.7500000	0.0000000	0.0000000	0.0000000	0.2204592	0.1661812	0.1767248	0.1758904	0.1108711	0.0973142	0.2537360	0.1573246	0.1761389	0.1451481	0.1231175	0.1015221	0.1126514	0.0919188	0.0952180	0.3061129	0.2026266	0.1694769	0.2745396	0.1694721	0.1706868	0.1454522	0.1260893	0.0949012
8.7500000	-17.5000000	17.5000000	0.0000000	0.0000000	0.0000000	0.2194868	0.1661700	0.1758511	0.1738945	0.1100399	0.0956984	0.3059120	0.1949166	0.2126659	0.0900278	0.0846915	0.0625035	0.1147655	0.0931512	0.0965936	0.2997174	0.1982646	0.1665494	0.3289824	0.2075943	0.2055492	0.0867598	0.0848703	0.0585424
8.7500000	-8.7500000	-17.5000000	0.0000000	0.0000000	0.0000000	0.2521966	0.1876163	0.2015393	0.1709258	0.1042168	0.0909481	0.0917905	0.0393104	0.0612876	0.3339108	0.2560399	0.2349563	0.1617188	0.1244113	0.1251563	0.2663760	0.1715483	0.1416895	0.0967406	0.0431240	0.0591715	0.3324370	0.2536758	0.2083213
8.7500000	-8.7500000	-8.7500000	0.0000000	0.0000000	0.0000000	0.2550292	0.1910252	0.2037298	0.1729196	0.1062459	0.0921419	0.1539845	0.0830884	0.1051230	0.2766267	0.2177874	0.1946046	0.1668187	0.1286779	0.1275834	0.2633792	0.1709784	0.1397580	0.1585734	0.0863357	0.0968383	0.2727779	0.2142126	0.1712524
8.7500000	-8.7500000	0.0000000	0.0000000	0.0000000	0.0000000	0.2562759	0.1925929	0.2047644	0.1734792	0.1071475	0.0923865	0.2150608	0.1270288	0.1485706	0.2174155	0.1763789	0.1524880	0.1702054	0.1314150	0.1300315	0.2589536	0.1683811	0.1376104	0.2187857	0.1287211	0.1341805	0.2115731	0.1719992	0.1342703
8.7500000	-8.7500000	8.7500000	0.0000000	0.0000000	0.0000000	0.2567650	0.1933830	0.2048698	0.1726590	0.1070390	0.0913863	0.2753079	0.1700736	0.1907215	0.1568733	0.1340410	0.1094715	0.1722700	0.1331925	0.1325169	0.2536589	0.1650222	0.1359633	0.2765919	0.1696208	0.1715207	0.1505625	0.1295516	0.0978151
8.7500000	-8.7500000	17.5000000	0.0000000	0.0000000	0.0000000	0.2553951	0.1933285	0.2037816	0.1701604	0.1058738	0.0896486	0.3336590	0.2122194	0.2317584	0.0946780	0.0906817	0.0656089	0.1735246	0.1343236	0.1334488	0.2477831	0.1612891	0.1328904	0.3323821	0.2089743	0.2067533	0.0901760	0.0876275	0.0604840
8.7500000	0.0000000	-17.5000000	0.0000000	0.0000000	0.0000000	0.2939734	0.2179660	0.2335712	0.1644226	0.0979037	0.0825451	0.0918618	0.0363100	0.0608035	0.3693342	0.2833819	0.2593848	0.2233783	0.1668503	0.1617572	0.2084857	0.1314832	0.1047141	0.0933959	0.0402944	0.0563497	0.3395347	0.2588136	0.2107264
8.7500000	0.0000000	-8.7500000	0.0000000	0.0000000	0.0000000	0.2975825	0.2227595	0.2367607	0.1667882	0.0998975	0.0836146	0.1620848	0.0855585	0.1102373	0.3051855	0.2410289	0.2143325	0.2276426	0.1701473	0.1643431	0.2054907	0.1299056	0.1031862	0.1560276	0.0836107	0.0944498	0.2782504	0.2172758	0.1737792
8.7500000	0.0000000	0.0000000	0.0000000	0.0000000	0.0000000	0.2994233	0.2246562	0.2378923	0.1674244	0.1009502	0.0837079	0.2314454	0.1353026	0.1592485	0.2383692	0.1943033	0.1666022	0.2311890	0.1730601	0.1674488	0.2013870	0.1277061	0.1015543	0.2174916	0.1267783	0.1329785	0.2162701	0.1748559	0.1367802
8.7500000	0.0000000	8.7500000	0.0000000	0.0000000	0.0000000	0.2998994	0.2256823	0.2382148	0.1663249	0.1006622	0.0826802	0.2993535	0.1841295	0.2069583	0.1698811	0.1462447	0.1182222	0.2337307	0.1755629	0.1696631	0.1973199	0.1251202	0.0993258	0.2774461	0.1690864	0.1704217	0.1548178	0.1325040	0.0993643
8.7500000	0.0000000	17.5000000	0.0000000	0.0000000	0.0000000	0.2983330	0.2257823	0.2369462	0.1634434	0.0992641	0.0809166	0.3652943	0.2317977	0.2532621	0.0995199	0.0972892	0.0688961	0.2338980	0.1764213	0.1703278	0.1916508	0.1218119	0.0964445	0.3339311	0.2093475	0.2060896	0.0928545	0.0898285	0.0615353
8.7500000	8.7500000	-17.5000000	0.0000000	0.0000000	0.0000000	0.3436615	0.2540518	0.2717881	0.1541429	0.0887819	0.0710515	0.0908624	0.0321094	0.0595732	0.4099890	0.3148848	0.2876996	0.2841833	0.2083882	0.1975197	0.1468342	0.0890919	0.0668476	0.0886127	0.0369433	0.0531347	0.3434456	0.2612547	0.2117798
8.7500000	8.7500000	-8.7500000	0.0000000	0.0000000	0.0000000	0.3484761	0.2604997	0.2761018	0.1564473	0.0903510	0.0717805	0.1702218	0.0876376	0.1154338	0.3378689	0.2675284	0.2370251	0.2873818	0.2119367	0.2002798	0.1433644	0.0871370	0.0650847	0.1509494	0.0802519	0.0911931	0.2809089	0.2195791	0.1748093
8.7500000	8.7500000	0.0000000	0.0000000	0.0000000	0.0000000	0.3504670	0.2627621	0.2772470	0.1570734	0.0911188	0.0716418	0.2491503	0.1438346	0.1707501	0.2616280	0.2144045	0.1827808	0.2915398	0.2140716	0.2036926	0.1405410	0.0849243	0.0636336	0.2141383	0.1234253	0.1301866	0.2190956	0.1763867	0.1378262
8.7500000	8.7500000	8.7500000	0.0000000	0.0000000	0.0000000	0.3512935	0.2642418	0.2775647	0.1554918	0.0908910	0.0704700	0.3260571	0.1995504	0.2247649	0.1840202	0.1599867	0.1279440	0.2934920	0.2170922	0.2053427	0.1360348	0.0827535	0.0612391	0.2743269	0.1667380	0.1675557	0.1563800	0.1339608	0.0997669
8.7500000	8.7500000	17.5000000	0.0000000	0.0000000	0.0000000	0.3494200	0.2643546	0.2761814	0.1525093	0.0893667	0.0689353	0.4007888	0.2536510	0.2775837	0.1044653	0.1044953	0.0722297	0.2933726	0.2174294	0.2061926	0.1309663	0.0795099	0.0587054	0.3313545	0.2071051	0.2035417	0.0941938	0.0907047	0.0621585
8.7500000	17.5000000	-17.5000000	0.0000000	0.0000000	0.0000000	0.4020375	0.2807505	0.3171675	0.1387483	0.0716868	0.0555074	0.0882158	0.0265140	0.0572832	0.4558883	0.3302166	0.3202304	0.3412235	0.2472131	0.2303959	0.0840283	0.0467921	0.0298397	0.0828790	0.0333333	0.0495584	0.3433618	0.2613222	0.2111470
8.7500000	17.5000000	-8.7500000	0.0000000	0.0000000	0.0000000	0.4087598	0.3051193	0.3229582	0.1405554	0.0768811	0.0556719	0.1782637	0.0889931	0.1206152	0.3745062	0.2977073	0.2630090	0.3452832	0.2511975	0.2342097	0.0807697	0.0445321	0.0281513	0.1453532	0.0764054	0.0877866	0.2817642	0.2200277	0.1751251
8.7500000	17.5000000	0.0000000	0.0000000	0.0000000	0.0000000	0.4112322	0.3084381	0.3244458	0.1408612	0.0774504	0.0552729	0.2679160	0.1530518	0.1835423	0.2877214	0.2376229	0.2012578	0.3486087	0.2541965	0.2373638	0.0777521	0.0424565	0.0262346	0.2081216	0.1198910	0.1264233	0.2193370	0.1775022	0.1377906
8.7500000	17.5000000	8.7500000	0.0000000	0.0000000	0.0000000	0.4124664	0.3099492	0.3245999	0.1393061	0.0768899	0.0541865	0.3557211	0.2162893	0.2449962	0.1996562	0.1753818	0.1389163	0.3496436	0.2559965	0.2391554	0.0738219	0.0401551	0.0241668	0.2682548	0.1627509	0.1640315	0.1563463	0.1341910	0.0999703
8.7500000	17.5000000	17.5000000	0.0000000	0.0000000	0.0000000	0.4101305	0.3100198	0.3229737	0.1362985	0.0754896	0.0527842	0.4406448	0.2780344	0.3052618	0.1094246	0.1123221	0.0756516	0.3491263	0.2562888	0.2385293	0.0696435	0.0373826	0.0218325	0.3253017	0.2033486	0.1989736	0.0946379	0.0911427	0.0621331
17.5000000	-17.5000000	-17.5000000	0.0000000	0.0000000	0.0000000	0.2637653	0.1941527	0.2051650	0.1221158	0.0722838	0.0599413	0.0905442	0.0417736	0.0604904	0.2977175	0.2279121	0.2080554	0.1105480	0.0877324	0.0911932	0.2790119	0.1823197	0.1535413	0.0931373	0.0439790	0.0575958	0.2974212	0.2268885	0.1877639
17.5000000	-17.5000000	-8.7500000	0.0000000	0.0000000	0.0000000	0.2662489	0.1974850	0.2070877	0.1234965	0.0733887	0.0604901	0.1444839	0.0797768	0.0981814	0.2477064	0.1944193	0.1729111	0.1152640	0.0914467	0.0937793	0.2768014	0.1819294	0.1519313	0.1470530	0.0815794	0.0907639	0.2460702	0.1926541	0.1556566
17.5000000	-17.5000000	0.0000000	0.0000000	0.0000000	0.0000000	0.2676385	0.1987737	0.2078736	0.1236432	0.0738946	0.0603486	0.1976745	0.1178017	0.1354712	0.1961075	0.1582333	0.1363150	0.1184546	0.0941285	0.0957107	0.2727690	0.1799379	0.1500047	0.1996585	0.1187935	0.1234218	0.1926663	0.1561682	0.1230688
17.5000000	-17.5000000	8.7500000	0.0000000	0.0000000	0.0000000	0.2680288	0.1996363	0.2081079	0.1226250	0.0735387	0.0594981	0.2497369	0.1552364	0.1718216	0.1434513	0.1213271	0.0993747	0.1206470	0.0958588	0.0973953	0.2678959	0.1769473	0.1478928	0.2501494	0.1545883	0.1553845	0.1395217	0.1191324	0.0907201
17.5000000	-17.5000000	17.5000000	0.0000000	0.0000000	0.0000000	0.2669725	0.1997675	0.2071725	0.1204905	0.0725095	0.0583054	0.3003839	0.1917820	0.2072375	0.0896400	0.0838945	0.0618372	0.1219804	0.0969134	0.0986472	0.2620992	0.1732439	0.1453700	0.2983405	0.1887221	0.1865884	0.0868988	0.0823793	0.0582856
17.5000000	-8.7500000	-17.5000000	0.0000000	0.0000000	0.0000000	0.3034535	0.2229709	0.2351819	0.1121053	0.0640227	0.0500829	0.0912930	0.0398323	0.0606364	0.3268346	0.2506655	0.2283399	0.1646663	0.1250273	0.1238899	0.2313138	0.1489129	0.1225175	0.0913192	0.0419544	0.0557309	0.3056504	0.2327505	0.1912682
17.5000000	-8.7500000	-8.7500000	0.0000000	0.0000000	0.0000000	0.3066318	0.2273570	0.2379237	0.1133268	0.0648143	0.0504469	0.1514924	0.0822600	0.1028560	0.2711124	0.2135010	0.1893224	0.1689362	0.1287078	0.1261656	0.2286420	0.1482349	0.1209919	0.1461961	0.0803458	0.0893128	0.2524416	0.1974079	0.1585265
17.5000000	-8.7500000	0.0000000	0.0000000	0.0000000	0.0000000	0.3082686	0.2288548	0.2386705	0.1134886	0.0651733	0.0501404	0.2114045	0.1248050	0.1445073	0.2130592	0.1728706	0.1481597	0.1718298	0.1310662	0.1283753	0.2246534	0.1459074	0.1191044	0.1996412	0.1180037	0.1226138	0.1979401	0.1598109	0.1256009
17.5000000	-8.7500000	8.7500000	0.0000000	0.0000000	0.0000000	0.3088380	0.2298660	0.2386845	0.1122055	0.0647660	0.0492423	0.2696151	0.1667922	0.1850670	0.1541761	0.1315124	0.1067412	0.1736439	0.1327128	0.1306693	0.2200802	0.1430489	0.1176480	0.2510374	0.1545393	0.1559361	0.1438073	0.1220921	0.0931573
17.5000000	-8.7500000	17.5000000	0.0000000	0.0000000	0.0000000	0.3075577	0.2300341	0.2377573	0.1100483	0.0636829	0.0482692	0.3263181	0.2078080	0.2250677	0.0940645	0.0895930	0.0648604	0.1750628	0.1340240	0.1313917	0.2156784	0.1403193	0.1149531	0.3016005	0.1902096	0.1872716	0.0902908	0.0850412	0.0598902
17.5000000	0.0000000	-17.5000000	0.0000000	0.0000000	0.0000000	0.3495739	0.2567802	0.2704297	0.0983998	0.0530402	0.0374225	0.0911777	0.0370195	0.0603000	0.3595735	0.2766090	0.2515697	0.2189768	0.1625983	0.1562622	0.1791314	0.1128237	0.0894778	0.0879601	0.0393428	0.0531295	0.3111312	0.2367825	0.1931618
17.5000000	0.0000000	-8.7500000	0.0000000	0.0000000	0.0000000	0.3537378	0.2622534	0.2740294	0.0993287	0.0534271	0.0373284	0.1587194	0.0844824	0.1076480	0.2972119	0.2351064	0.2078398	0.2222944	0.1653135	0.1583365	0.1762372	0.1112291	0.0879469	0.1432300	0.0776435	0.0867777	0.2563505	0.1996467	0.1601453
17.5000000	0.0000000	0.0000000	0.0000000	0.0000000	0.0000000	0.3555593	0.2643057	0.2749039	0.0992383	0.0536356	0.0368815	0.2257223	0.1323525	0.1544119	0.2320095	0.1895464	0.1615584	0.2257678	0.1677652	0.1614982	0.1728923	0.1092660	0.0867496	0.1980174	0.1159186	0.1213015	0.2017261	0.1619040	0.1276314
17.5000000	0.0000000	8.7500000	0.0000000	0.0000000	0.0000000	0.3562878	0.2652370	0.2746707	0.0978491	0.0530374	0.0360730	0.2911996	0.1794416	0.1999764	0.1659192	0.1428246	0.1149872	0.2280218	0.1702299	0.1633168	0.1692879	0.1071500	0.0846304	0.2512296	0.1536932	0.1544430	0.1471874	0.1245128	0.0942267
17.5000000	0.0000000	17.5000000	0.0000000	0.0000000	0.0000000	0.3547638	0.2653370	0.2736105	0.0959231	0.0521180	0.0351490	0.3551221	0.2256869	0.2450124	0.0985840	0.0957766	0.0679963	0.2279380	0.1709131	0.1639611	0.1643392	0.1041734	0.0821233	0.3012721	0.1894229	0.1861774	0.0921348	0.0865138	0.0606788
17.5000000	8.7500000	-17.5000000	0.0000000	0.0000000	0.0000000	0.4032301	0.2961354	0.3110439	0.0802731	0.0387881	0.0217340	0.0899770	0.0330115	0.0592037	0.3965302	0.3060395	0.2779266	0.2720191	0.1987360	0.1874606	0.1239288	0.0749386	0.0557817	0.0834133	0.0362505	0.0501481	0.3134874	0.2380741	0.1935883
17.5000000	8.7500000	-8.7500000	0.0000000	0.0000000	0.0000000	0.4090694	0.3030223	0.3154972	0.0807424	0.0387157	0.0213112	0.1659154	0.0862482	0.1124336	0.3270120	0.2597353	0.2288558	0.2750419	0.2019257	0.1901543	0.1209734	0.0731165	0.0542701	0.1385688	0.0745225	0.0839425	0.2584646	0.2012159	0.1610558
17.5000000	8.7500000	0.0000000	0.0000000	0.0000000	0.0000000	0.4109573	0.3060078	0.3164933	0.0803549	0.0384871	0.0207350	0.2413012	0.1403341	0.1651593	0.2531986	0.2084792	0.1766192	0.2786363	0.2041687	0.1930979	0.1185062	0.0713608	0.0529412	0.1944639	0.1129151	0.1184511	0.2037307	0.1633490	0.1282070
17.5000000	8.7500000	8.7500000	0.0000000	0.0000000	0.0000000	0.4117877	0.3070053	0.3157510	0.0790004	0.0378261	0.0200137	0.3151252	0.1935054	0.2163935	0.1789099	0.1556730	0.1239610	0.2799201	0.2065419	0.1945469	0.1144765	0.0693111	0.0508410	0.2475288	0.1511434	0.1516226	0.1479434	0.1254803	0.0944304
17.5000000	8.7500000	17.5000000	0.0000000	0.0000000	0.0000000	0.4105992	0.3070782	0.3143899	0.0773649	0.0370152	0.0191543	0.3879369	0.2459217	0.2670549	0.1033267	0.1025469	0.0711237	0.2803809	0.2069074	0.1954374	0.1102238	0.0665687	0.0486889	0.2984949	0.1870910	0.1836859	0.0932153	0.0871797	0.0611655
17.5000000	17.5000000	-17.5000000	0.0000000	0.0000000	0.0000000	0.4663699	0.3358445	0.3415100	0.0570135	0.0209179	0.0076706	0.0875273	0.0274762	0.0552276	0.4391120	0.3337004	0.2985323	0.3218419	0.2327179	0.2161179	0.0687091	0.0376660	0.0232184	0.0782744	0.0330000	0.0469207	0.3131804	0.2379737	0.1928447
17.5000000	17.5000000	-8.7500000	0.0000000	0.0000000	0.0000000	0.4738362	0.3494380	0.3416088	0.0567286	0.0209602	0.0073749	0.1731278	0.0873467	0.1118801	0.3608231	0.2876725	0.2417520	0.3250637	0.2360852	0.2196888	0.0657812	0.0356699	0.0217337	0.1332821	0.0710170	0.0808097	0.2585279	0.2013781	0.1611163
17.5000000	17.5000000	0.0000000	0.0000000	0.0000000	0.0000000	0.4761125	0.3533845	0.3382974	0.0559293	0.0204755	0.0070227	0.2581894	0.1486496	0.1670191	0.2773191	0.2299131	0.1829620	0.3284231	0.2391203	0.2225024	0.0631975	0.0338691	0.0200159	0.1889400	0.1096180	0.1150321	0.2036803	0.1640526	0.1280456
17.5000000	17.5000000	8.7500000	0.0000000	0.0000000	0.0000000	0.4766350	0.3542604	0.3334153	0.0546080	0.0198167	0.0066581	0.3415738	0.2087999	0.2194845	0.1932069	0.1700189	0.1252322	0.3294558	0.2406314	0.2239526	0.0598533	0.0318420	0.0182445	0.2422820	0.1475593	0.1483139	0.1480598	0.1256351	0.0945019
17.5000000	17.5000000	17.5000000	0.0000000	0.0000000	0.0000000	0.4754225	0.3538613	0.3289775	0.0530370	0.0190894	0.0062804	0.4241053	0.2679572	0.2710838	0.1079622	0.1097730	0.0688195	0.3287655	0.2408832	0.2236891	0.0561809	0.0293905	0.0162426	0.2926165	0.1835635	0.1795578	0.0933973	0.0874530	0.0610517
