T 8 matrix 2 4 4
-0.8575945206899447	-0.03828888243920332	-0.5129004196279331	103590.3523635464
-0.5122573721528562	-0.02578912222487821	0.8584449452417043	-179647.7073824868
-0.04609617408523167	0.9989336541339632	0.002502794158927546	-591.793307389971
0	0	0	1
-0.8656209956978692	0.02427412914906172	0.5001094110860845	-103824.8665560147
0.5006404362029965	0.0267210268234405	0.8652427288750175	-180054.4048247454
0.007639656835696517	0.9993484989145203	-0.03528301353651606	591.7933073899716
0	0	0	1
K 8 matrix 2 4 4
4961.929240930127	0	0	-541.455050401088
0	5000	0	-113.2339042836364
0	0	5000	35222.29393130201
0	0	0	1
4959.534286252423	0	0	45.61699562156659
0	5000	0	1241.790635187386
0	0	5000	35182.08851827059
0	0	0	1
S 140 matrix 2 2 35 35
-9.221486559067557	-12.3794302324163	-15.31199885476883	-17.83593023516056	-19.72443924160923	-20.86032901307307	-21.34476767488789	-21.35772143806339	-20.96215509085124	-20.0947824505666	-18.68088536632658	-16.73243013431983	-14.38436605443263	-11.86366455046453	-9.395080744765266	-7.095796110166532	-4.946895442125481	-2.867015078680538	-0.829880363582447	1.065590887954613	2.643286575398975	3.779765797451546	4.487072910503798	4.875242856307978	5.016885177346467	4.805358566960422	3.930006706901622	1.991504662089824	-1.344959985583273	-6.240593297811415	-12.62718382692276	-20.22628712043297	-28.67569808050712	-37.67521810808614	-47.03661431974138
-7.675121038333998	-11.07188584983058	-14.33009888888748	-17.22684237444841	-19.33711350904082	-20.38642334922672	-20.66276552378051	-20.59889326340085	-20.26054470436865	-19.44191878927313	-17.95367868916482	-15.77097705303137	-13.07988974622981	-10.24024987960729	-7.621792780917076	-5.378446989525855	-3.392061660997797	-1.424184305174833	0.6543639821800298	2.698907659623501	4.377937586729559	5.474363521939495	6.054362266362773	6.399530191649319	6.762718498030949	7.060269444135997	6.81372414236148	5.407150336069549	2.350701333916845	-2.597939765093202	-9.352697308623874	-17.46280489416608	-26.35899513934407	-35.66237905339403	-45.20161179257843
-5.910033626493544	-9.501765456544376	-13.08652429709431	-16.52764541368458	-19.04104937216417	-19.7921338186068	-19.60582116927697	-19.48635176791674	-19.35065242273615	-18.68760106369378	-17.15964994113334	-14.69755457680836	-11.55203063324228	-8.286044568740977	-5.54701239394285	-3.541387814316806	-1.969272481962491	-0.329689389234602	1.714058737289975	3.957357471013552	5.732901766259374	6.662452333366218	6.892704622978954	6.962876314027767	7.480641988677576	8.424883771358623	8.99165352403179	8.246217745267018	5.547381094182583	0.5612587299307279	-6.696952809235427	-15.48540755671718	-24.84849265527237	-34.38982178791071	-44.02907554309002
-3.90744638985359	-7.621026162958117	-11.40622049637582	-15.46737437562933	-18.9408056855759	-18.91348576163023	-17.91730086403933	-17.92482992894234	-18.16639435210452	-17.7252248335212	-16.16573353798002	-13.35656572881251	-9.645362691935475	-5.807187823848807	-3.023834615862484	-1.476437617369868	-0.6004319568162941	0.422286044937664	2.256018185671678	4.782751768181015	6.599776435432545	7.252110633280722	6.952619023052421	6.458671322480996	7.022515386540363	8.785919109767292	10.28425765729287	10.2122571158792	7.89456920662451	3.00693396367069	-4.854195547965446	-14.49713641201936	-24.19701460651675	-33.84107549333032	-43.48247667986016
-1.682140613204297	-5.489273445428921	-9.444618255813737	-13.77273292857748	-17.99597263621766	-17.47275966567926	-16.01184360850226	-16.10745958175829	-16.56607486010385	-16.29852039665641	-14.65921709764422	-11.35174532126096	-7.01522993989613	-2.801976694400707	-0.2095280778667359	0.8090504755529082	0.993890839137805	1.225579128291315	2.434293547658854	4.837335186547648	6.41924954435342	6.838936290535912	6.225826719907332	5.200803038637332	5.7237728517905	8.173387803699939	10.33419751234771	10.67268115823754	8.616244097110666	3.95900792995019	-4.180765014692838	-14.35886467838327	-24.23198179947451	-33.89732732936386	-43.46920453068481
0.7761761783640395	-3.061423771084606	-7.190948125196883	-11.59902644655591	-14.90941485683143	-15.36056476546176	-14.38294660809106	-14.18388489271825	-14.51183275600835	-14.21709826792451	-12.36878746580631	-8.445595051904952	-3.521792603978199	0.390706314914155	2.476786116501387	3.022501944970486	2.883178522596097	2.348584064180898	2.620418014676602	4.143058827456571	5.225912039965749	5.408793372178479	4.95353604577474	3.616655214200023	4.029832292491165	6.708215689797612	8.902557762737956	9.344487822553333	7.470948650126275	3.192732354339682	-4.709637384327493	-14.79588695335974	-24.78607731343971	-34.42121123124798	-43.87143251406803
3.474010682569997	-0.1863644766026482	-4.073132463191314	-8.071728008849561	-11.43791253726414	-12.55782837237982	-12.05638459373708	-12.19051219829368	-12.43290791630005	-11.59735639077056	-9.051122584853886	-4.875249400705833	-0.21907146301767	3.202182179638285	4.660712613528034	4.705531587354983	4.301442350609023	3.314186806809062	2.995666630638084	4.000074787637175	4.547126554505326	4.253817154181547	3.307658856923581	1.860685926402425	2.092829027718949	4.369369265493106	6.137399572624531	6.81840908848244	5.855284070686366	2.032077304770041	-5.809717058125216	-15.98372342361324	-25.81451008057218	-35.28744989251834	-44.5675395457904
6.29024488533446	2.970455265740384	-0.4679305686145767	-4.082585543935466	-7.689893660748339	-9.294564210287092	-9.16347751836264	-9.896285099391889	-10.17281265860888	-8.740110767085497	-5.622562312037047	-1.617458567519989	2.32081894682733	5.117554147312134	6.11130297022568	5.820907878513737	5.20918968123479	4.020591281679231	3.51417423639316	4.366696406120184	4.57232461052962	3.791942270198206	2.204315180971548	0.07209853543270128	-0.3003649696420894	1.638838091346486	3.334818465868125	4.34878277938293	3.934647956252888	0.469813420418177	-7.178516788459092	-17.26994907310655	-26.98022508586746	-36.33520039916994	-45.44097782841811
8.984208977494973	6.01570159803606	2.997585947626078	-0.2815542846823291	-3.974900616903426	-5.972446390447317	-6.187532869770678	-7.572138726821066	-7.846574120598177	-5.953565113597279	-2.698667547716042	0.8793808005470822	4.016155069563723	6.315590930653443	7.132686455119554	6.827137118039644	5.929885905183681	4.684704947685674	4.160876489265888	4.847279976930338	4.797600756141151	3.663984745019832	1.698078429872226	-1.50435007805919	-2.713532015258124	-0.9314834738500508	1.430585575568841	2.644188384321467	1.847961257927921	-1.599543530324752	-8.83079103255227	-18.44990288473019	-28.24034649164963	-37.50541753482582	-46.40474724496244
11.31324772017769	8.589158554846733	5.880674388930288	2.877332203993319	-0.6698868678350891	-3.08548082603636	-4.228730744195843	-5.653573806791741	-5.620794097963398	-3.414953600015252	-0.3498279106586892	3.015621860424361	6.087592980640608	8.025430441064003	8.629343945342413	8.19135061014326	7.299478695324865	5.614330250394204	4.647283331766545	5.134189597062743	4.346574344886449	2.531726808379403	0.2709378138401917	-2.780720215375823	-4.083724585440109	-2.541139337374034	0.07587411566868241	1.225556545548557	0.01139384715037295	-3.50257127564629	-10.80461601631822	-20.47381412819021	-29.87726295162361	-38.78345013351969	-47.36619833360135
13.13297086492378	10.47445378113764	7.871855145925736	5.032796767646346	1.621357793747166	-0.9010354744345932	-2.263130701180273	-3.499125063890801	-2.945746602980393	-0.3298708008289282	2.58494717862402	5.744953138567738	8.861341539295196	10.95597722445402	11.53744538365152	10.65902035645075	8.912387148519514	6.12520492022287	3.960604830898944	3.32479952713004	1.675868815570993	-0.5591805564267816	-2.818210801734779	-5.396673733523926	-6.188862216275652	-4.317304820628067	-1.467912075422476	-0.3966022885137477	-1.819446345074027	-5.281445986154381	-12.69877393323839	-22.44782536411236	-31.47549590319642	-39.9393417744609	-48.16157391816245
14.45315134444383	11.68708323241293	8.989297903829879	6.191302672239658	3.050522272063859	0.9446925150485299	0.1477473004744638	-0.7038549306453774	0.3934383322331883	3.535798157565353	6.321040672508104	9.297524842441348	12.30067628473861	14.77767096018167	15.18146675757654	13.66445474965134	10.21840270189216	6.156404770544299	2.48584352388383	-0.3201952408981015	-2.940603467384307	-5.400940926657995	-7.530840429116438	-9.691174435211963	-9.78556101121535	-7.036825515555051	-3.796149624447594	-2.595992649080245	-3.926305074991205	-6.995516304087062	-14.24821730188296	-23.87447573762887	-32.548854511603	-40.6611216224735	-48.59860997613083
15.4291538069628	12.46745182249754	9.598091087058265	6.828499267216671	4.380770692176839	3.066027018471516	2.779436109613755	2.433697497298283	3.938085407499528	7.237164545780644	9.891389567156921	13.1052702550594	16.57940910501419	18.1411501367115	17.43427456915421	14.92577690778286	11.3534545148276	6.601448494012189	1.825386170594669	-2.312115988871852	-7.209563080912744	-10.89921584901077	-12.4535250810606	-14.38878517203068	-14.04152609411017	-10.68078214723434	-6.946593666579133	-5.297607363423595	-6.125144912439509	-8.730731240076977	-15.43457065591554	-24.55678997054577	-32.87514998874747	-40.75678727529697	-48.55492462355187
16.28853762426422	13.14857099368732	10.15503252613218	7.514912009127556	5.67988606074158	5.097068307571419	5.442048803715068	5.848999395036344	7.732019533042262	10.9226093862053	13.48534603312709	16.84031256587596	20.16087941402066	20.43971027955536	18.82489202115139	16.24524856905769	12.68318040940454	7.440690739811828	1.707742483049103	-3.61668302599864	-9.936779670692829	-15.04934233114869	-17.52227048745434	-19.12772121450746	-18.31824687093359	-14.68153602132924	-10.22905052276124	-7.791774982361034	-7.973632097458875	-10.0414302453043	-15.91599755021076	-24.2645300336867	-32.35400529937195	-40.21258857764929	-48.03984803904382
17.23853682737877	14.01342311179616	10.99072737592735	8.469535897231594	7.037562952082851	6.971087589323986	7.948171898842645	9.213777836633653	11.4605524132902	14.47914078721661	16.91275174773895	19.97186559155406	22.68480879481493	21.65423037389965	19.84792398529936	17.82956334856031	14.06304147932912	8.226096587590106	1.512344410975487	-4.880144591463136	-11.73643741312398	-17.95287910706475	-22.25738330281021	-23.4934497777017	-22.22247109795495	-18.61907183457296	-13.34089049727589	-9.990329777448238	-9.480084063835193	-10.91019085590108	-15.84686045775587	-23.34207580953995	-31.28955424711521	-39.24852577959132	-47.2046003122731
18.39636121574267	15.21604517875716	12.2923220604784	9.907122942528531	8.662144664085133	8.863859475538561	10.25416800382993	12.05638097835231	14.52735279031251	17.48224924343876	20.02119768154077	22.40141692616317	23.71616600760453	22.53837008633711	20.73538588709323	18.64136334147952	14.62547764298741	8.56495766043885	1.293161622311104	-6.274876333499279	-13.68297864593748	-20.66020855970956	-25.77901958178083	-26.95912540921009	-25.40737176264916	-21.81045768654808	-16.17023359767509	-12.19852588477822	-10.86208037343501	-11.59488406784476	-15.66222338311277	-22.46435118915269	-30.20001536890581	-38.20600641559267	-46.27609167134747
19.7535431658423	16.73285469564172	14.05928742111792	11.93726543243594	10.71384548131255	10.93116745417217	12.44849673822523	14.32209194915248	16.79932005667286	19.94699932026015	22.88029377036096	24.84236065109914	25.08103732320021	23.58575106694326	21.39366927930649	18.71203032449468	14.59759877067135	8.615548670805353	1.320266776086115	-6.710874665555139	-15.06010920708953	-22.84572478171769	-28.22627739118754	-29.3277916126853	-27.17747243270648	-23.01552401783269	-17.78492342981883	-13.93486944760053	-12.0876623319912	-11.95903154921254	-15.33734688065783	-21.76567072393161	-29.36321748353018	-37.34954249424422	-45.45511477063891
21.18753585701398	18.3467769361414	15.94356088742796	14.10459916569226	12.8574073209864	12.97439426027199	14.46211490999372	16.10928324015742	18.27019232752122	21.46294702425431	25.05141294050128	27.12667963305719	26.57484786074268	24.40494369781858	21.44322327045769	18.09228638104618	13.94869798594384	7.991514992210597	1.031982031366276	-6.88489570490605	-15.81124166814064	-24.12715593606792	-29.60572364486288	-30.45456066555808	-27.49173940113852	-22.60854330002795	-17.9432736582899	-14.58795857861945	-12.63669137400053	-11.90103301591672	-15.03388457019908	-21.43044936027339	-28.92568172494239	-36.81170608254047	-44.85492881184231
22.53728538240887	19.77878868524061	17.47593145761039	15.73788459259947	14.53558735645459	14.65375935274693	16.04425780394465	17.50406894976587	19.09057003965583	21.67713339552535	26.07974391627451	28.67946917191551	27.71146872052334	24.4427825614066	20.71989487211144	17.03680169839515	12.84412497645302	6.854520313326418	-0.06547823446504708	-7.765841691199938	-16.21669696664566	-24.29477229545238	-29.76321507095446	-30.24313978145807	-26.59101975867149	-21.25935830602181	-17.00003935309002	-14.01537613233714	-12.07748017686237	-11.5499291477508	-14.93893086262076	-21.51982115823645	-28.86391745079814	-36.5823315711575	-44.48610175286085
23.69595956272224	20.87424515749558	18.43288821104557	16.48648809644436	15.29201830752206	15.53239273720953	17.00654664900921	18.27025006135332	19.32349145848062	21.58551461501219	26.33022699694902	29.35031915659864	28.16940881999815	24.44020227098665	20.24195882701447	16.12320628666662	11.28106880661348	5.32023442561043	-1.404634256806638	-8.61036481674526	-16.21445114788948	-23.60184182771888	-28.65744388703651	-28.4428338488576	-24.33047357255524	-19.15186331102142	-15.35883427641811	-12.76340395406189	-11.07318578672734	-11.06123939591652	-14.84861238641234	-21.58759406124216	-28.96696105914992	-36.54503264268216	-44.27835764548846
24.64473767681079	21.65407621667112	18.93384228458262	16.59837023777223	15.05966553438211	15.18968063190542	16.80539587529125	18.0260139937792	18.8201189184291	20.7361808021744	25.51613413775669	28.90509161082206	28.07143714806857	24.28828529461123	19.82704129177246	15.23392970547344	9.565333263294548	3.392530416815689	-3.002358376685628	-9.545487272548442	-15.98363140145347	-22.06587717740324	-26.22639225207841	-25.41727561149327	-21.2918102230429	-16.41615342630444	-13.01279244439627	-10.80718425376244	-9.688540766382957	-10.41835263500161	-14.81604538335902	-21.80659219951819	-29.14506547951766	-36.56166653804981	-44.11906272867245
25.41845906335414	22.20794499065278	19.15700068257013	16.36801745037516	14.02903617796935	13.61021609089977	15.21804263567691	16.51301779263542	17.32737567430527	19.00763076067344	23.31452935961899	27.02766661726167	27.33680412158543	23.6250658545043	19.04224399747578	14.22097718922275	7.921347871384668	1.632650990533627	-4.435727864104408	-10.43813692585593	-15.56577703460877	-19.83405837325484	-22.44505231280532	-21.59129856539322	-18.01244101923252	-13.46789494908377	-10.05312650374355	-8.141734564915247	-7.836047647629954	-9.589037328153722	-14.70719699266117	-22.00558005799147	-29.18439388619012	-36.45428663613654	-43.88012633548085
26.06504089236103	22.61864212686595	19.17883564478939	15.73720417147084	12.59803227464735	11.48195819723708	12.69038606305301	13.87354425525641	14.75523275843767	16.47166352189596	20.14451975775351	23.98638807941427	25.22709406133296	22.15199195785633	17.69463372191036	12.71945527203124	6.372118301623971	0.3929848370395703	-5.039605815030285	-10.26641857544452	-14.54119339455866	-17.25921308984921	-18.10451681778729	-17.36400119228486	-14.52959998854826	-10.48730895227865	-7.045466736955341	-5.370195840443643	-5.75624666444584	-8.342487000495851	-13.93240569459272	-21.35184388378417	-28.74475121398174	-36.06182133958536	-43.4629578340176
26.62603867955625	22.97721307929461	19.21286614070522	15.2345339696314	11.257299809476	9.164908465372918	9.618872488873436	10.54787667113128	11.54176318755481	13.26093315951208	16.50440881976805	20.12895132307577	21.79279134147183	19.4960881408347	15.48054998479106	10.67744225860254	4.847155064969492	-0.432767657269352	-5.075750113666516	-9.419523731378895	-12.61529941158727	-14.17305956300347	-14.23509700459321	-13.65905701499131	-11.21261810382013	-7.34420792980093	-4.117995268140462	-2.722836289978545	-3.52960673005424	-6.707782260579606	-12.71340637699585	-20.3381722929382	-27.9396019816537	-35.39014533755402	-42.84713622541648
27.11553921882319	23.31872322122837	19.35088023155748	15.09195653415856	10.4013352714085	7.219627147289089	6.527722834626928	7.141426319547648	8.184911544529086	9.825766800808879	12.69166476371366	15.78542983245207	17.29486432423767	15.83988344735343	12.54442290471263	8.203520295603145	3.334705525097398	-0.9753970106104859	-4.589400204432053	-7.899544924027268	-9.828875060117639	-10.79732213058447	-11.08426412277294	-10.63811517806023	-8.128283886926567	-4.124526200963118	-1.545559847657174	-0.4920705701194947	-1.355060130392886	-5.001707417157931	-11.42001409450921	-19.28711767477081	-26.985719251604	-34.5387148366349	-42.07479142968248
27.52009375535639	23.60695551699527	19.47589304284134	14.96855800886027	10.07931757337903	6.223297519884198	4.415960448484668	4.413109332926709	5.173947425981936	6.51589115162605	8.854862233629774	11.35721698844822	12.55112464439822	11.54242450367052	9.117858126503251	5.894166977278083	1.944908245631325	-1.063005555294943	-3.293071669874351	-5.083100365857845	-6.581659250852795	-7.8028428277064	-8.515217508304211	-7.547210516935344	-4.809595020875648	-1.522238274996965	0.3083024507315457	1.048358260303559	0.2785548040350676	-3.569956219749244	-10.19955129318586	-18.15538216485027	-25.94622665321658	-33.58915736635137	-41.20884430598407
27.82576000033185	23.82031581503202	19.56002059559975	14.91826107650212	9.964816158231471	5.842283245956324	3.466523096240806	2.87062361915342	3.153710113926849	4.030758577525845	5.766391059858229	7.63497450285826	8.234493315821887	6.772323305203937	4.949557802066273	3.393316093209151	1.639417462140578	0.3280468672300856	-0.8483659789347513	-2.254386163898516	-3.802886161738201	-5.342535136443459	-6.226598135802604	-4.902264964347879	-2.134092514558304	0.5348588237622209	1.887057311979341	2.349523801258293	1.381846674580125	-2.599500118342554	-9.177223678632174	-17.02766970818051	-24.89042410488277	-32.62856673165172	-40.3206522491754
28.02826882108641	23.96972570431601	19.64324958741554	14.91643021367489	9.899637098324732	5.787171856071595	3.398494920303591	2.380987088929871	2.244673715259722	2.728639682650027	3.907611224001471	5.163028277358475	5.228364524495113	2.915264181866448	1.383690198410335	1.091074042704506	1.475249785805119	1.474226346325779	0.9232922475050884	-0.7616092227133322	-2.421255234954145	-3.960097815075784	-4.861580553144179	-3.497454311537311	-0.9677589096632175	1.375122310913383	2.772671156204154	3.141179934247248	1.853381122011328	-2.167996184180652	-8.517892662300227	-16.14101776385178	-24.02950175738712	-31.77257964203525	-39.47810832453979
28.1189443254851	24.04991115334684	19.75394097963611	15.0608902272123	9.930743069634701	5.849329868879806	3.626451268232017	2.290114848337282	1.95561049046141	2.419539823897722	3.062787425635815	3.640806521795188	3.39133024971968	1.63928424639338	0.1875371991444013	-0.3493240831015214	-0.4493587695790495	-0.2309174791748347	-0.3835656353046772	-1.400347207372931	-2.821438701415673	-4.168475745296348	-4.714387392346808	-3.865931187950949	-1.833869703109158	0.4825415784193012	2.304660788066201	2.833712292801579	1.515678787082109	-2.037937809006053	-8.219202973657446	-15.90032865040058	-23.48989502755205	-31.05411955169595	-38.70698931112528
28.08160197041946	24.00820281291394	19.77774658337799	15.19967183407867	10.11014294489188	6.05329342274058	3.758849446963538	2.150278165587025	1.705795326243106	2.09627612706651	1.950604146637119	1.601055767972987	0.9824390275502353	-0.2460667683663118	-1.285885903615522	-2.053954217337449	-2.876396504753828	-3.002686568787141	-2.832243786644995	-3.157527888326385	-4.235281241028289	-5.403108543368887	-5.799323116328083	-4.987189762255937	-2.968684594415308	-0.4209686262951067	1.615594921804984	2.312300754355675	1.215457978580105	-1.965499233408877	-7.905919735293281	-15.47767368691837	-22.90710944979219	-30.35462673558769	-37.99026265597729
27.92339147386619	23.81159315955705	19.60295620482694	15.24611868412146	10.48445259478837	6.650933948457599	4.225533169644862	2.244714018868024	1.359246681009708	1.371334827748029	0.1796340559666803	-1.183944220243909	-2.521408169368584	-3.739805281447694	-4.442591839828467	-4.960781833206809	-6.052704118049505	-6.228777565284304	-5.741476344090714	-5.471017160151931	-6.162927778905754	-6.959013310911232	-7.040108465417745	-5.851399213646715	-3.57890265931249	-0.7969170408420041	1.204831281683539	2.041413055408015	1.262339733278708	-1.594376091614521	-7.27272889305948	-14.70113538373641	-22.10940694139345	-29.62870553599694	-37.35233197531471
27.70595146351465	23.53933059323978	19.28705561103047	14.99906279754336	11.07664587931458	7.88906763062063	5.439514751025612	3.149344414127583	1.286458990324022	-0.2375775045692805	-1.715689746277832	-3.70688770466397	-5.956319296498563	-7.842576837137386	-8.809093637352873	-9.420162057940516	-10.14332844370742	-9.871756648360318	-8.996129718321257	-8.446643338705613	-8.40173743922324	-8.288756421332735	-7.465510209968556	-6.071953228817677	-3.827291442653092	-1.188047624084675	0.645208596450459	1.667362348535079	1.444679499761435	-1.248233647262822	-6.659595522566178	-13.83739654498521	-21.38206370120244	-29.0620174737395	-36.92246702891322
27.51995025969481	23.3566676580497	19.17263084034832	15.1354445579224	11.66860953079504	8.773795716806482	6.208700991796093	3.615861581403536	1.038516849937395	-1.377622649418939	-3.473943927909502	-5.890106621832487	-8.554092277133272	-10.81958296940738	-12.1789948498177	-12.91844727500325	-13.3098122604484	-12.82755544152786	-11.82809345335855	-10.97108313669116	-10.28129682913334	-9.396026090591391	-8.029337631101242	-6.367576676772274	-4.244296090980356	-1.959808413771611	-0.2999953703000529	0.6304408107766051	0.3316414742122049	-2.224486023274551	-7.204876103689117	-13.89141761479664	-21.27192236474622	-28.96593816734827	-36.89146708471031
27.41457070253193	23.32556939901178	19.30253135450775	15.50681296454431	12.12187048397553	9.124560505580178	6.309932779689817	3.480019516849886	0.6154303517493318	-2.162904626423121	-4.811433029297355	-7.504696545242226	-10.17715444487961	-12.45156853784553	-14.01835976035616	-14.89128329858753	-15.14343460758454	-14.71699624279428	-13.82000634316236	-12.78726607017966	-11.69630003183187	-10.41441596937563	-8.853162716557847	-7.065222356806288	-5.105223236716626	-3.220432354183032	-1.829578195110742	-1.255982964521678	-1.964134237037627	-4.507508976793474	-9.014244078598665	-15.06556091183211	-22.04500987650914	-29.55263726779634	-37.41167829531281
27.37605621850958	23.38173507510672	19.48978243761235	15.80292668243871	12.3967953872787	9.240894396649352	6.212982019106448	3.19956653429864	0.1788141758499293	-2.794713673383093	-5.683206746206718	-8.484862213573077	-11.10241641459095	-13.31540242878864	-14.92714467886393	-15.87367638518322	-16.16883956318797	-15.86013365599675	-15.09270790580936	-14.0515417678788	-12.82868487523794	-11.42235330096042	-9.834603950623915	-8.124982398896549	-6.410403269149015	-4.906746015391462	-3.915626340018719	-3.763908149088422	-4.815754473535094	-7.390384263290287	-11.56298936507244	-17.10537735407473	-23.64310675669225	-30.85512096120976	-38.54118369551588
-29.63200928398936	-28.97855630456832	-28.54886649948389	-28.30920730218257	-28.19356109343471	-28.12335812338628	-28.03550179180201	-27.89596338030032	-27.70220346332178	-27.48063073953114	-27.26977573528609	-27.0901507718317	-26.92830059120098	-26.7598401377544	-26.58645598988198	-26.44143520014745	-26.36464417142855	-26.38544998411095	-26.52558504279665	-26.80192574268824	-27.23475992191897	-27.8573276946849	-28.69453413936685	-29.73286450633805	-30.92876582729338	-32.24885128409846	-33.69861718500721	-35.31330162157832	-37.12062049784313	-39.10556182714419	-41.20652962645426	-43.34909396419204	-45.48936647765675	-47.62905883946002	-49.79647323422159
-24.70539159805392	-24.07290552733832	-23.71492299947396	-23.60158542800234	-23.63994419464243	-23.70962359731453	-23.72482950845699	-23.64372793286555	-23.4640663245894	-23.23318055611202	-23.02803006611339	-22.89020777544522	-22.7761124333436	-22.61304855499787	-22.39663737742814	-22.19456976741623	-22.07099911756393	-22.05159549481368	-22.15778475447166	-22.39655481237327	-22.76897808357489	-23.33164856893046	-24.14640490408942	-25.18867903239095	-26.36693612672258	-27.61564958705549	-28.95455774402603	-30.46641426648699	-32.22365008900977	-34.21778374320951	-36.34661613579874	-38.48224063445966	-40.5621674926644	-42.61255288984728	-44.69183515922117
-20.00110993422348	-19.35353972616051	-19.0425664591688	-19.06787904095913	-19.30032084791515	-19.53575549300135	-19.67185098864587	-19.66199294222821	-19.48783420842307	-19.22215416592565	-19.01294941717089	-18.96066836895545	-18.9554235680265	-18.8112152855	-18.52285733463509	-18.2460836038818	-18.0945509013817	-18.04712136568821	-18.14767670587247	-18.40011007093466	-18.70861411651185	-19.18117447045131	-19.97921549053342	-21.0547374176719	-22.22326127929716	-23.36440196247582	-24.52638816175761	-25.86989858116692	-27.54182480946486	-29.55263566295082	-31.73046696456879	-33.85334455195169	-35.83328942114699	-37.76272855578412	-39.74563621247887
-15.55968910053022	-14.84200403707243	-14.51108337336027	-14.65323191092864	-15.13885304682634	-15.55291363639549	-15.83676510493348	-15.93130289630511	-15.75941602660191	-15.43594398766606	-15.2000707213839	-15.29889849266459	-15.49350466438068	-15.36959219158388	-14.95731267122886	-14.56630913358828	-14.44796437314795	-14.36386502130586	-14.48446196325216	-14.89857083803003	-15.15312148476244	-15.48942139131566	-16.2706838465549	-17.39193217619618	-18.53392930365004	-19.52221948994179	-20.44652156057288	-21.56286553060733	-23.0913576656543	-25.10529577760156	-27.32286701503131	-29.41163581606747	-31.22434104638805	-33.02025160003672	-34.92734113085464
-11.46071253008753	-10.62312812918573	-10.1690733804721	-10.2844669854986	-10.99747053283966	-11.66316462158429	-12.17278974080773	-12.38631237554347	-12.21068103209109	-11.86831025452551	-11.70706931053599	-11.97057786244244	-12.3141062829763	-12.21139250444384	-11.71404815649572	-11.19942427242074	-11.07698974274058	-10.97438032139587	-11.17507261293417	-11.84928400621578	-12.24524196313598	-12.57622036979052	-13.24162312981571	-14.21511018877993	-15.1788457145492	-16.00113895807107	-16.77544845685242	-17.73074782214133	-19.05841988354143	-20.9103426755832	-22.96842589354964	-24.91952830263921	-26.59326905414451	-28.33488470462939	-30.23117766614178
-7.81244274757691	-6.860693484326063	-6.25809325892817	-6.165660035687523	-6.962127476360962	-7.914083147607869	-8.671801558863251	-8.973029403965484	-8.865207587102134	-8.574671143053138	-8.704660698259261	-8.97310726041701	-9.179935334637378	-9.085879041225951	-8.659478948785647	-8.195828453116064	-7.955941910182844	-7.954811906272255	-8.298227651155514	-9.058388542250441	-9.825899749219673	-10.40068635697475	-10.83561674318531	-11.44176805079405	-12.09373646977343	-12.81551255848876	-13.75765491474328	-14.70668525764006	-15.75927377422818	-17.18787660430849	-18.76505748336422	-20.32639963151701	-21.96887602417826	-23.76269622164753	-25.7140644592233
-4.702308613454363	-3.686836909424827	-3.07357889792462	-3.055377112918961	-3.686197691936911	-4.513045611836105	-5.160191761936517	-5.621833205243775	-5.83454903683753	-5.939459432573017	-6.045634165979834	-6.019162575636301	-5.813328987103716	-5.549876564671308	-5.349173687773828	-5.290754444501886	-5.344382999476238	-5.427156748076186	-5.786564505861804	-6.551757238354185	-7.138991142681221	-7.660464394950168	-8.326524001792109	-8.974343765515869	-9.548401317305206	-10.33164700782709	-11.75847860915741	-12.71594706478038	-13.22688692219236	-14.3048900136946	-15.22570183724838	-16.13022921284039	-17.64986018724983	-19.48634249266524	-21.49453471962534
-2.169486852811531	-1.079433595352498	-0.3883727235136973	-0.2683614242336887	-0.6104894177581173	-1.209590371310355	-1.74627263076934	-2.22356677272046	-2.565064361679447	-2.874924423530956	-2.977507088464733	-2.696459448736164	-2.161795063982197	-1.802042529497328	-1.702152364624112	-1.860523555328882	-2.210077713844726	-2.412470792255988	-2.720169470187443	-3.360886638017405	-3.795853022706183	-4.419918267119215	-5.535963554615364	-6.645732904963438	-7.478563597561674	-8.305279648103692	-9.859469947512594	-10.6911901841068	-10.76496062217774	-11.46061452001453	-11.95861763966616	-12.52622255875372	-13.90125849439016	-15.68771973500145	-17.69587856061227
-0.2617277453840927	0.9412656487727418	1.889321905093482	2.420667882433179	2.405528607610336	1.963050179833317	1.425576704786749	1.344125679587251	1.306673588653041	1.117755735617664	0.8539245508154636	1.182441069485378	1.812155621005502	2.054679654437905	2.324934987459642	2.552644661058309	2.289153945607382	2.042437709048386	1.587413197325759	1.032360247956206	0.1804982240137179	-0.9628420426399202	-2.494190606043276	-4.293343083031374	-5.519284346579184	-6.210506161800424	-7.106729836715772	-7.800669766745045	-8.021597512573408	-8.26782946151053	-8.717529694040934	-9.52116451732752	-10.74372709893157	-12.43238056211493	-14.39408329699597
0.9327362906474406	2.175867414143681	3.32320647708741	4.183034207883225	4.298683608342174	4.122344891577143	4.225055983501136	4.94215543711266	5.184754483824122	4.834436385552067	4.678109816695951	5.156642750650349	5.892571559334215	6.247587344559008	6.690088949006906	7.321444722193803	7.952161929874364	7.794590655833872	6.94745315286832	5.689081866507991	4.179829193217472	2.482127268153022	0.5157323016381952	-1.871818422887571	-3.243376600376962	-3.318031125828526	-3.593617640970109	-4.405606831878174	-5.352916491711028	-5.627742738242318	-5.961156641594641	-6.740381192724612	-8.040733846152762	-9.72170199854736	-11.62881379355559
1.367279545020182	2.457729620229429	3.497738884329436	4.382056472984573	4.781592654614144	5.165692268374471	5.836694862086461	6.678248203367446	6.685448596268429	6.238496997978416	6.596613908433028	7.527643573735077	8.583047236857794	9.521593972394271	10.38381219758105	11.19904319208553	12.055249584953	11.91415958568109	10.91399952101858	9.289005214065583	7.181404364232634	4.940889136073025	2.716570756852605	0.19161798439319	-1.27525578423942	-1.254153614444647	-1.136213219324759	-1.669339972128057	-2.697319848245229	-3.230160743829629	-3.718918570734218	-4.571882053600803	-5.962000942978705	-7.632261505487463	-9.439885117872876
1.130451161564338	1.902969627894834	2.563820581703112	3.09039546020415	3.817290908831183	4.649328872437934	5.501471776303276	5.503370629144001	4.993885186955197	4.638139803262789	5.95289595760562	7.525106131995813	8.910436964802386	10.76964358876688	11.99139092452961	12.61489293790388	12.65849283860689	12.39537993818487	11.66742117722129	10.43959807310432	8.213605581669981	5.78060540326328	3.517738388022622	1.239116383904872	-0.4531135522306329	-1.111994004761158	-0.8633795645527869	-0.7804305054992824	-1.056853271526762	-1.80412070916384	-2.488841646847391	-3.42379509195996	-4.761507459176983	-6.2600708576432	-7.846456944371312
0.4178500608394984	0.8473016033846079	1.163585547742315	1.381759958615305	1.752762428969561	2.184420777719083	2.434453053820675	2.282893834854292	1.849776136727371	2.035330588602164	3.672004512938827	5.817051199906985	7.796002453725521	9.562283568212934	10.42513794664373	10.4471168529719	10.26310090332706	9.985437945381989	9.319864525926533	8.123054155247786	6.955674043850365	5.307390485944808	2.9862102712693	0.7871468207425778	-1.227933312024675	-2.485702440818812	-2.291792407570313	-2.207745573662123	-2.581214965924119	-2.618506706137339	-2.901921160757524	-3.580679134576371	-4.479166288033866	-5.568818156968916	-6.787331362519979
-0.5824629770758918	-0.459098338368392	-0.3525226732227225	-0.2982698858932054	-0.385615848348607	-0.4720315909510191	-0.557288365990928	-0.7603307045616248	-1.092773930068006	-0.7188149851497201	1.242169240032695	3.637909701131775	5.457317472835911	6.550855052619909	7.005186182018207	7.048771971064497	7.039009461861298	6.850130353012816	6.181049169341179	5.033115770294756	4.234441774824092	3.113718319056972	1.314302584159918	-0.4984407281538097	-2.644110514678971	-4.424288884197949	-4.587375096693762	-4.813133937418598	-5.302929737523925	-4.921474007267278	-4.497475179767179	-4.463205281680104	-4.760309347011287	-5.328993678109555	-6.098486746817144
-1.733378759885895	-1.942427817263422	-2.081209043059005	-2.088720937503837	-2.40361878620007	-2.623410037138768	-2.721468684270121	-3.003041349970715	-3.492993158674778	-3.391344204559488	-1.256343531379883	1.116427119598797	2.574155162575778	3.152546257385296	3.76032049939937	4.375075575991076	4.752702129491922	4.74544769500335	4.23814496008265	3.202770950205633	1.98198200950813	0.5945092388274702	-0.7473356371939985	-2.147620098261939	-4.045505150359361	-5.876772665047412	-6.170166824630172	-6.70352116813595	-7.377940485098947	-6.881925376329804	-5.98837420187445	-5.330213039665296	-5.122090801331552	-5.216682491075147	-5.556636683858244
-2.88467078458477	-3.484603978261063	-4.072024876248378	-4.577920108049057	-4.65227493262654	-4.63034159450828	-4.777778725809355	-5.235017510290135	-5.976634151497507	-6.140634756109193	-4.583267884065009	-2.391487671256328	-0.600439122128023	0.6605869766228238	1.835377883535244	2.854379370323642	3.207189458722439	3.397141403687414	3.468119197172314	3.024363476936003	1.390605751919054	-0.5368857100602611	-2.264784976103812	-4.155728497123533	-5.481034860723071	-5.865145327254624	-6.001866702037972	-6.670311253675578	-7.459516514874622	-6.998889875223284	-6.209741374628834	-5.627088704562681	-5.149393004331671	-4.936318697443966	-4.949631983754557
-3.841293568108775	-4.787095741936255	-5.716915883302505	-6.454721325148029	-6.670894908894269	-6.696541699366748	-6.886141182967123	-7.434874249798156	-8.496359834368548	-9.251816824282287	-8.263572863327966	-6.269542111739412	-4.142781685515587	-1.988939526453891	-0.6222729250295345	-0.1306288673744689	-0.029005762863477	0.3267105491274265	0.7460020856797485	0.965693128488283	0.3039554403875684	-1.27393002298308	-3.484929110014917	-5.53774758989104	-6.434830489639268	-5.928361573843716	-5.040450264013117	-5.355409850814283	-6.158515788838002	-5.721463984535205	-5.141132808002681	-4.874740370811594	-4.595307288999834	-4.321932777501871	-4.134403067212134
-4.436400374036055	-5.630349267755008	-6.762156089757781	-7.651690495756014	-8.176832042092144	-8.521391124904341	-8.858966789384141	-9.360390525630322	-10.64774807781939	-12.16595909485818	-11.77368381349288	-9.959941810413199	-7.718490246474687	-5.367771459402206	-4.370498366435328	-4.421510050565956	-4.295487048602439	-3.503313492682395	-3.23016238169032	-2.797750199858598	-2.474656184545239	-3.057209549700616	-4.929301764528333	-6.867499543561593	-7.328002911169648	-5.961412415278176	-4.029836269914	-3.961690298482381	-4.765810027257658	-4.219228639562402	-3.812224316641277	-3.813387082489783	-3.70391298759796	-3.385792892468203	-3.045290229322148
-4.575258753892769	-5.943600172759716	-7.247372055356351	-8.369533678703419	-9.120560763392831	-9.831978515037804	-10.53308878997322	-10.78697075293508	-11.95264807971523	-14.06714806896969	-14.59099410740075	-13.12685017510293	-10.58587065326427	-9.45820300397682	-8.899912176324648	-8.496511951951334	-7.869951400831639	-6.868508786812129	-6.572795809391693	-6.425616203049145	-6.459233266295314	-6.386255769211118	-6.350124679773842	-8.207193088382326	-7.899812553660155	-5.163130823022527	-3.243797032749114	-3.084347741438904	-3.738941506694658	-3.120621896243563	-2.858809415481744	-2.978465179128136	-2.622664144032939	-2.122845098732626	-1.634772591039848
-4.213124336543302	-5.694428124709773	-7.105600883927565	-8.367791507295721	-9.4764843837618	-10.66608806142	-11.68443904010843	-11.71281781824803	-12.42527384969819	-14.39923574987034	-16.03804509111308	-15.66643878733129	-13.90504962441378	-13.23286872681172	-12.66379329015373	-11.7350327764475	-10.85272290469294	-10.11927395579662	-9.730238420025358	-9.532350239522515	-9.457893524017464	-8.960585266594421	-8.064177671829157	-7.254320632108744	-5.878329778372375	-3.923292647711037	-2.388397954909863	-1.895799730904344	-1.882926729508398	-1.412125478474735	-1.298163655698062	-1.393393161788112	-0.9753369458547354	-0.405155465591406	0.1502943710334819
-3.332142602066426	-4.880501968894961	-6.362670561634424	-7.732068881845066	-9.095788523305885	-10.57955487675173	-11.91849933264385	-12.17905969799236	-12.77503030555619	-14.35406794342029	-16.29665530093763	-17.21199025729368	-17.0610021871677	-16.97645512532375	-16.27156569332097	-14.99248160693162	-13.92967148486562	-13.26690984972788	-12.83758041202231	-12.39325755723019	-11.87621821910722	-10.68349971966165	-8.535721680959	-5.295926291573551	-3.152304773102372	-2.256562404634423	-1.215135356322264	-0.2227280048932983	0.5637495462507047	1.084156842998823	1.18603068908331	1.115922709896609	1.357652670057462	1.782437508364325	2.303907387980786
-1.921673912887286	-3.492650116286796	-5.024532419815742	-6.457293401250126	-7.801531439790367	-9.227010290262342	-10.63959269370781	-11.8324090298577	-12.96199473253671	-14.19805870059344	-15.21465487007839	-16.85676138431873	-19.08128328580804	-19.78227583660232	-19.58296148795859	-18.63257837463061	-17.6343272171712	-16.85250254310898	-16.00154464242502	-14.97893668984327	-13.76837278282025	-11.48518676459605	-7.633479513204293	-3.701710324898727	-1.505809615098968	-0.9173969254534029	-0.05562373401289733	1.399609952460111	2.902168010167316	3.478538057856781	3.760649446923083	3.949760892853988	3.889460379813158	4.225329984870484	4.743804669988492
0.02459308148362993	-1.488691470928302	-2.98753297944485	-4.377566814838048	-5.416752332557124	-6.579309658841481	-8.120523389262175	-9.705347802377489	-11.11803263602214	-12.17246598997986	-12.91357407850529	-14.55092785748546	-17.12392764883288	-19.29750513149239	-20.72805602380529	-21.37219252312377	-21.01553557346838	-19.99743581510867	-18.35255358872462	-16.01819366553201	-13.54651799830606	-10.33768648176593	-6.256031551944091	-2.586806074663059	-0.7829038017295034	-0.3764520588358948	0.9283093711648576	2.594833589714114	3.961918389678772	4.875496536689809	5.243665249492437	5.488186062791925	6.115506200813911	6.791350619130355	7.421260884217162
2.475244228892024	1.13646756971832	-0.1547658199363866	-1.359782014584724	-2.281392009264081	-3.280199044975291	-4.584791469658228	-6.007988064689059	-7.493859524900884	-8.778139569754728	-9.654674380104609	-11.10509184180935	-13.49750078376067	-16.27641320735623	-18.68355560488601	-20.22391895301655	-20.45436125087895	-19.54470807460473	-17.5660047945405	-14.56348141797605	-11.1886868127489	-7.568163084599576	-3.922951484706346	-0.8591396650176932	0.8000765370948386	1.521276118067391	3.1175828701125	4.678769178039545	5.772700063527793	6.736301525740402	7.300382649827014	7.816839793628873	8.848686199883872	9.7159939126675	10.37711669424243
5.325087858707747	4.242814468960376	3.302115193781575	2.497936332051751	1.502761436081528	0.5352098548274284	-0.2913539544418882	-1.330499710203142	-2.812600060033915	-4.566292520840406	-5.840317894340686	-7.291802556247745	-9.445679333534201	-12.26750620054227	-14.73706542187512	-16.066591163428	-16.5276526875914	-15.9974645649412	-14.2644862590362	-11.50517190922065	-7.92799124665305	-4.286626147040124	-1.15717127033389	1.472970017923842	3.449549702215819	5.061161170925061	6.569909103256634	7.851983890972036	8.859719963122956	9.780896535522999	10.83421053942564	11.79499896499357	12.5106763769146	13.10052693813549	13.58987425256004
8.416603160355408	7.580635854617839	6.948026947556173	6.487180469209051	6.12053130976706	5.535805517934499	4.611191022534527	3.550320655666319	2.052223530720028	0.2238320656018829	-1.490548150808095	-3.0701447147365	-5.155324230871827	-8.383293277659845	-11.08683275817825	-12.55793079647427	-12.87619347485517	-12.56998496986512	-11.2219680066338	-8.467359872999623	-5.329475990302569	-2.13930481857102	0.908788647557742	3.502581024320136	5.698652166578768	7.712389642941702	9.373128667272539	10.55989854753739	11.52065405500878	13.11870709933422	14.75318629490079	15.90727564092001	16.33334221779126	16.59567274123472	16.87564833724051
11.60392071861548	10.9454689034057	10.54884322224723	10.41340600381538	10.48349680738033	10.19431419396216	9.303050219413386	8.222037805119882	6.612955981604763	4.502652868823972	2.389490301744786	0.6385766967439395	-1.281613693838665	-4.147927661489462	-6.602317412131441	-8.032309833991974	-8.508041471820008	-8.349327703782251	-7.232624569135737	-4.966931951411482	-2.434260021963354	0.3247875121615493	3.202658121867501	5.565189219856535	7.502671555356955	9.35857692276349	11.19189043513754	12.79417321183939	14.28808471841975	16.24618755029596	18.03398768269298	19.19346246102313	19.59059158646073	19.79264474768189	20.01837462945755
14.7937353727487	14.20522491787475	13.90475282023172	13.9238775831881	14.02071633457152	13.88152310098884	13.27593469083755	12.34463589749209	10.69281125145147	8.32937060091907	6.037732943972799	4.19416593796862	2.570186850249769	0.7320585380956288	-0.8859302921700589	-2.012009094218996	-2.766589730977842	-2.809704504452242	-2.052084548906436	-0.5942285527975741	1.362171990956455	3.784670195512859	6.427165886233325	8.416023454445167	9.936528522571592	11.33207417847291	13.31869795695548	15.35490577336321	17.41702684682531	19.15093567134812	20.59206481291471	21.57242408771603	22.17603627849729	22.57848028370077	22.93421902571973
17.96609523060539	17.33779844282185	16.94390629279226	16.79771229932754	16.97137377381364	17.03334093816093	16.64739290925599	15.68732626964859	14.22753205249157	12.42529829721165	10.46411919441973	8.656844352062294	7.110279335625478	5.901107445582738	5.025916028145076	4.369271533790084	3.662059132065622	3.158972099041876	3.283102678709241	4.163980643479988	5.762292915548642	7.941749372332339	10.35157021187666	12.25641897009848	13.84938367429319	15.47140418704026	17.16714826474669	18.8421881608534	20.37992189434164	21.81910277719973	22.89228149632606	23.68645079868102	24.45970290502686	25.12124073565019	25.69612436850716
21.16683155065914	20.44953630839598	19.94444816268646	19.68289164960476	19.73506208275191	19.76397729898014	19.39693635838323	18.44509077757385	17.17991409667907	15.79753874194044	14.25596034328918	12.72978119310928	11.43875400307053	10.59746974559705	10.0821063147562	9.629167081351653	8.958752500352261	8.273955758246416	8.139190679616348	8.927441411412644	10.40887741146344	12.34613847626304	14.44943196051275	16.33172114856288	18.06978614243005	19.73987851718999	21.13243359460685	22.23790396850853	23.10797607332381	23.95077309717948	24.83207917614845	25.78359783840796	26.76155796917027	27.65651466361942	28.45147320063703
24.46313387970463	23.63539844060364	23.01912710914593	22.67868049769925	22.46659261532776	22.33028068679002	21.93092642440342	20.99719352019457	19.84619308347661	18.69081714930974	17.50256027032586	16.40103464089911	15.51948388313085	14.92892491290002	14.54366087971592	14.20870957037303	13.74824770022025	13.25988074856886	13.17224937166003	14.03663728833476	15.31669057856951	16.88105569295351	18.60265176763758	20.38256469670651	22.06437635267648	23.52384109318606	24.51445539166861	25.22257046764935	25.76171668816684	26.14260408226471	26.97407161275149	28.17857317762824	29.31368352174093	30.37762296992509	31.34530126987244
27.92573841213311	26.97008811140131	26.16459505048346	25.54354785518854	25.21342376500786	25.08128543071462	24.82284428605945	23.84587651223586	22.84532702593666	22.11085786838174	21.27306016090585	20.55410407796565	20.01738444640779	19.53727415172125	19.29043756099946	19.28381145335533	19.42904984155491	19.31228867356558	19.36779159778948	19.89500578390474	20.55697555895932	21.57390878732153	23.07431915077382	24.65892765527232	26.10353998499838	27.17846355034445	27.68956850110175	28.1737293719813	28.81125342632393	29.37096046547121	30.10322970584946	31.10264870317351	32.2683908589355	33.41524495176623	34.48509015118216
31.62947175591796	30.5791934981678	29.64896983487563	28.89675009552087	28.46392638285323	28.27351790510522	28.00649272199917	27.22148734322568	26.45486184848605	25.95407530389713	25.43076150942405	24.9974744382321	24.68016115174229	24.40704848242658	24.35311664154612	24.58847849407324	24.99738376586952	25.18956682615415	25.32929847660716	25.60898542023621	25.94543990905331	26.6162948691252	27.76138847826948	29.02876435379204	30.150462166903	30.91901289358179	31.28133802916851	31.70275255582254	32.35799177520038	33.0324903844795	33.75129735284247	34.62658291024781	35.70231946982065	36.83190434840986	37.92842527985755
35.6224456525681	34.53760245636966	33.58428930611683	32.8219674706105	32.30562492623335	31.97115103777173	31.61091363821987	31.07876141293951	30.5474680030936	30.14975942613697	29.83033949526603	29.59025515775103	29.43939031977999	29.38625785289879	29.503136188878	29.81715301008365	30.2173990832793	30.52789330945149	30.74814022863041	30.96826576269153	31.26137705217853	31.77959408334904	32.57907866057427	33.49456072022788	34.32034338751768	34.92227803377938	35.33002320550587	35.75959547157622	36.32859824767002	36.9848671199635	37.71323947769602	38.56135536005888	39.54827312767776	40.61210860221908	41.68275689809349
39.90792935354807	38.82746305764988	37.88477069463579	37.11804663288342	36.54343906843405	36.11251743760056	35.72292546491224	35.31571353748535	34.93918294424469	34.65121225336714	34.45487429713597	34.34564778930988	34.32693687480256	34.41189245058875	34.62386618284468	34.95410943515635	35.33028536399188	35.6628377126159	35.92825808916551	36.16921023647561	36.45909782574107	36.8817629183394	37.46003079640452	38.1157700302379	38.73330599624575	39.24131205330484	39.66465927376126	40.10343822941624	40.63006827219846	41.25107813924973	41.96369221935342	42.78118305086599	43.70428447099309	44.70041202897045	45.72295250024024
84.78253228403969	71.36636531395561	58.86307992080538	47.44418877952671	37.31331731699333	28.70427816056781	21.8943972329098	17.10181694788753	14.31959033603482	13.30559039556283	13.68453287363741	15.04521838942208	16.9943683266622	19.14450549600679	21.10256967774399	22.52644068231439	23.18671827076673	22.98406442213491	21.95136691085975	20.24878587751823	18.08297982541797	15.6064823057319	12.96899715529389	10.37723079884086	8.028372305064863	6.078936762050375	4.688211214295052	4.035083026238112	4.230235529640339	5.133355961113807	6.282576619983956	7.109048788694565	7.225589418908669	6.52864597171191	5.095157904630185
80.3249822618186	66.72482723628968	53.96447368177405	42.23692300518064	31.76835290129361	22.78486800695509	15.70175047346493	10.96715806166299	8.588160150767749	8.207711028081917	9.331263361662877	11.45578194682696	14.17445631043222	17.09106732883811	19.72015126743418	21.63756427288115	22.59676503116054	22.50440664670236	21.39761158125316	19.52822590829771	17.24879608930337	14.65402105495173	11.82365666059195	9.059720119384906	6.586724651338784	4.511650705070736	2.984817979620004	2.283326418722936	2.718999340949353	4.232341264783059	6.090240761379647	7.38762936910129	7.615603815505835	6.793131223578484	5.145235880759458
76.77034677685856	63.05673455732313	50.086266893426	38.06878349744216	27.30956961317054	17.84007660718885	10.21944646945133	5.462534950795771	3.455624162290292	3.673243120604525	5.501856323814877	8.280628497115117	11.64955357032648	15.29988808937651	18.54567612795847	20.86311012827605	22.04534687450382	22.05442083133619	20.84849909264892	18.71763111259281	16.45190510564885	13.89607018025276	10.88536424503104	8.066872524613928	5.618908309479309	3.501592958144215	1.816701364501284	0.9277441379203992	1.463005638180448	3.704041655773864	6.355856470800546	8.071764852320285	8.194869307995077	7.085530094748748	5.154290709957877
74.11620438892101	60.41463960424471	47.37950266769099	35.15752828565292	24.24412292473801	14.31213129270032	5.926161448034236	1.068342545741984	-0.7830206110318159	-0.1529535677215108	2.262417654261526	5.516202449700813	9.32683662313616	13.61083451001036	17.27244882653065	19.76472760994272	21.00716009641349	21.15146196070339	20.01791472964362	17.61613174103161	15.48359507987766	13.13642424842351	10.0895865744597	7.538623379458045	5.337758622083186	3.297788457550269	1.53924934592817	0.5366168071901711	1.011073768510897	3.857036830933339	6.898548687155028	8.74720240330538	8.520468693817236	7.095449760294798	4.916133162790402
72.25529350321745	58.69388554976263	45.8059316207366	33.6527092307947	22.46299541452788	12.19680254587945	3.618073878928044	-1.787500437043605	-3.900977727422742	-3.177715380084578	-0.3967508191688012	3.205237194220672	7.28457357826926	11.93422396740061	15.63707896117546	17.90513805766466	18.99799297176173	19.32862243744603	18.51689122974779	16.41301387191447	14.19993392713218	11.92107817054551	9.504008164323238	7.490147150891914	5.683574433393346	3.816894380978397	2.12420951374969	1.420418673205802	2.364834214612159	4.798558881989322	7.279170108805005	8.544534129906367	8.13097060020182	6.575939775769427	4.28585491737374
70.97163201854164	57.56715833231942	44.87813345929055	32.73175402454581	20.92844129928005	10.390206355602	2.081467953180095	-3.466662231556029	-5.945652031684631	-5.418021260879982	-2.522993029091708	1.470135994553175	5.87481142532863	10.31965931457069	13.67171019248963	15.62747676186325	16.55810280303575	16.91157558460924	16.37204991189049	14.72741206977139	12.84115570963883	10.9226870296709	8.932904017835995	7.110560892185049	5.511556134379134	4.05683061494517	2.749691505647547	2.483690889437355	3.691751818534272	5.701284559914228	7.305006209880929	7.757918142589759	7.106011086168948	5.54187481806153	3.260189467762189
70.03493286310993	56.63803441460527	43.95820824019074	31.79722526770127	19.33626031813924	8.847015045634407	1.259489667786966	-4.237004377350104	-7.139777956695866	-7.045676327240699	-4.33360479836648	-0.3715095655405207	3.966520865260975	7.735420645515092	10.65362469630964	12.49363797355034	13.39272475904051	13.78368311929432	13.5256616250075	12.40907031364822	11.04037230498989	9.707108756788102	8.206595173086214	6.434280459565684	4.858915610703662	3.850356089365562	3.004863888789259	3.065931081004891	4.333967005273337	6.104376777240958	7.036021298943481	6.680480621356111	5.782152341582616	4.197536264126399	1.952997579176952
69.34568646988294	55.73975154982759	42.72029512809593	30.13940436768428	18.09241402817247	8.345668415099567	1.377458733976141	-4.327753140049254	-7.754984074647609	-8.182321264918357	-5.902086716463089	-2.908336872296047	0.1091742902462443	3.372047601237114	6.278686272231653	8.277435988100592	9.304436726985784	10.02624427038211	10.15096069363449	9.550829776388525	8.471439935114518	7.683414736738087	7.298343262311448	6.095755045662259	4.609318605114481	3.465271197441211	3.099474914863777	3.25054029816539	4.09788051496983	5.92993544323528	6.548661757126851	5.669109342931279	4.414623886663648	2.734183054136082	0.50324672101533
68.99200232203566	55.07661099326174	41.64140847597037	28.75831372656626	16.90669666128872	7.689444901615502	1.16464663844647	-4.378415616488894	-8.047314236525324	-8.964765930779606	-7.372445540120054	-5.181413731627515	-2.869428837596615	0.01357706993280772	2.895409426786159	5.078572086980728	6.342236893633185	7.176540792667595	7.167581027547897	6.350356971991459	6.152355357971487	6.457345150979222	6.476900226050361	5.829581480860725	4.631412993891786	3.372786798246125	2.888850909440123	2.937757228843708	3.598755500154056	4.990102057652734	5.310168718575355	4.300559871670899	2.946602932494841	1.238368912928479	-0.9807222664611004
69.15623215015182	54.9748894244957	41.1975999582528	28.06888441492379	16.15476789962315	7.049338896045015	0.8511864479788756	-4.246670287977281	-7.800170534479207	-9.210074108124331	-8.320755547565682	-6.74035368428514	-4.744735863118308	-2.010688388945027	0.9539726429790107	3.334013911901764	4.677578048799717	5.273421608937724	4.68937536016756	3.00913246623719	3.318683883904839	4.423581817138484	4.601409361118158	4.526921602743926	4.017458755642679	3.048002435762498	2.348979455133531	2.261582828118975	2.871113629729393	3.688403695757856	3.634977609795683	2.683000760185934	1.451362775464006	-0.2022253263111793	-2.410760335098644
69.98647740824742	55.68054547048428	41.69204475525021	28.31820601228003	16.46818730589916	7.215667369398375	0.7695819326564788	-3.582533082365956	-6.852948983150554	-8.71249721300336	-8.603693815377937	-7.800278403230408	-6.323867185264646	-3.703554789439579	-0.4526810589911179	2.150678256114361	3.217730876143946	3.263121565520748	2.11351997528385	0.1284364049689089	-0.7487137527232903	-0.3334871548237857	0.8201048794174994	1.409048128206791	1.933910975198501	2.19906779780996	1.291433702656519	1.15246795471225	2.068969000611418	2.359799398623807	2.046371525886912	1.247964480418588	0.154731634335505	-1.468654558286488	-3.714351495293727
71.50718668268746	57.27112257782073	43.30261155185929	29.83603940575836	17.57182786562555	7.841863470291457	1.142230211775427	-3.324577489974615	-6.330121085381109	-8.091629867026967	-8.644828789294991	-8.356541946106631	-6.960951057451297	-4.214735324475299	-1.337914298126549	0.5035097464923695	0.940463956989845	0.7405723933100035	-0.44786739655666	-2.531535794544652	-3.895941681728971	-4.169593316636906	-3.616622837104956	-2.237886366319685	-0.637191224939329	0.2047321727368114	-0.5459112739771399	-0.5320865648852475	0.6179657191024717	0.9990417390990984	0.8085496757004478	0.2551454287710655	-0.8007464753954565	-2.498856676701905	-4.864911891650593
73.57561089177409	59.56459441996003	45.79104941811454	32.30729558330813	19.43908526186698	8.941102295928943	1.697649594976781	-3.220615602482326	-6.015056277987299	-7.396607002100467	-8.208844672219584	-8.137041782330243	-6.794352414489822	-4.142021848550741	-2.089338302249104	-1.373073046710687	-1.733311816883969	-2.006652521939316	-3.061639639524174	-5.195569702019725	-6.339571091908113	-6.750039901781889	-7.05222286005079	-5.731488843847586	-4.022622001072023	-3.020280248272115	-3.378061821882653	-2.876454066908138	-1.321596881666238	-0.5692287920331012	-0.2840756140788301	-0.4604077112403715	-1.501643419762061	-3.350344858985864	-5.902259056365381
75.91322219512256	62.17036607704506	48.63366199658537	35.17971921278229	21.8142085614046	10.40997602152322	2.245626190243797	-2.922770335439338	-5.497224733145316	-6.543396159099558	-7.243628443671241	-7.176454911452908	-6.106629212247015	-4.294681187749291	-3.076528548646465	-3.05730743860903	-4.045587538523421	-4.551854684979503	-5.652347730221209	-8.123327217048001	-8.824639871554723	-8.820939238540063	-8.945042837571549	-8.826210189769626	-8.099410881307421	-7.228621035239485	-6.604924198598326	-5.356382130728292	-3.455271432186464	-2.160773366517972	-1.277535545801158	-1.057843984109269	-2.143650517259886	-4.151694722366386	-6.907056501732996
78.19916768254598	64.6392099370936	51.24290072600763	37.69752875676153	23.77245826217768	11.53932321713552	2.725469677627984	-2.602835319595954	-4.967453049355015	-5.819894418168929	-6.568478812871291	-6.183586708397172	-5.052178009019727	-4.49026477774197	-4.059250889161234	-4.379713460292777	-5.795118849925601	-6.948008237573447	-8.194843706882836	-9.856382945777455	-10.73787231329072	-10.9304887098393	-11.03339645017766	-11.3962810978029	-11.22902662692107	-10.33300657871718	-9.082643910401089	-7.316992475343056	-5.165013956153558	-3.126959224050921	-1.888720717305702	-1.779780217834428	-2.865932539710116	-4.99333434583815	-7.948782691128145
80.1798020139031	66.61595984698681	53.13956619118005	39.37243382925414	24.89158839199251	12.22401170099886	3.353524752266338	-1.849047558138693	-4.059853578729985	-4.827540788508372	-5.656015826618813	-5.138553643101687	-4.082440841852304	-4.361737883559471	-4.622604115784313	-5.326985786564848	-7.102288578466244	-8.666672651696331	-9.865873812184645	-11.07573468691027	-12.42281445692163	-13.25940021646289	-13.44058993758969	-13.51502255098404	-13.27333726648627	-12.45278238912314	-10.8953358626255	-8.702795056741223	-6.185639068120267	-3.720219396470732	-2.321683526274601	-2.335221868456806	-3.557670441274297	-5.870454181683726	-9.061403981408148
81.75567205271875	67.98148880138785	54.17926912035443	40.07214995318293	25.26160317789118	12.6384201972885	4.257641575523763	-0.6247795033452803	-2.80336324939023	-3.621507395265468	-4.301761215373972	-3.955863080215138	-3.416721532153574	-3.862528353225883	-4.786341353561497	-6.077279023205975	-8.028504310130401	-9.776580127604447	-10.71744914208504	-12.12720572273875	-14.03250509149893	-15.51748780339003	-15.99575366348915	-15.36610842686832	-14.74647844377458	-14.06990703917589	-12.15597630138825	-9.453152746689639	-6.5088914809904	-3.981706762711134	-2.56845986178724	-2.649475522098669	-4.148817239436141	-6.773928252313283	-10.27034977958903
83.00035735105848	68.89468148235483	54.6207436945715	40.03746612558456	25.49672323903229	13.21656766957307	4.895394184698688	0.1823466487994381	-2.041500946826801	-2.978261131249369	-3.358198329563493	-2.894747432358315	-2.575234503521429	-3.747987064251461	-5.068142209042691	-6.469965285892826	-8.446335023026364	-10.54471934471941	-11.5015787336114	-13.06718484554585	-15.11167168991995	-16.83630473258543	-17.61992612479892	-17.41604833087442	-16.63354852265672	-15.1715174661968	-12.44449797354616	-9.29197170235058	-6.262112777288039	-3.684904823004757	-2.402805871061759	-2.808578150952599	-4.722984409255616	-7.756261966329703	-11.619696932512
84.08792113005848	69.67629725352754	55.00797749593727	40.10969773583952	25.63400151787994	13.45506873171092	5.089594476686614	0.4348847723946108	-1.899342887986293	-2.885454481177362	-2.911252952537538	-2.436800699727911	-2.447404025056869	-3.719996563411925	-4.958615734737123	-6.150285737762204	-7.808545408806936	-9.974738127874815	-11.86356082540971	-13.71487297421922	-15.93206567644285	-17.81257609211809	-18.84489069395423	-19.10449722610071	-18.04070407398382	-15.51633511332469	-12.08752321005798	-8.742685613915228	-5.718469405746859	-3.105518384139295	-2.045866403550534	-2.969117021758365	-5.390923186359203	-8.890248015376017	-13.16465651626641
85.16921041059629	70.57310921086889	55.68516772981531	40.57321555373937	25.76241119426857	13.31951887966579	4.830964254473116	0.2147146439004359	-2.477100848376111	-3.76659550599085	-3.317585698791135	-2.686552863712237	-2.875697537833446	-3.337158897122365	-4.202669633988506	-5.294298690984135	-6.777231979968633	-9.21073516079818	-11.77910626329435	-13.86886414690889	-16.57986857087545	-18.61576766687267	-19.60499877836494	-20.18180250808598	-18.61586680518911	-14.84283681847828	-11.02459660508575	-7.846573351695724	-5.005513483863105	-2.275544793961082	-1.471768705950311	-3.112679066848372	-6.164169233802397	-10.22573401757745	-14.95854571952509
86.29033259227742	71.63338731880037	56.65114512887476	41.30602973299153	26.01246556770479	13.11371010522294	4.466948886574755	-0.4832483135541565	-3.937409920427456	-6.034796824251771	-5.414261949309491	-3.503697420130266	-2.139851484118069	-2.439787070927054	-3.074956367908328	-4.22150419508236	-6.221230553290468	-7.842605109487693	-9.974355130680095	-13.59917383280913	-16.81538628495349	-18.7849367262244	-19.64985834318989	-20.41685275911706	-18.26618899626141	-13.23194996908029	-9.064646131375199	-6.276920540579496	-3.92228275009127	-1.052687599472842	-0.5652279278964301	-3.080553440042223	-7.077207938611338	-11.83563312610943	-17.06009293284643
87.39362841943273	72.75206051128134	57.75313494862854	42.2162212132302	26.32112650431964	12.65311622867824	3.430497090822883	-1.907442735591559	-5.891237294600501	-8.3038990699811	-7.124158981950188	-4.358266646542006	-2.239410518466102	-1.85296083139238	-1.865026094642076	-2.828301918039188	-5.167903711466948	-6.731470295580465	-8.813829304675323	-12.79979521409263	-16.30046249976795	-18.24736280735417	-18.95274802124001	-19.22230412477293	-16.44652684698608	-10.94276376101601	-6.756192830631889	-4.260167200832882	-2.106602117629763	0.5441260052631627	0.292379506120227	-3.446219187780741	-8.411655228299992	-13.84686295699811	-19.52937792660759
88.36857703092585	73.75039409435317	58.7336035555698	43.06222186708197	26.4763330822189	11.77710257166564	1.611257770195891	-3.90920608457543	-7.860026904757689	-10.05121196944216	-7.912000489668415	-5.234684101964206	-3.509244876722121	-2.276590800133391	-1.325363143134752	-1.743311075595926	-4.318556566756882	-6.199480825763175	-8.370345007782845	-11.98057287122632	-15.29598707603361	-17.08480931840282	-17.35730911238534	-16.72811281442083	-13.50786644734831	-8.188024881880438	-4.410119366130786	-2.104497143214353	-0.1638018114489128	2.095949670569659	0.7681197870202396	-4.418476996251087	-10.28425788209478	-16.3316733297537	-22.39138162932341
89.12046058438796	74.48952933397868	59.37743897629525	43.38405932310582	26.34320827348915	10.7820868042262	-0.3788699599085703	-5.985417021054474	-9.575332067029933	-11.12267694995711	-8.703982617672011	-6.516898876574942	-5.475184037073689	-3.599130812185592	-2.040519104542995	-2.154495547464904	-4.309707409018699	-6.06803549176712	-8.011862991629215	-11.32774897908604	-14.10249940646395	-15.44079666470316	-15.07080704200888	-13.34308530592509	-9.911509483189278	-5.586192443238815	-2.047255387475843	0.08802076636319356	1.573815470129677	2.941479744594432	0.4504399203591163	-5.846569444544997	-12.71242147553124	-19.29792795255997	-25.61250523745559
89.61583541687128	74.95834364579491	59.76652063404674	43.57919231994384	26.24147084447537	10.44469386478312	-0.875978966204741	-6.98801572160508	-10.74816425159827	-12.28861800976469	-10.31451946588601	-8.226580480790034	-7.087304190984696	-5.563546901435871	-3.568536857429336	-2.782264456163631	-4.494679819654635	-6.410327559578832	-8.238482551996611	-10.42760772390236	-12.44142532339097	-13.32169157911818	-12.5056045251286	-9.890902919762425	-6.196892918970761	-2.379919171727593	0.7257679772299497	2.481492045716173	3.308729143507506	3.359571273837759	-0.7103023365102672	-8.357891991702672	-15.85384023029781	-22.68483921749089	-29.0792286515449
89.87376480736111	75.22044083418189	60.06804275027889	43.99152339331778	26.66230293897326	11.10833225251918	0.127004746467378	-6.780511797375539	-11.13351188633715	-13.23173769234998	-12.17152191829723	-10.04015682377118	-8.335122452390209	-7.586013399138352	-5.80615703989011	-4.334817029370157	-5.36378503315396	-6.874983503714816	-8.394265033327116	-9.516847022572222	-10.67376538216428	-10.72896797793297	-9.279713011933211	-6.119900696607402	-2.352494015628366	1.196122371073045	3.806897683407676	4.860695350721329	4.570551948517746	3.076139815924293	-2.669313607945412	-11.56834752331275	-19.33897520386512	-26.21941716201638	-32.57724700984761
89.93364371801852	75.32926214923964	60.34951720436084	44.6214870047105	27.97535335076407	12.83725290779637	1.451470605104305	-5.899030648605617	-10.69080693642479	-13.24518380244115	-13.4082273167152	-11.76818724889677	-9.911898604206016	-9.093124685739213	-8.634054400596767	-8.157273705745922	-7.397756688060724	-7.379463916755583	-7.92285115634968	-9.087178325656367	-9.220739774328877	-7.939697510549479	-5.069130503871989	-2.160275336568574	1.232183400407351	4.632353558460544	6.569816685824709	6.657235024360809	4.995990139407013	1.61359266723602	-5.363428968669069	-14.57413915380226	-22.60983859897897	-29.54376186705997	-35.85001640637495
89.84090528668219	75.31021890634531	60.58806648872496	45.39489148983364	29.66595253600661	15.27501956926574	3.968719199750694	-4.123130241875913	-9.799775748465265	-13.27175566182493	-14.3972627824547	-13.61100058763014	-12.26329493766923	-11.57180257519048	-11.31020408709713	-10.81725733671959	-9.736187705326216	-8.982090854394556	-8.681532841514724	-8.40436798801062	-7.510150578743691	-5.508845678507939	-2.546564037171549	0.6182303288590418	4.017018339431502	7.0654575053928	8.176742797020122	7.311646161755462	4.664022834413032	-0.2501589174108005	-8.120815763378744	-17.39784284679195	-25.4902842174256	-32.41381186918511	-38.6832607821558
89.65418013305055	75.18522096674815	60.75338073255819	46.21305680703927	31.51165961511094	18.08911572623288	7.131169496956204	-1.767229897181778	-8.422067649722749	-12.74417846396077	-14.62321228129275	-14.70989618959936	-14.01660646858409	-13.37440656533974	-12.64256453462573	-11.72295732032674	-10.70039819859102	-9.80685668486592	-9.055441041468924	-7.842478121288693	-6.461281539228637	-4.24670317118273	-1.244502361825298	2.318762170212033	5.874262750063094	8.60201966837548	8.981822731887576	7.32282399240259	3.916323182648455	-1.905098027126144	-10.36157574833754	-19.78746419658546	-27.77629716324236	-34.6455274257969	-40.93023547786515
89.46460797935038	74.9920326212565	60.77786408746033	46.88653711677091	33.230473821266	20.75297780831124	9.944218242151806	0.4567931904855413	-6.754585021367291	-11.25320859519695	-13.80460488319966	-14.60125408000138	-14.29647342223484	-13.53249998390112	-12.48452048163875	-11.24392388866974	-10.06200171064972	-9.076819509583558	-8.310326632639857	-7.802445768321789	-6.654224461105372	-4.286000037753567	-0.5654570150990637	3.302695030665994	6.799800894630124	9.133333067299645	9.206682843570832	7.030002773401264	2.825152782936925	-3.195156580798994	-11.77070583159508	-21.36482889282212	-29.1783552676219	-36.10506201556177	-42.53786903457774
89.4276168385951	74.86575549072836	60.63653970097749	46.92134856742518	34.09257272326266	22.50637152048449	12.06124449276302	2.338880790952999	-5.466215232507011	-10.59811085246514	-13.37025505781293	-14.60103270980295	-14.73208208594934	-13.91069187106359	-12.53337160139188	-11.00712791929603	-9.778636351452178	-9.214383956872965	-9.023319458730768	-8.584431249482471	-7.178680603991971	-4.487336578820276	-0.7675062192482045	2.981458919533843	6.107492460793708	8.010262462365063	8.085199371209455	5.780937508745154	1.271104408322799	-4.755311852909244	-12.69351859361029	-21.53434819846132	-29.62077766699849	-36.8863800040948	-43.61192436173201
89.76118502718714	75.12875345001316	60.86656116917868	47.19820559065465	34.87124398728895	23.85400833607838	13.7991463300026	4.127630328706232	-3.987788800503722	-9.697355307249126	-12.75375380202172	-14.3770691946585	-14.91638795787	-14.25689756997434	-12.88577462336131	-11.36166342383032	-10.26783927902784	-10.04899837165523	-10.0778501414871	-9.404539964962105	-7.65954157647392	-4.910765262767356	-1.575675411080098	1.67056328827347	4.256763677471923	5.710155753591835	5.66481702543976	3.410737577196869	-1.003720672016812	-6.747976887195989	-13.89674733988068	-21.90585586037457	-29.93228818205387	-37.43214906302728	-44.41771653778721
90.65408399148885	76.07060861646738	61.98588631457147	48.67815557288833	36.53458210223522	25.58802137710268	15.55615649414017	6.316733965183062	-1.548544905230841	-7.385451241713099	-11.0942188062549	-13.20396535652051	-14.079724315802	-13.88388391305107	-12.98534042029185	-11.89308947107712	-11.08498900067644	-10.74683982317742	-10.468529980421	-9.635023844960884	-7.964284731400554	-5.552599454913988	-2.779983161934439	-0.14919983202293	1.859058170633887	2.835634078920521	2.395329593254701	0.1524663652187428	-3.866064405776001	-9.274866381500715	-15.83536401350523	-23.17867330146214	-30.76710126305466	-38.17119031494531	-45.23280005225843
92.18356939758814	77.73819623868883	63.89646911842465	50.87139373819809	38.86988190438342	27.93736586674362	17.99017773421554	9.063093574608729	1.466822557840317	-4.445017435945715	-8.596103617793688	-11.2135870057763	-12.57841544984926	-12.94653351282361	-12.64613039892687	-12.06564301157307	-11.52866464892152	-11.12778834690737	-10.64958520721152	-9.766451115262001	-8.307962549047289	-6.355764426352351	-4.19632625500941	-2.216943297626017	-0.8138403844213826	-0.3476243892552589	-1.136070967332444	-3.402270988574344	-7.145439393779157	-12.16799017946482	-18.22019200326452	-24.99029440977211	-32.10590278329289	-39.24277474721748	-46.21220057778396
94.33781158819136	80.05749768312307	66.43637215467311	53.62661121955335	41.76115114613856	30.90194709137688	21.06770854317006	12.33473891566246	4.882150353914966	-1.1069267720504	-5.585208859730557	-8.670525008993408	-10.56912097256429	-11.52398922713836	-11.81454959742058	-11.73013447215963	-11.49410210240157	-11.1815364194062	-10.70599313025211	-9.919284251836075	-8.750319552506397	-7.277869699307928	-5.71923057956883	-4.373089283937588	-3.558937503393281	-3.574979176325144	-4.668020592152857	-6.990333514542726	-10.5535750249984	-15.23855854386329	-20.84618765103744	-27.12483100962527	-33.7964805780548	-40.6100868083463	-47.38824523596759
-25.9412086884401	-24.71106473339205	-23.86899035807136	-23.41338167704402	-23.28260155207278	-23.38457092240378	-23.65244494158304	-24.02638584216243	-24.42557628611741	-24.76994594547321	-25.00826882335193	-25.13880504049058	-25.21844515835738	-25.3205974499715	-25.48315936077722	-25.70877745177452	-25.97740665032819	-26.24848994230698	-26.47269823095502	-26.61087040805467	-26.65377664351047	-26.63334963412825	-26.60977238698183	-26.64405261074205	-26.77054834409051	-26.98348928176745	-27.27068866353619	-27.65205278347844	-28.1477632077154	-28.74654852651804	-29.43581913743179	-30.24635461487503	-31.25038000860002	-32.51931792507025	-34.09110379365882
-21.22493233109884	-19.92088206514012	-19.04531741787906	-18.63256248803845	-18.59562149421032	-18.76809200982143	-19.10710194507854	-19.57442745742827	-20.05166146025826	-20.42864307027645	-20.63770622900901	-20.66480206953256	-20.61742921632632	-20.63291189567454	-20.7439516517961	-20.9434629476832	-21.21763087692588	-21.5160406312836	-21.77060256934794	-21.91924501611271	-21.93531380629702	-21.86214067975371	-21.78652039347736	-21.79523841509092	-21.9411791454952	-22.18255374104081	-22.45375604599798	-22.81362573655036	-23.31806617011262	-23.92470861941877	-24.57813053998763	-25.3188638460872	-26.2692843077225	-27.532862652885	-29.14272158225049
-16.89788296495055	-15.47121221606136	-14.49400127559073	-14.08278137390818	-14.17299278956196	-14.34744956914111	-14.72626076790232	-15.29762932932525	-15.83508770533501	-16.21584091281969	-16.38835485890454	-16.26582175912458	-16.03899996189961	-15.97745169339237	-16.02105684853348	-16.14791667521877	-16.3959503832626	-16.70365659499532	-16.99708649881805	-17.18462420922077	-17.19497569781981	-17.09340879956812	-16.99100245996769	-16.98646221542143	-17.19561679780696	-17.53978982265886	-17.77479875281097	-18.09728500324457	-18.62861427002872	-19.2656817826695	-19.87846085725937	-20.54123011743485	-21.46435119912962	-22.78242618901186	-24.49143458471542
-13.06296991673221	-11.4782336616183	-10.33767911089115	-9.783419920764544	-9.983397236992801	-10.05605663600369	-10.53995521646036	-11.21000895207797	-11.71346488858472	-12.00904470142197	-12.1122943199679	-11.85846527146188	-11.4944549846483	-11.41762231325983	-11.35716009390779	-11.31147794178378	-11.42626520487494	-11.6617037843392	-11.98734973067479	-12.24527942687209	-12.31126296195669	-12.28808723009041	-12.25074451330272	-12.26792288585421	-12.52665184340805	-13.0278347086504	-13.26179567440255	-13.58088190423052	-14.07230661233439	-14.65998901215176	-15.19589011820864	-15.83795920929936	-16.85035862799748	-18.34875422017819	-20.23285407791946
-9.852460706252003	-8.094813437472908	-6.764813156898526	-6.092022953921173	-5.786370929414034	-6.038293410459346	-6.858752666617704	-7.426544636036965	-7.745229346579407	-7.828257102224384	-7.730478311610881	-7.498971073983057	-7.242174645514382	-7.115051827137677	-6.910842082755934	-6.626448973889836	-6.420691320913463	-6.53372932465193	-6.836640310775721	-7.154924041423556	-7.463012320589982	-7.675055981686484	-7.829003103620778	-8.027255946424944	-8.271147986413979	-8.606538139401522	-9.243181751239575	-9.667594757024347	-9.869090733332598	-10.23905738661574	-10.65591024191446	-11.32929696834128	-12.6628002879109	-14.44746035146977	-16.530490531949
-7.422339957242826	-5.525250168526966	-3.876052460448406	-2.854419546889076	-2.842166307532267	-3.37120856200454	-3.928633610626122	-4.274430252117242	-4.417379445974831	-4.346744300126325	-4.12136675904047	-3.862667844568932	-3.579233575374872	-3.231736961750229	-2.923570794179994	-2.62180107966357	-2.324094300458924	-2.345109219264202	-2.666776580646797	-3.146685138234773	-3.686560643862109	-4.188260854210199	-4.627624740139282	-5.060213195462737	-5.400365177429563	-5.743374767252817	-6.38541378027827	-6.849274799447414	-7.021785710949132	-7.26046917694822	-7.487627483305914	-8.057547031394449	-9.473170031322752	-11.39646913551286	-13.57568463977157
-5.90487450327754	-4.094371389210608	-2.374297332587616	-1.028301893219052	-1.643976889827236	-2.274798111509341	-2.122842658194649	-2.152694448839561	-2.022873540594134	-1.708873000030856	-1.247732536937512	-0.7487793018282503	-0.283630835737938	0.3842660502527764	0.752092167758093	0.9477830361316393	1.211958072721785	1.217149464884976	0.8530842165371624	0.1604851237829621	-0.7787607523594602	-1.802192061131606	-2.630349466561995	-3.343705151658455	-3.858081236334485	-4.280974680446207	-4.785345632896025	-5.334894592275276	-5.68743409930201	-5.84546121965559	-5.865668147321827	-6.256359697208438	-7.563744268939331	-9.390028726196647	-11.4902233018077
-5.248573751331747	-3.835620265553985	-2.659424035457334	-1.988287529293814	-1.720471872142809	-1.686846164521935	-1.516046726787987	-0.9637995355147169	-0.2744601943664975	0.4449465925697638	1.350055142032701	2.217266383262128	3.053389543917177	3.634018418145296	4.101254980694378	4.547203452900703	4.917578261319079	4.950347004125213	4.648574140028664	4.000812379129009	2.253942155649909	0.3259583913151545	-0.9993466844479997	-1.970518400524682	-2.728875221491961	-3.267814513581655	-3.971513022691937	-4.796306334508941	-5.468643167166022	-5.28619825699306	-5.225070109172577	-5.747078672085422	-6.817617094029913	-8.393952882079589	-10.2688676282358
-5.158513487405543	-4.202015331357416	-3.46563542695074	-2.851193163535342	-1.935744694528502	-1.125933810804263	-0.3970600440729903	0.757606932661691	1.84774399515554	2.553023840690017	3.017253781907954	3.820894949519698	4.8654277985666	5.623001648381106	6.195286189057882	6.782128071293464	7.454686512023841	7.95270664866586	7.967730919739921	7.207108411293397	5.396840409318187	3.28225825187954	1.528438039880314	-0.009921217487459444	-1.472661562861759	-2.778546583482481	-3.70686442486732	-4.591457651888192	-5.417188059538091	-5.69407708530926	-5.758941393996736	-6.056317357219996	-6.936468960217724	-8.24268749636849	-9.804838367773641
-5.292524715733407	-4.681138697402247	-4.13939472688628	-3.394739626224663	-2.13373214037798	-0.8240017315079626	0.3998812223520218	1.881809529094106	2.905356637443127	3.306584680754128	3.102819509329187	3.788844307610496	5.062200687064447	6.18022113168756	7.023863817042169	7.797295124765761	8.772426826990312	9.680988184094183	9.95982541552128	9.120110258872849	7.69328675682209	5.82597092192843	3.730476949350319	1.546724787825369	-0.6025923495673311	-2.637946136422158	-3.74366006739433	-4.565640715304184	-5.464208991798273	-6.514193200336635	-7.008015719601303	-7.121622891433589	-7.795383851031176	-8.760769469728984	-9.934838671241778
-5.419838126715774	-5.053540922084181	-4.660003442672434	-4.021918862520749	-2.691121440886498	-1.323577246909458	-0.2212588240488174	0.8447620353972525	1.341261759958002	1.404308372386083	1.893351953639169	2.994997425443714	4.484829565047633	5.955380806824955	7.274912661125612	8.431930544306091	9.430828889840388	9.964805943986193	9.948861871440485	9.346887361720448	8.103352264048418	6.309745603764327	3.912306488069405	1.332839287280152	-1.017565183409957	-2.777939231436193	-4.320532477530662	-5.242808396029361	-5.905480908164833	-7.40017421693824	-8.404682570022288	-8.833367963904266	-9.173627721191735	-9.704868418893909	-10.44597937897521
-5.423807900612758	-5.244093637978551	-4.897636759373171	-4.176936083576436	-3.013332617091564	-1.905461584415235	-1.193807662543449	-0.8686706118185299	-0.8156170332256778	-0.49698226487385	0.7659572284797491	2.371019306775153	4.103211757598857	5.898909824785704	7.123849764771499	7.908841727871504	8.483281311348918	8.463080030677489	8.080731773750209	7.499202490878332	6.423729309241033	4.923466759305143	2.948335930679519	0.07670677164286133	-2.563028149997372	-4.412741533523686	-6.199295657464191	-7.332592052044106	-7.95951207589124	-8.839143136038246	-9.742280586543288	-10.33436507799593	-10.55250793288982	-10.74866444282509	-11.09759142328704
-5.249316070625014	-5.303513472293162	-5.127452759371437	-4.536200278063362	-3.755758966082865	-3.086379943040001	-2.724372944076976	-2.743291431963058	-2.816862786624142	-2.351989884592086	-0.6721354385633589	1.200801942136849	3.012670460691012	4.814486943206944	5.678032981506817	5.986253292890737	6.157603744957108	5.81769588036002	5.445630151227931	5.101492939466048	3.971258570674848	2.510523884184451	1.178101123992718	-1.325831455747391	-4.097665416915085	-6.465613092785404	-8.566973882614136	-9.813951738791303	-10.36696975164068	-10.69833729085723	-11.21435707367373	-11.65118997331467	-11.71090700725549	-11.657292777512	-11.68485638351933
-4.805050802635094	-5.18494724283309	-5.441702187525266	-5.419217843193906	-5.11182490126788	-4.842820208345813	-4.744663228898389	-4.290152569342524	-4.24760881953631	-4.088952703375625	-2.665243794573527	-0.7351283463527807	1.018112721713024	2.270893559382202	3.242017518744305	3.774935801239934	3.90942429175054	3.709445084911835	3.605860097194594	3.879868130894195	2.187231282018217	0.01444868504232488	-1.407276994018616	-2.739108785949739	-5.087189914899881	-8.342134213706387	-10.4611145296937	-11.56576354868862	-12.03831267838157	-12.49988560997939	-12.79340353122672	-12.79330274339307	-12.61376322127023	-12.31120346729654	-12.06302284244856
-3.919414042829061	-4.591578630623104	-5.257118378598506	-5.665272780377833	-5.372266302519606	-5.003630629641293	-4.790324619256467	-4.335874993690027	-4.263313136300468	-4.189527824003392	-3.120661242646605	-1.517075425980096	0.01665306956787305	1.170651570238306	2.462636248471824	3.62371985998594	4.134765224413457	3.800865299002894	3.434541988541781	3.072934616241255	1.225915579683345	-1.416217116864743	-3.783230455304931	-5.439169212489873	-7.515141987453191	-10.00299718272852	-11.85571739712245	-12.72815717902375	-13.11812571197841	-13.67787637808697	-13.93497614450683	-13.70975920220593	-13.17649473061491	-12.60327872916494	-12.12089810888
-2.434121173258916	-3.22638916528652	-4.005109237305277	-4.48178979156738	-4.098090941276809	-3.708231410107089	-3.617300834489868	-3.348844607917386	-3.484380985680872	-3.701384985172297	-3.062211146785529	-1.85968502126849	-0.4175672481251453	0.9832738772138754	2.243250583909763	3.139175017953505	3.446390568306711	2.864119386683655	2.144377745751982	1.5014480906095	0.09704241015663229	-2.098918460075183	-4.801386253558448	-7.334688154133104	-9.667464733179685	-11.34340944412487	-12.32496107863164	-12.80460945870388	-13.30432017029885	-14.02003646781768	-14.23088380298302	-13.811583513041	-13.12821862846158	-12.40857218223636	-11.76837662340404
-0.3140437291730791	-1.072538633414553	-1.760955633083938	-2.03244298301874	-1.912438403296534	-1.855461989664036	-2.170441120526277	-2.212079798823396	-2.8076103220764	-3.505980871556034	-3.321199891518162	-2.305091562170162	-0.9755869789283196	0.7882872632021218	1.216423622665083	0.7848532343331414	0.2475180342579222	-0.1874515380631863	-1.051883317653775	-1.356440134434934	-1.897404179267923	-2.950640189714591	-4.561836094685788	-7.710893719589677	-10.60020029426747	-12.15751229801712	-12.14992032281079	-12.13616834867572	-12.83664023950416	-13.67237057352929	-13.81704031222409	-13.15661763922662	-12.49514579193254	-11.68464075471587	-10.94923231153723
2.367764132293132	1.708941002650448	0.9985100961597482	0.4241719749068125	0.2746427993313318	0.1080109490338685	-0.2503177648587496	-0.9384013738319652	-2.086385408770354	-3.218636199647392	-2.909760007225017	-1.750667709807964	-0.4916739387698996	-0.1063203990015467	-0.4331385736026761	-1.211233596093592	-1.892545327686207	-2.261127444059582	-3.317337035732862	-3.770287688424531	-4.363856960106801	-5.055831944262295	-5.953367377910382	-7.835862930908647	-10.45855600441459	-12.51119939661277	-12.38252272737467	-11.85574567832541	-12.06502308093624	-12.7109278947741	-12.92687426807954	-12.43599304927872	-11.35776946416115	-10.37714267329307	-9.625918651419681
5.494783964243993	5.036042258552754	4.440409721560002	3.790742779557661	3.355321515990084	2.611327585299776	1.784097985310595	1.297329352191795	0.3718114482945367	-1.120513517356827	-1.738111757238841	-1.441732482785419	-0.9531018479094655	-1.543422072728298	-2.178888424027761	-2.908335400224303	-3.831870305554844	-4.413306944534767	-4.984799661939903	-5.52937008779611	-6.258852437029404	-6.905362623344928	-7.333568202508189	-7.989184561340949	-9.699729823211911	-11.5112316477689	-11.18982388644714	-10.30085944793662	-10.07653885442312	-10.44131862687048	-10.48657464677601	-9.964681402679503	-9.109395225012861	-8.365339656138303	-7.805915582480793
8.888147099322339	8.722796036987404	8.435111284578568	8.113740447107119	7.468710412714955	5.957092393750997	3.957553140714794	4.389731512720402	4.065910524773159	2.486089209130896	0.06212683562596055	-1.342209486824899	-2.173615755513303	-3.034794226375759	-3.58944934920401	-4.208802167089267	-5.395172727683757	-5.880303028155296	-6.111383238213094	-6.690143258107185	-7.175065179492094	-7.755402999820021	-8.199976101541949	-8.170599900790535	-8.688889458727452	-9.399681313042592	-8.516649067892637	-7.54505958378185	-7.169900920931973	-7.27832249399691	-6.966587311161831	-6.29143073192904	-6.111169417647233	-5.87394463867588	-5.637420216443331
12.31018412398225	12.43110175081034	12.33628600894204	11.96311033972808	11.24409219825239	9.721792638248019	7.949324547745306	7.11845061610056	6.192677203184303	4.602333739534629	2.846064398324259	0.4596703782317917	-1.999265748918646	-3.295787159258126	-4.303855188838188	-5.181725648950668	-5.958803903056101	-7.015537678300518	-7.633156822243208	-7.387439508894985	-7.714489753432673	-8.304145707060137	-8.692722303162391	-8.658141478036654	-7.999505920585015	-6.847788483774451	-5.812230205567104	-5.107688456239131	-4.811244989592495	-4.32507909291482	-3.851405883581094	-3.507797264473709	-3.378056607487793	-3.348225893501819	-3.351572293229424
15.53081561535237	15.9081247880257	15.99202053911614	15.63876669728148	14.7982723412299	13.39409034441206	11.70984995283676	10.03141641203727	8.367858128064569	6.924379770869351	5.904283824233509	3.4647828534792	0.02153059692063408	-2.60244575400742	-4.686507627760207	-6.146756212293589	-7.005931071776104	-8.174278197878891	-9.004390106841257	-8.962929107185317	-9.191392336723894	-9.494357239090135	-9.257230150082336	-7.990302016745389	-6.120179789340774	-4.393603057142244	-3.471822047531887	-2.838534608877986	-2.190298270582673	-1.455123077028418	-1.049125642930477	-0.9567179619354533	-0.9036495491974108	-0.9512209610776381	-1.102743634805051
18.34839139991982	18.93104075620715	19.18026269964815	18.95740214452709	17.82966950148565	16.41741574984084	14.88999986931259	13.00108235604007	10.90232961322954	9.337874950118589	8.586995685451463	6.418813776882416	2.768741496027637	-1.242385157407689	-4.419808292470485	-6.64916076673132	-7.967392741743588	-9.080690386509836	-9.952489097171323	-10.51410551855725	-10.51360635762931	-10.12105163365882	-8.954276236240531	-6.103293763207006	-3.51322925014739	-2.114498664518507	-1.511650243623457	-0.6895446417045861	0.5156969481417661	1.298510445327196	1.579075592111536	1.519131712082327	1.483480611718846	1.326252268864323	1.039573685512721
20.60316016413105	21.30451558204635	21.54697815779906	21.04883705037889	19.72880527891562	18.48930465264738	17.49646290448786	15.25003805168547	12.81933904107088	10.97124861709297	9.932537820459089	7.883796142492741	4.573978153895645	0.6019414735124791	-2.810967942961099	-5.47864581494202	-7.555039006646219	-9.028821829073685	-10.02155007888256	-10.4364349811929	-9.85630575102573	-8.6416083951313	-6.740615350748328	-4.03963193414387	-1.713250486601027	-0.5364205702724263	0.1748782465797092	1.26116202806783	2.6871467355909	3.490604283960153	3.833451320803107	3.897725640592398	3.746534243257003	3.438933259867497	3.011286490696193
22.19613331761622	22.97267229385665	23.23406576549621	22.61879855379499	20.9830725050092	19.42576860654225	18.30675660997159	16.3375411651798	14.38265243705003	12.62897947654983	10.56250076016686	8.038720941980294	5.185017906786001	2.241487712214251	-0.6108432155722099	-3.286686299383135	-5.759243752929777	-7.623893482851344	-8.667643237743747	-8.799065682682041	-8.127934870989151	-6.844426233553065	-5.024954410458705	-2.746074983743625	-0.7572835088438552	0.5383940104991467	1.629340767101411	2.940631368311045	4.319800381515904	5.200256917818621	5.696387022500431	5.873859854292647	5.686047862765634	5.262192454097544	4.725700002523695
23.06040981855597	23.87346594689456	24.23167385270989	23.77845733598889	21.89170275858857	19.68764761752681	17.87708704907973	16.28288970899592	14.96039244822151	13.63908576000374	10.66341572511556	7.916018133184281	5.446143267914032	3.418080244359651	0.8499476524180025	-1.83228340396731	-4.380161183895368	-6.386710083656922	-7.459180961083121	-7.472415650250014	-7.023120369415224	-5.920621961987422	-4.221619979382737	-2.080885474084795	-0.1385070173812011	1.369291308757084	2.810627388410339	4.188551845055912	5.337592648426295	6.160146225571197	6.856448011712388	7.282113868614488	7.134674413277082	6.669628592127765	6.104041641903109
23.16261694575462	23.901471944641	24.23575058559283	23.85380151995923	22.21506000750429	19.92431945698411	17.64086281343339	15.63914160778299	13.86567069018003	12.03037234036452	10.17066992733054	8.189885161892974	6.29802074945745	3.897165300914182	0.8302404974664768	-2.269845276094841	-4.381451693320798	-6.072131576055043	-7.094386773004032	-7.210023542542899	-6.649132604587379	-5.491395400484009	-3.512404475631612	-1.176349479144008	0.8300416803879216	2.298395513823607	3.777955357079833	5.04345921472806	5.900356531127102	6.459266486624159	7.291556487382565	8.114475532068354	7.998329724550729	7.598447509751793	7.12395798834757
22.56218081784641	23.10326251218743	23.22019007619383	22.64621997534852	21.20667959680276	19.15267695907153	16.91369614058135	14.80145293368153	12.68918581881553	10.59535944681284	8.865674949208568	7.217888345710549	5.465341638347752	3.295220658375101	0.713911179566054	-1.721728781227995	-3.359866632254679	-4.502630032185323	-5.013455255332019	-4.756644261636438	-4.249286493320199	-3.224672642320627	-1.502931065574686	0.3969097615778594	2.122151911116362	3.581851723669601	4.854911715574346	5.958498508348953	6.840820548961887	7.487962788220358	7.967763024494644	8.271083550547473	8.281127599235504	8.125219600021922	7.865446055885684
21.42020672060028	21.7334176893321	21.69764629110244	21.01389309024182	19.76181429418955	18.07012059468264	16.29998129970545	14.54152411180559	12.63582082043286	10.61370860447664	8.68847653146949	7.032905544384761	5.470103238728299	3.979686237348233	2.360300456919958	0.8200634936725066	-0.3105130137026606	-0.9988065560537223	-1.206144782479043	-0.8349063704458501	-0.4687380690165526	0.293844928496128	1.52091795335906	2.759823428373267	4.022874014291475	5.300029146358256	6.267447290452537	7.199075934212033	8.136262912225845	8.769284922273045	8.687106097479273	8.322655066443986	8.412853663127748	8.53848381411234	8.516738769394465
19.93104806264216	19.99970918900954	19.97402211849766	19.89615543607613	18.88146526515442	17.62410565683888	16.53205061360444	15.07429952322809	13.67883480999916	12.35053330098816	10.70614100937266	9.304218090016946	8.266563722399539	7.265569259303135	6.018041541348424	4.847697253482565	4.045930851970056	3.495216652756909	3.120170303619659	2.826642784222031	3.117034230164904	3.787168153457486	4.65222596300768	5.500583576415011	6.423311374583292	7.343801473713285	8.003125201729475	8.734605932497544	9.515586576355702	9.711570945810479	9.269908683431709	8.72807894112259	8.931910507121359	9.187017216756317	9.28857685221567
18.32290684671591	18.04566815525243	17.66232028080844	17.37505642720822	17.40317515625742	17.23822944145746	16.47221770757869	15.49098765752871	14.64221543819173	13.85233137196593	12.80970118939669	11.67380057600994	10.71121930387378	9.99462023902791	9.179276686858202	8.422094387248478	7.943581320912116	7.380911314419578	6.742303244803566	6.298186929241552	6.420350655283755	6.855044735725329	7.323810624673342	7.940104436349188	8.645860938764557	9.327721605182049	9.91938110421259	10.47113037017581	10.81661934872091	10.60244028794264	10.234113822567	10.05868374252026	10.0991268044628	10.23021983814169	10.29276898445448
16.90804197067018	16.34671422183476	15.60957546850113	14.99017012824174	15.84073545042884	16.60803216398369	16.17118726045965	15.68439233104169	15.28660547299319	14.89034994796407	14.32664262411404	13.45050452759861	12.55802846546004	12.03487241175102	11.58031973710243	11.20752682006884	10.98082993515646	10.45740072375099	9.805257870459229	9.406681345785302	9.410936558432866	9.598379166631275	9.778253039078038	10.20158186256143	10.73999937637126	11.27265350659785	11.7916790088026	12.16307329701351	12.20753826908992	11.8336537235333	11.62305641671657	11.66725319067803	11.59295910314006	11.55458349201922	11.50488694033612
15.95027080136219	15.35986199371246	14.75601078862121	14.54649891909344	15.16272099078179	15.89322579584382	16.07421863962276	16.01889669440726	15.93723009527895	15.79833961367262	15.4951839380945	14.97860034620223	14.42895948538273	14.04693053759615	13.78718129998379	13.59818404807902	13.39979304669956	13.02956785915629	12.56596082811086	12.23166827102227	12.11865682404749	12.14411531351342	12.24860340123652	12.49746151274285	12.85522451631769	13.23713153013368	13.57687329498134	13.76574222217684	13.70594504952533	13.45402297766097	13.26905774596185	13.2018583638785	13.10907605139681	12.98968612292407	12.84219852555964
15.50944615917274	15.06223650996242	14.71676841525789	14.72151037776575	15.17898448666722	15.78862782014801	16.2249776081203	16.48257315140182	16.64116291787065	16.70245826168548	16.62551454127799	16.41144647325223	16.15319450294908	15.95130167042015	15.81878964294097	15.71451019619801	15.5694655453095	15.32460874183309	15.01989050310306	14.76233956083547	14.61491552627712	14.5687989008924	14.60938061851496	14.7449635291419	14.95417360258747	15.18226160994918	15.36378639515749	15.42854776547597	15.33948532153761	15.14655736230901	14.95749413742794	14.8071635114332	14.65271795486342	14.46875395644906	14.24239658288161
15.49750129694121	15.23447785499764	15.09755486460961	15.21818939748687	15.62035091325345	16.16573328455013	16.685057892386	17.11006372424833	17.43849759953685	17.66565581234806	17.77986273490916	17.79322846234146	17.75431759130188	17.71460725464038	17.68942198156222	17.65723445474555	17.58001950157799	17.43489633151265	17.24383203612496	17.06016327693359	16.92606460347434	16.85522086890151	16.84863990337502	16.90358511981009	17.00181591161233	17.10611249264113	17.1699609740464	17.151774236021	17.03687948221088	16.85260137983386	16.6462671845178	16.43940878002729	16.22008613453363	15.96944871834114	15.67068776320866
