0 0 0 0 0 0
3.1416 0 0 3.1416 0 0
6.2831 0 0 6.2831 0 0
9.4246 0 0 9.4246 0 0
12.566 0 0 12.566 0 0
15.707 0 0 15.707 0 0
18.848 0 0 18.848 0 0
21.989 0 0 21.989 0 0
25.13 0 0 25.13 0 0
28.271 0 0 28.271 0 0
31.411 0 0 31.411 0 0
34.551 0 0 34.551 0 0
37.69 0 0 37.69 0 0
40.829 0 0 40.829 0 0
43.968 0 0 43.968 0 0
47.106 0 0 47.106 0 0
50.244 0 0 50.244 0 0
53.382 0 0 53.382 0 0
56.519 0 0 56.519 0 0
59.655 0 0 59.655 0 0
62.791 0 0 62.791 0 0
65.926 0 0 65.926 0 0
69.06 0 0 69.06 0 0
72.194 0 0 72.194 0 0
75.327 0 0 75.327 0 0
78.459 0 0 78.459 0 0
81.591 0 0 81.591 0 0
84.721 0 0 84.721 0 0
87.851 0 0 87.851 0 0
90.98 0 0 90.98 0 0
94.108 0 0 94.108 0 0
97.235 0 0 97.235 0 0
100.36 0 0 100.36 0 0
103.49 0 0 103.49 0 0
106.61 0 0 106.61 0 0
109.73 0 0 109.73 0 0
112.86 0 0 112.86 0 0
115.98 0 0 115.98 0 0
119.1 0 0 119.1 0 0
122.22 0 0 122.22 0 0
125.33 0 0 125.33 0 0
128.45 0 0 128.45 0 0
131.56 0 0 131.56 0 0
134.68 0 0 134.68 0 0
137.79 0 0 137.79 0 0
140.9 0 0 140.9 0 0
144.01 0 0 144.01 0 0
147.12 0 0 147.12 0 0
150.23 0 0 150.23 0 0
153.33 0 0 153.33 0 0
156.43 0 0 156.43 0 0
159.54 0 0 159.54 0 0
162.64 0 0 162.64 0 0
165.74 0 0 165.74 0 0
168.83 0 0 168.83 0 0
171.93 0 0 171.93 0 0
175.02 0 0 175.02 0 0
178.12 0 0 178.12 0 0
181.21 0 0 181.21 0 0
184.29 0 0 184.29 0 0
187.38 0 0 187.38 0 0
190.47 0 0 190.47 0 0
193.55 0 0 193.55 0 0
196.63 0 0 196.63 0 0
199.71 0 0 199.71 0 0
202.79 0 0 202.79 0 0
205.86 0 0 205.86 0 0
208.94 0 0 208.94 0 0
212.01 0 0 212.01 0 0
215.08 0 0 215.08 0 0
218.14 0 0 218.14 0 0
221.21 0 0 221.21 0 0
224.27 0 0 224.27 0 0
227.33 0 0 227.33 0 0
230.39 0 0 230.39 0 0
233.45 0 0 233.45 0 0
236.5 0 0 236.5 0 0
239.55 0 0 239.55 0 0
242.6 0 0 242.6 0 0
245.65 0 0 245.65 0 0
248.69 0 0 248.69 0 0
251.73 0 0 251.73 0 0
254.77 0 0 254.77 0 0
257.81 0 0 257.81 0 0
260.84 0 0 260.84 0 0
263.87 0 0 263.87 0 0
266.9 0 0 266.9 0 0
269.93 0 0 269.93 0 0
272.95 0 0 272.95 0 0
275.97 0 0 275.97 0 0
278.99 0 0 278.99 0 0
282.01 0 0 282.01 0 0
285.02 0 0 285.02 0 0
288.03 0 0 288.03 0 0
291.04 0 0 291.04 0 0
294.04 0 0 294.04 0 0
297.04 0 0 297.04 0 0
300.04 0 0 300.04 0 0
303.04 0 0 303.04 0 0
306.03 0 0 306.03 0 0
309.02 0 0 309.02 0 0
312 0 0 312 0 0
314.99 0 0 314.99 0 0
317.97 0 0 317.97 0 0
320.94 0 0 320.94 0 0
323.92 0 0 323.92 0 0
326.89 0 0 326.89 0 0
329.86 0 0 329.86 0 0
332.82 0 0 332.82 0 0
335.78 0 0 335.78 0 0
338.74 0 0 338.74 0 0
341.69 0 0 341.69 0 0
344.64 0 0 344.64 0 0
347.59 0 0 347.59 0 0
350.53 0 0 350.53 0 0
353.47 0 0 353.47 0 0
356.41 0 0 356.41 0 0
359.35 0 0 359.35 0 0
362.28 0 0 362.28 0 0
365.2 0 0 365.2 0 0
368.12 0 0 368.12 0 0
371.04 0 0 371.04 0 0
373.96 0 0 373.96 0 0
376.87 0 0 376.87 0 0
379.78 0 0 379.78 0 0
382.68 0 0 382.68 0 0
385.58 0 0 385.58 0 0
388.48 0 0 388.48 0 0
391.37 0 0 391.37 0 0
394.26 0 0 394.26 0 0
397.15 0 0 397.15 0 0
400.03 0 0 400.03 0 0
402.91 0 0 402.91 0 0
405.78 0 0 405.78 0 0
408.65 0 0 408.65 0 0
411.51 0 0 411.51 0 0
414.38 0 0 414.38 0 0
417.23 0 0 417.23 0 0
420.09 0 0 420.09 0 0
422.93 0 0 422.93 0 0
425.78 0 0 425.78 0 0
428.62 0 0 428.62 0 0
431.46 0 0 431.46 0 0
434.29 0 0 434.29 0 0
437.12 0 0 437.12 0 0
439.94 0 0 439.94 0 0
442.76 0 0 442.76 0 0
445.57 0 0 445.57 0 0
448.38 0 0 448.38 0 0
451.19 0 0 451.19 0 0
453.99 0 0 453.99 0 0
456.79 0 0 456.79 0 0
459.58 0 0 459.58 0 0
462.37 0 0 462.37 0 0
465.15 0 0 465.15 0 0
467.93 0 0 467.93 0 0
470.7 0 0 470.7 0 0
473.47 0 0 473.47 0 0
476.24 0 0 476.24 0 0
479 0 0 479 0 0
481.75 0 0 481.75 0 0
484.5 0 0 484.5 0 0
487.25 0 0 487.25 0 0
489.99 0 0 489.99 0 0
492.73 0 0 492.73 0 0
495.46 0 0 495.46 0 0
498.19 0 0 498.19 0 0
500.91 0 0 500.91 0 0
503.62 0 0 503.62 0 0
506.33 0 0 506.33 0 0
509.04 0 0 509.04 0 0
511.74 0 0 511.74 0 0
514.44 0 0 514.44 0 0
517.13 0 0 517.13 0 0
519.82 0 0 519.82 0 0
522.5 0 0 522.5 0 0
525.17 0 0 525.17 0 0
527.85 0 0 527.85 0 0
530.51 0 0 530.51 0 0
533.17 0 0 533.17 0 0
535.83 0 0 535.83 0 0
538.48 0 0 538.48 0 0
541.12 0 0 541.12 0 0
543.76 0 0 543.76 0 0
546.39 0 0 546.39 0 0
549.02 0 0 549.02 0 0
551.65 0 0 551.65 0 0
554.26 0 0 554.26 0 0
556.88 0 0 556.88 0 0
559.48 0 0 559.48 0 0
562.08 0 0 562.08 0 0
564.68 0 0 564.68 0 0
567.27 0 0 567.27 0 0
569.85 0 0 569.85 0 0
572.43 0 0 572.43 0 0
575.01 0 0 575.01 0 0
577.57 0 0 577.57 0 0
580.13 0 0 580.13 0 0
582.69 0 0 582.69 0 0
585.24 0 0 585.24 0 0
587.79 0 0 587.79 0 0
590.32 0 0 590.32 0 0
592.86 0 0 592.86 0 0
595.38 0 0 595.38 0 0
597.9 0 0 597.9 0 0
600.42 0 0 600.42 0 0
602.93 0 0 602.93 0 0
605.43 0 0 605.43 0 0
607.93 0 0 607.93 0 0
610.42 0 0 610.42 0 0
612.91 0 0 612.91 0 0
615.39 0 0 615.39 0 0
617.86 0 0 617.86 0 0
620.33 0 0 620.33 0 0
622.79 0 0 622.79 0 0
625.24 0 0 625.24 0 0
627.69 0 0 627.69 0 0
630.13 0 0 630.13 0 0
632.57 0 0 632.57 0 0
635 0 0 635 0 0
637.42 0 0 637.42 0 0
639.84 0 0 639.84 0 0
642.25 0 0 642.25 0 0
644.66 0 0 644.66 0 0
647.06 0 0 647.06 0 0
649.45 0 0 649.45 0 0
651.83 0 0 651.83 0 0
654.21 0 0 654.21 0 0
656.59 0 0 656.59 0 0
658.95 0 0 658.95 0 0
661.31 0 0 661.31 0 0
663.67 0 0 663.67 0 0
666.01 0 0 666.01 0 0
668.35 0 0 668.35 0 0
670.69 0 0 670.69 0 0
673.01 0 0 673.01 0 0
675.33 0 0 675.33 0 0
677.65 0 0 677.65 0 0
679.95 0 0 679.95 0 0
682.25 0 0 682.25 0 0
684.55 0 0 684.55 0 0
686.83 0 0 686.83 0 0
689.11 0 0 689.11 0 0
691.39 0 0 691.39 0 0
693.65 0 0 693.65 0 0
695.91 0 0 695.91 0 0
698.17 0 0 698.17 0 0
700.41 0 0 700.41 0 0
702.65 0 0 702.65 0 0
704.88 0 0 704.88 0 0
707.11 0 0 707.11 0 0
709.32 0 0 709.32 0 0
711.54 0 0 711.54 0 0
713.74 0 0 713.74 0 0
715.94 0 0 715.94 0 0
718.13 0 0 718.13 0 0
720.31 0 0 720.31 0 0
722.48 0 0 722.48 0 0
724.65 0 0 724.65 0 0
726.81 0 0 726.81 0 0
728.97 0 0 728.97 0 0
731.12 0 0 731.12 0 0
733.26 0 0 733.26 0 0
735.39 0 0 735.39 0 0
737.51 0 0 737.51 0 0
739.63 0 0 739.63 0 0
741.74 0 0 741.74 0 0
743.85 0 0 743.85 0 0
745.94 0 0 745.94 0 0
748.03 0 0 748.03 0 0
750.11 0 0 750.11 0 0
752.18 0 0 752.18 0 0
754.25 0 0 754.25 0 0
756.31 0 0 756.31 0 0
758.36 0 0 758.36 0 0
760.41 0 0 760.41 0 0
762.44 0 0 762.44 0 0
764.47 0 0 764.47 0 0
766.49 0 0 766.49 0 0
768.51 0 0 768.51 0 0
770.51 0 0 770.51 0 0
772.51 0 0 772.51 0 0
774.5 0 0 774.5 0 0
776.49 0 0 776.49 0 0
778.46 0 0 778.46 0 0
780.43 0 0 780.43 0 0
782.39 0 0 782.39 0 0
784.34 0 0 784.34 0 0
786.29 0 0 786.29 0 0
788.23 0 0 788.23 0 0
790.16 0 0 790.16 0 0
792.08 0 0 792.08 0 0
793.99 0 0 793.99 0 0
795.9 0 0 795.9 0 0
797.79 0 0 797.79 0 0
799.68 0 0 799.68 0 0
801.57 0 0 801.57 0 0
803.44 0 0 803.44 0 0
805.31 0 0 805.31 0 0
807.17 0 0 807.17 0 0
809.02 0 0 809.02 0 0
810.86 0 0 810.86 0 0
812.69 0 0 812.69 0 0
814.52 0 0 814.52 0 0
816.34 0 0 816.34 0 0
818.15 0 0 818.15 0 0
819.95 0 0 819.95 0 0
821.75 0 0 821.75 0 0
823.53 0 0 823.53 0 0
825.31 0 0 825.31 0 0
827.08 0 0 827.08 0 0
828.84 0 0 828.84 0 0
830.6 0 0 830.6 0 0
832.34 0 0 832.34 0 0
834.08 0 0 834.08 0 0
835.81 0 0 835.81 0 0
837.53 0 0 837.53 0 0
839.24 0 0 839.24 0 0
840.94 0 0 840.94 0 0
842.64 0 0 842.64 0 0
844.33 0 0 844.33 0 0
846.01 0 0 846.01 0 0
847.68 0 0 847.68 0 0
849.34 0 0 849.34 0 0
850.99 0 0 850.99 0 0
852.64 0 0 852.64 0 0
854.28 0 0 854.28 0 0
855.91 0 0 855.91 0 0
857.53 0 0 857.53 0 0
859.14 0 0 859.14 0 0
860.74 0 0 860.74 0 0
862.34 0 0 862.34 0 0
863.92 0 0 863.92 0 0
865.5 0 0 865.5 0 0
867.07 0 0 867.07 0 0
868.63 0 0 868.63 0 0
870.18 0 0 870.18 0 0
871.73 0 0 871.73 0 0
873.26 0 0 873.26 0 0
874.79 0 0 874.79 0 0
876.31 0 0 876.31 0 0
877.82 0 0 877.82 0 0
879.32 0 0 879.32 0 0
880.81 0 0 880.81 0 0
882.29 0 0 882.29 0 0
883.77 0 0 883.77 0 0
885.23 0 0 885.23 0 0
886.69 0 0 886.69 0 0
888.14 0 0 888.14 0 0
889.58 0 0 889.58 0 0
891.01 0 0 891.01 0 0
892.43 0 0 892.43 0 0
893.84 0 0 893.84 0 0
895.25 0 0 895.25 0 0
896.64 0 0 896.64 0 0
898.03 0 0 898.03 0 0
899.41 0 0 899.41 0 0
900.77 0 0 900.77 0 0
902.13 0 0 902.13 0 0
903.48 0 0 903.48 0 0
904.83 0 0 904.83 0 0
906.16 0 0 906.16 0 0
907.48 0 0 907.48 0 0
908.8 0 0 908.8 0 0
910.11 0 0 910.11 0 0
911.4 0 0 911.4 0 0
912.69 0 0 912.69 0 0
913.97 0 0 913.97 0 0
915.24 0 0 915.24 0 0
916.5 0 0 916.5 0 0
917.75 0 0 917.75 0 0
919 0 0 919 0 0
920.23 0 0 920.23 0 0
921.46 0 0 921.46 0 0
922.67 0 0 922.67 0 0
923.88 0 0 923.88 0 0
925.08 0 0 925.08 0 0
926.27 0 0 926.27 0 0
927.45 0 0 927.45 0 0
928.62 0 0 928.62 0 0
929.78 0 0 929.78 0 0
930.93 0 0 930.93 0 0
932.07 0 0 932.07 0 0
933.2 0 0 933.2 0 0
934.33 0 0 934.33 0 0
935.44 0 0 935.44 0 0
936.55 0 0 936.55 0 0
937.65 0 0 937.65 0 0
938.73 0 0 938.73 0 0
939.81 0 0 939.81 0 0
940.88 0 0 940.88 0 0
941.94 0 0 941.94 0 0
942.99 0 0 942.99 0 0
944.03 0 0 944.03 0 0
945.06 0 0 945.06 0 0
946.09 0 0 946.09 0 0
947.1 0 0 947.1 0 0
948.1 0 0 948.1 0 0
949.1 0 0 949.1 0 0
950.08 0 0 950.08 0 0
951.06 0 0 951.06 0 0
952.02 0 0 952.02 0 0
952.98 0 0 952.98 0 0
953.93 0 0 953.93 0 0
954.86 0 0 954.86 0 0
955.79 0 0 955.79 0 0
956.71 0 0 956.71 0 0
957.62 0 0 957.62 0 0
958.52 0 0 958.52 0 0
959.41 0 0 959.41 0 0
960.29 0 0 960.29 0 0
961.17 0 0 961.17 0 0
962.03 0 0 962.03 0 0
962.88 0 0 962.88 0 0
963.72 0 0 963.72 0 0
964.56 0 0 964.56 0 0
965.38 0 0 965.38 0 0
966.2 0 0 966.2 0 0
967 0 0 967 0 0
967.8 0 0 967.8 0 0
968.58 0 0 968.58 0 0
969.36 0 0 969.36 0 0
970.13 0 0 970.13 0 0
970.88 0 0 970.88 0 0
971.63 0 0 971.63 0 0
972.37 0 0 972.37 0 0
973.1 0 0 973.1 0 0
973.82 0 0 973.82 0 0
974.53 0 0 974.53 0 0
975.23 0 0 975.23 0 0
975.92 0 0 975.92 0 0
976.6 0 0 976.6 0 0
977.27 0 0 977.27 0 0
977.93 0 0 977.93 0 0
978.58 0 0 978.58 0 0
979.22 0 0 979.22 0 0
979.86 0 0 979.86 0 0
980.48 0 0 980.48 0 0
981.09 0 0 981.09 0 0
981.69 0 0 981.69 0 0
982.29 0 0 982.29 0 0
982.87 0 0 982.87 0 0
983.45 0 0 983.45 0 0
984.01 0 0 984.01 0 0
984.56 0 0 984.56 0 0
985.11 0 0 985.11 0 0
985.64 0 0 985.64 0 0
986.17 0 0 986.17 0 0
986.69 0 0 986.69 0 0
987.19 0 0 987.19 0 0
987.69 0 0 987.69 0 0
988.17 0 0 988.17 0 0
988.65 0 0 988.65 0 0
989.12 0 0 989.12 0 0
989.58 0 0 989.58 0 0
990.02 0 0 990.02 0 0
990.46 0 0 990.46 0 0
990.89 0 0 990.89 0 0
991.31 0 0 991.31 0 0
991.72 0 0 991.72 0 0
992.11 0 0 992.11 0 0
992.5 0 0 992.5 0 0
992.88 0 0 992.88 0 0
993.25 0 0 993.25 0 0
993.61 0 0 993.61 0 0
993.96 0 0 993.96 0 0
994.3 0 0 994.3 0 0
994.63 0 0 994.63 0 0
994.95 0 0 994.95 0 0
995.26 0 0 995.26 0 0
995.56 0 0 995.56 0 0
995.85 0 0 995.85 0 0
996.13 0 0 996.13 0 0
996.4 0 0 996.4 0 0
996.67 0 0 996.67 0 0
996.92 0 0 996.92 0 0
997.16 0 0 997.16 0 0
997.39 0 0 997.39 0 0
997.61 0 0 997.61 0 0
997.82 0 0 997.82 0 0
998.03 0 0 998.03 0 0
998.22 0 0 998.22 0 0
998.4 0 0 998.4 0 0
998.57 0 0 998.57 0 0
998.74 0 0 998.74 0 0
998.89 0 0 998.89 0 0
999.03 0 0 999.03 0 0
999.17 0 0 999.17 0 0
999.29 0 0 999.29 0 0
999.4 0 0 999.4 0 0
999.51 0 0 999.51 0 0
999.6 0 0 999.6 0 0
999.68 0 0 999.68 0 0
999.76 0 0 999.76 0 0
999.82 0 0 999.82 0 0
999.88 0 0 999.88 0 0
999.92 0 0 999.92 0 0
999.96 0 0 999.96 0 0
999.98 0 0 999.98 0 0
1000 0 0 1000 0 0
1000 0 0 1000 0 0
999.99 4.963 0 999.99 4.963 0
999.95 9.9259 0 999.95 9.9259 0
999.89 14.889 0 999.89 14.889 0
999.8 19.851 0 999.8 19.851 0
999.69 24.813 0 999.69 24.813 0
999.56 29.774 0 999.56 29.774 0
999.4 34.734 0 999.4 34.734 0
999.21 39.694 0 999.21 39.694 0
999 44.652 0 999 44.652 0
998.77 49.61 0 998.77 49.61 0
998.51 54.566 0 998.51 54.566 0
998.23 59.521 0 998.23 59.521 0
997.92 64.475 0 997.92 64.475 0
997.59 69.426 0 997.59 69.426 0
997.23 74.377 0 997.23 74.377 0
996.85 79.325 0 996.85 79.325 0
996.44 84.271 0 996.44 84.271 0
996.01 89.216 0 996.01 89.216 0
995.56 94.158 0 995.56 94.158 0
995.08 99.098 0 995.08 99.098 0
994.57 104.03 0 994.57 104.03 0
994.05 108.97 0 994.05 108.97 0
993.49 113.9 0 993.49 113.9 0
992.91 118.83 0 992.91 118.83 0
992.31 123.76 0 992.31 123.76 0
991.69 128.68 0 991.69 128.68 0
991.04 133.6 0 991.04 133.6 0
990.36 138.52 0 990.36 138.52 0
989.66 143.43 0 989.66 143.43 0
988.94 148.34 0 988.94 148.34 0
988.19 153.25 0 988.19 153.25 0
987.42 158.15 0 987.42 158.15 0
986.62 163.05 0 986.62 163.05 0
985.8 167.94 0 985.8 167.94 0
984.95 172.83 0 984.95 172.83 0
984.08 177.72 0 984.08 177.72 0
983.19 182.6 0 983.19 182.6 0
982.27 187.48 0 982.27 187.48 0
981.33 192.35 0 981.33 192.35 0
980.36 197.22 0 980.36 197.22 0
979.37 202.08 0 979.37 202.08 0
978.35 206.94 0 978.35 206.94 0
977.31 211.79 0 977.31 211.79 0
976.25 216.64 0 976.25 216.64 0
975.16 221.48 0 975.16 221.48 0
974.05 226.32 0 974.05 226.32 0
972.92 231.15 0 972.92 231.15 0
971.76 235.98 0 971.76 235.98 0
970.58 240.8 0 970.58 240.8 0
969.37 245.61 0 969.37 245.61 0
968.14 250.42 0 968.14 250.42 0
966.88 255.22 0 966.88 255.22 0
965.6 260.02 0 965.6 260.02 0
964.3 264.81 0 964.3 264.81 0
962.98 269.59 0 962.98 269.59 0
961.63 274.36 0 961.63 274.36 0
960.25 279.13 0 960.25 279.13 0
958.85 283.9 0 958.85 283.9 0
957.43 288.65 0 957.43 288.65 0
955.99 293.4 0 955.99 293.4 0
954.52 298.14 0 954.52 298.14 0
953.03 302.87 0 953.03 302.87 0
951.52 307.6 0 951.52 307.6 0
949.98 312.32 0 949.98 312.32 0
948.42 317.03 0 948.42 317.03 0
946.83 321.73 0 946.83 321.73 0
945.22 326.43 0 945.22 326.43 0
943.59 331.12 0 943.59 331.12 0
941.94 335.79 0 941.94 335.79 0
940.26 340.47 0 940.26 340.47 0
938.56 345.13 0 938.56 345.13 0
936.83 349.78 0 936.83 349.78 0
935.08 354.43 0 935.08 354.43 0
933.31 359.06 0 933.31 359.06 0
931.52 363.69 0 931.52 363.69 0
929.7 368.31 0 929.7 368.31 0
927.86 372.92 0 927.86 372.92 0
926 377.52 0 926 377.52 0
924.12 382.11 0 924.12 382.11 0
922.21 386.69 0 922.21 386.69 0
920.28 391.26 0 920.28 391.26 0
918.33 395.83 0 918.33 395.83 0
916.35 400.38 0 916.35 400.38 0
914.35 404.92 0 914.35 404.92 0
912.33 409.46 0 912.33 409.46 0
910.29 413.98 0 910.29 413.98 0
908.22 418.49 0 908.22 418.49 0
906.13 422.99 0 906.13 422.99 0
904.02 427.48 0 904.02 427.48 0
901.89 431.97 0 901.89 431.97 0
899.73 436.44 0 899.73 436.44 0
897.56 440.9 0 897.56 440.9 0
895.36 445.35 0 895.36 445.35 0
893.14 449.78 0 893.14 449.78 0
890.89 454.21 0 890.89 454.21 0
888.63 458.63 0 888.63 458.63 0
886.34 463.03 0 886.34 463.03 0
884.03 467.43 0 884.03 467.43 0
881.7 471.81 0 881.7 471.81 0
879.35 476.18 0 879.35 476.18 0
876.98 480.54 0 876.98 480.54 0
874.58 484.88 0 874.58 484.88 0
872.16 489.22 0 872.16 489.22 0
869.72 493.54 0 869.72 493.54 0
867.26 497.85 0 867.26 497.85 0
864.78 502.15 0 864.78 502.15 0
862.28 506.43 0 862.28 506.43 0
859.76 510.71 0 859.76 510.71 0
857.21 514.97 0 857.21 514.97 0
854.64 519.22 0 854.64 519.22 0
852.06 523.45 0 852.06 523.45 0
849.45 527.67 0 849.45 527.67 0
846.82 531.88 0 846.82 531.88 0
844.17 536.08 0 844.17 536.08 0
841.5 540.26 0 841.5 540.26 0
838.81 544.43 0 838.81 544.43 0
836.09 548.59 0 836.09 548.59 0
833.36 552.73 0 833.36 552.73 0
830.61 556.86 0 830.61 556.86 0
827.83 560.97 0 827.83 560.97 0
825.04 565.08 0 825.04 565.08 0
822.22 569.16 0 822.22 569.16 0
819.39 573.24 0 819.39 573.24 0
816.53 577.3 0 816.53 577.3 0
813.66 581.34 0 813.66 581.34 0
810.76 585.37 0 810.76 585.37 0
807.85 589.39 0 807.85 589.39 0
804.91 593.39 0 804.91 593.39 0
801.96 597.38 0 801.96 597.38 0
798.98 601.35 0 798.98 601.35 0
795.99 605.31 0 795.99 605.31 0
792.98 609.25 0 792.98 609.25 0
789.94 613.18 0 789.94 613.18 0
786.89 617.09 0 786.89 617.09 0
783.82 620.99 0 783.82 620.99 0
780.73 624.87 0 780.73 624.87 0
777.61 628.74 0 777.61 628.74 0
774.48 632.59 0 774.48 632.59 0
771.34 636.43 0 771.34 636.43 0
768.17 640.25 0 768.17 640.25 0
764.98 644.05 0 764.98 644.05 0
761.77 647.84 0 761.77 647.84 0
758.55 651.62 0 758.55 651.62 0
755.31 655.37 0 755.31 655.37 0
752.04 659.11 0 752.04 659.11 0
748.76 662.84 0 748.76 662.84 0
745.46 666.54 0 745.46 666.54 0
742.15 670.24 0 742.15 670.24 0
738.81 673.91 0 738.81 673.91 0
735.46 677.57 0 735.46 677.57 0
732.09 681.21 0 732.09 681.21 0
728.7 684.84 0 728.7 684.84 0
725.29 688.44 0 725.29 688.44 0
721.86 692.04 0 721.86 692.04 0
718.42 695.61 0 718.42 695.61 0
714.96 699.17 0 714.96 699.17 0
711.48 702.71 0 711.48 702.71 0
707.98 706.23 0 707.98 706.23 0
704.47 709.73 0 704.47 709.73 0
700.94 713.22 0 700.94 713.22 0
697.39 716.69 0 697.39 716.69 0
693.82 720.14 0 693.82 720.14 0
690.24 723.58 0 690.24 723.58 0
686.64 727 0 686.64 727 0
683.03 730.39 0 683.03 730.39 0
679.39 733.77 0 679.39 733.77 0
675.74 737.14 0 675.74 737.14 0
672.08 740.48 0 672.08 740.48 0
668.39 743.81 0 668.39 743.81 0
664.69 747.12 0 664.69 747.12 0
660.98 750.41 0 660.98 750.41 0
657.24 753.68 0 657.24 753.68 0
653.5 756.93 0 653.5 756.93 0
649.73 760.16 0 649.73 760.16 0
645.95 763.38 0 645.95 763.38 0
642.15 766.58 0 642.15 766.58 0
638.34 769.75 0 638.34 769.75 0
634.51 772.91 0 634.51 772.91 0
630.67 776.05 0 630.67 776.05 0
626.81 779.17 0 626.81 779.17 0
622.94 782.27 0 622.94 782.27 0
619.05 785.36 0 619.05 785.36 0
615.14 788.42 0 615.14 788.42 0
611.22 791.46 0 611.22 791.46 0
607.28 794.48 0 607.28 794.48 0
603.33 797.49 0 603.33 797.49 0
599.37 800.47 0 599.37 800.47 0
595.39 803.44 0 595.39 803.44 0
591.39 806.38 0 591.39 806.38 0
587.38 809.31 0 587.38 809.31 0
583.36 812.21 0 583.36 812.21 0
579.32 815.1 0 579.32 815.1 0
575.27 817.96 0 575.27 817.96 0
571.2 820.81 0 571.2 820.81 0
567.12 823.63 0 567.12 823.63 0
563.03 826.44 0 563.03 826.44 0
558.92 829.22 0 558.92 829.22 0
554.8 831.99 0 554.8 831.99 0
550.66 834.73 0 550.66 834.73 0
546.51 837.45 0 546.51 837.45 0
542.35 840.15 0 542.35 840.15 0
538.17 842.84 0 538.17 842.84 0
533.98 845.5 0 533.98 845.5 0
529.78 848.14 0 529.78 848.14 0
525.56 850.75 0 525.56 850.75 0
521.33 853.35 0 521.33 853.35 0
517.09 855.93 0 517.09 855.93 0
512.84 858.49 0 512.84 858.49 0
508.57 861.02 0 508.57 861.02 0
504.29 863.53 0 504.29 863.53 0
500 866.03 0 500 866.03 0
495.7 868.5 0 495.7 868.5 0
491.38 870.95 0 491.38 870.95 0
487.05 873.37 0 487.05 873.37 0
482.71 875.78 0 482.71 875.78 0
478.36 878.17 0 478.36 878.17 0
473.99 880.53 0 473.99 880.53 0
469.62 882.87 0 469.62 882.87 0
465.23 885.19 0 465.23 885.19 0
460.83 887.49 0 460.83 887.49 0
456.42 889.76 0 456.42 889.76 0
452 892.02 0 452 892.02 0
447.57 894.25 0 447.57 894.25 0
443.12 896.46 0 443.12 896.46 0
438.67 898.65 0 438.67 898.65 0
434.2 900.81 0 434.2 900.81 0
429.73 902.96 0 429.73 902.96 0
425.24 905.08 0 425.24 905.08 0
420.74 907.18 0 420.74 907.18 0
416.24 909.26 0 416.24 909.26 0
411.72 911.31 0 411.72 911.31 0
407.19 913.34 0 407.19 913.34 0
402.65 915.35 0 402.65 915.35 0
398.1 917.34 0 398.1 917.34 0
393.55 919.3 0 393.55 919.3 0
388.98 921.25 0 388.98 921.25 0
384.4 923.17 0 384.4 923.17 0
379.82 925.06 0 379.82 925.06 0
375.22 926.94 0 375.22 926.94 0
370.62 928.79 0 370.62 928.79 0
366 930.61 0 366 930.61 0
361.38 932.42 0 361.38 932.42 0
356.75 934.2 0 356.75 934.2 0
352.1 935.96 0 352.1 935.96 0
347.46 937.7 0 347.46 937.7 0
342.8 939.41 0 342.8 939.41 0
338.13 941.1 0 338.13 941.1 0
333.46 942.77 0 333.46 942.77 0
328.77 944.41 0 328.77 944.41 0
324.08 946.03 0 324.08 946.03 0
319.38 947.63 0 319.38 947.63 0
314.68 949.2 0 314.68 949.2 0
309.96 950.75 0 309.96 950.75 0
305.24 952.28 0 305.24 952.28 0
300.51 953.78 0 300.51 953.78 0
295.77 955.26 0 295.77 955.26 0
291.03 956.71 0 291.03 956.71 0
286.27 958.15 0 286.27 958.15 0
281.52 959.56 0 281.52 959.56 0
276.75 960.94 0 276.75 960.94 0
271.98 962.3 0 271.98 962.3 0
267.2 963.64 0 267.2 963.64 0
262.41 964.96 0 262.41 964.96 0
257.62 966.25 0 257.62 966.25 0
252.82 967.51 0 252.82 967.51 0
248.02 968.76 0 248.02 968.76 0
243.21 969.97 0 243.21 969.97 0
238.39 971.17 0 238.39 971.17 0
233.57 972.34 0 233.57 972.34 0
228.74 973.49 0 228.74 973.49 0
223.9 974.61 0 223.9 974.61 0
219.06 975.71 0 219.06 975.71 0
214.22 976.79 0 214.22 976.79 0
209.37 977.84 0 209.37 977.84 0
204.51 978.86 0 204.51 978.86 0
199.65 979.87 0 199.65 979.87 0
194.79 980.85 0 194.79 980.85 0
189.92 981.8 0 189.92 981.8 0
185.04 982.73 0 185.04 982.73 0
180.16 983.64 0 180.16 983.64 0
175.28 984.52 0 175.28 984.52 0
170.39 985.38 0 170.39 985.38 0
165.5 986.21 0 165.5 986.21 0
160.6 987.02 0 160.6 987.02 0
155.7 987.8 0 155.7 987.8 0
150.79 988.57 0 150.79 988.57 0
145.89 989.3 0 145.89 989.3 0
140.97 990.01 0 140.97 990.01 0
136.06 990.7 0 136.06 990.7 0
131.14 991.36 0 131.14 991.36 0
126.22 992 0 126.22 992 0
121.29 992.62 0 121.29 992.62 0
116.37 993.21 0 116.37 993.21 0
111.44 993.77 0 111.44 993.77 0
106.5 994.31 0 106.5 994.31 0
101.57 994.83 0 101.57 994.83 0
96.628 995.32 0 96.628 995.32 0
91.687 995.79 0 91.687 995.79 0
86.744 996.23 0 86.744 996.23 0
81.798 996.65 0 81.798 996.65 0
76.851 997.04 0 76.851 997.04 0
71.902 997.41 0 71.902 997.41 0
66.951 997.76 0 66.951 997.76 0
61.998 998.08 0 61.998 998.08 0
57.044 998.37 0 57.044 998.37 0
52.088 998.64 0 52.088 998.64 0
47.131 998.89 0 47.131 998.89 0
42.173 999.11 0 42.173 999.11 0
37.214 999.31 0 37.214 999.31 0
32.254 999.48 0 32.254 999.48 0
27.293 999.63 0 27.293 999.63 0
22.332 999.75 0 22.332 999.75 0
17.37 999.85 0 17.37 999.85 0
12.407 999.92 0 12.407 999.92 0
7.4445 999.97 0 7.4445 999.97 0
2.4815 1000 0 2.4815 1000 0
-2.4815 1000 0 -2.4815 1000 0
-7.4445 999.97 0 -7.4445 999.97 0
-12.407 999.92 0 -12.407 999.92 0
-17.37 999.85 0 -17.37 999.85 0
-22.332 999.75 0 -22.332 999.75 0
-27.293 999.63 0 -27.293 999.63 0
-32.254 999.48 0 -32.254 999.48 0
-37.214 999.31 0 -37.214 999.31 0
-42.173 999.11 0 -42.173 999.11 0
-47.131 998.89 0 -47.131 998.89 0
-52.088 998.64 0 -52.088 998.64 0
-57.044 998.37 0 -57.044 998.37 0
-61.998 998.08 0 -61.998 998.08 0
-66.951 997.76 0 -66.951 997.76 0
-71.902 997.41 0 -71.902 997.41 0
-76.851 997.04 0 -76.851 997.04 0
-81.798 996.65 0 -81.798 996.65 0
-86.744 996.23 0 -86.744 996.23 0
-91.687 995.79 0 -91.687 995.79 0
-96.628 995.32 0 -96.628 995.32 0
-101.57 994.83 0 -101.57 994.83 0
-106.5 994.31 0 -106.5 994.31 0
-111.44 993.77 0 -111.44 993.77 0
-116.37 993.21 0 -116.37 993.21 0
-121.29 992.62 0 -121.29 992.62 0
-126.22 992 0 -126.22 992 0
-131.14 991.36 0 -131.14 991.36 0
-136.06 990.7 0 -136.06 990.7 0
-140.97 990.01 0 -140.97 990.01 0
-145.89 989.3 0 -145.89 989.3 0
-150.79 988.57 0 -150.79 988.57 0
-155.7 987.8 0 -155.7 987.8 0
-160.6 987.02 0 -160.6 987.02 0
-165.5 986.21 0 -165.5 986.21 0
-170.39 985.38 0 -170.39 985.38 0
-175.28 984.52 0 -175.28 984.52 0
-180.16 983.64 0 -180.16 983.64 0
-185.04 982.73 0 -185.04 982.73 0
-189.92 981.8 0 -189.92 981.8 0
-194.79 980.85 0 -194.79 980.85 0
-199.65 979.87 0 -199.65 979.87 0
-204.51 978.86 0 -204.51 978.86 0
-209.37 977.84 0 -209.37 977.84 0
-214.22 976.79 0 -214.22 976.79 0
-219.06 975.71 0 -219.06 975.71 0
-223.9 974.61 0 -223.9 974.61 0
-228.74 973.49 0 -228.74 973.49 0
-233.57 972.34 0 -233.57 972.34 0
-238.39 971.17 0 -238.39 971.17 0
-243.21 969.97 0 -243.21 969.97 0
-248.02 968.76 0 -248.02 968.76 0
-252.82 967.51 0 -252.82 967.51 0
-257.62 966.25 0 -257.62 966.25 0
-262.41 964.96 0 -262.41 964.96 0
-267.2 963.64 0 -267.2 963.64 0
-271.98 962.3 0 -271.98 962.3 0
-276.75 960.94 0 -276.75 960.94 0
-281.52 959.56 0 -281.52 959.56 0
-286.27 958.15 0 -286.27 958.15 0
-291.03 956.71 0 -291.03 956.71 0
-295.77 955.26 0 -295.77 955.26 0
-300.51 953.78 0 -300.51 953.78 0
-305.24 952.28 0 -305.24 952.28 0
-309.96 950.75 0 -309.96 950.75 0
-314.68 949.2 0 -314.68 949.2 0
-319.38 947.63 0 -319.38 947.63 0
-324.08 946.03 0 -324.08 946.03 0
-328.77 944.41 0 -328.77 944.41 0
-333.46 942.77 0 -333.46 942.77 0
-338.13 941.1 0 -338.13 941.1 0
-342.8 939.41 0 -342.8 939.41 0
-347.46 937.7 0 -347.46 937.7 0
-352.1 935.96 0 -352.1 935.96 0
-356.75 934.2 0 -356.75 934.2 0
-361.38 932.42 0 -361.38 932.42 0
-366 930.61 0 -366 930.61 0
-370.62 928.79 0 -370.62 928.79 0
-375.22 926.94 0 -375.22 926.94 0
-379.82 925.06 0 -379.82 925.06 0
-384.4 923.17 0 -384.4 923.17 0
-388.98 921.25 0 -388.98 921.25 0
-393.55 919.3 0 -393.55 919.3 0
-398.1 917.34 0 -398.1 917.34 0
-402.65 915.35 0 -402.65 915.35 0
-407.19 913.34 0 -407.19 913.34 0
-411.72 911.31 0 -411.72 911.31 0
-416.24 909.26 0 -416.24 909.26 0
-420.74 907.18 0 -420.74 907.18 0
-425.24 905.08 0 -425.24 905.08 0
-429.73 902.96 0 -429.73 902.96 0
-434.2 900.81 0 -434.2 900.81 0
-438.67 898.65 0 -438.67 898.65 0
-443.12 896.46 0 -443.12 896.46 0
-447.57 894.25 0 -447.57 894.25 0
-452 892.02 0 -452 892.02 0
-456.42 889.76 0 -456.42 889.76 0
-460.83 887.49 0 -460.83 887.49 0
-465.23 885.19 0 -465.23 885.19 0
-469.62 882.87 0 -469.62 882.87 0
-473.99 880.53 0 -473.99 880.53 0
-478.36 878.17 0 -478.36 878.17 0
-482.71 875.78 0 -482.71 875.78 0
-487.05 873.37 0 -487.05 873.37 0
-491.38 870.95 0 -491.38 870.95 0
-495.7 868.5 0 -495.7 868.5 0
-500 866.03 0 -500 866.03 0
-504.29 863.53 0 -504.29 863.53 0
-508.57 861.02 0 -508.57 861.02 0
-512.84 858.49 0 -512.84 858.49 0
-517.09 855.93 0 -517.09 855.93 0
-521.33 853.35 0 -521.33 853.35 0
-525.56 850.75 0 -525.56 850.75 0
-529.78 848.14 0 -529.78 848.14 0
-533.98 845.5 0 -533.98 845.5 0
-538.17 842.84 0 -538.17 842.84 0
-542.35 840.15 0 -542.35 840.15 0
-546.51 837.45 0 -546.51 837.45 0
-550.66 834.73 0 -550.66 834.73 0
-554.8 831.99 0 -554.8 831.99 0
-558.92 829.22 0 -558.92 829.22 0
-563.03 826.44 0 -563.03 826.44 0
-567.12 823.63 0 -567.12 823.63 0
-571.2 820.81 0 -571.2 820.81 0
-575.27 817.96 0 -575.27 817.96 0
-579.32 815.1 0 -579.32 815.1 0
-583.36 812.21 0 -583.36 812.21 0
-587.38 809.31 0 -587.38 809.31 0
-591.39 806.38 0 -591.39 806.38 0
-595.39 803.44 0 -595.39 803.44 0
-599.37 800.47 0 -599.37 800.47 0
-603.33 797.49 0 -603.33 797.49 0
-607.28 794.48 0 -607.28 794.48 0
-611.22 791.46 0 -611.22 791.46 0
-615.14 788.42 0 -615.14 788.42 0
-619.05 785.36 0 -619.05 785.36 0
-622.94 782.27 0 -622.94 782.27 0
-626.81 779.17 0 -626.81 779.17 0
-630.67 776.05 0 -630.67 776.05 0
-634.51 772.91 0 -634.51 772.91 0
-638.34 769.75 0 -638.34 769.75 0
-642.15 766.58 0 -642.15 766.58 0
-645.95 763.38 0 -645.95 763.38 0
-649.73 760.16 0 -649.73 760.16 0
-653.5 756.93 0 -653.5 756.93 0
-657.24 753.68 0 -657.24 753.68 0
-660.98 750.41 0 -660.98 750.41 0
-664.69 747.12 0 -664.69 747.12 0
-668.39 743.81 0 -668.39 743.81 0
-672.08 740.48 0 -672.08 740.48 0
-675.74 737.14 0 -675.74 737.14 0
-679.39 733.77 0 -679.39 733.77 0
-683.03 730.39 0 -683.03 730.39 0
-686.64 727 0 -686.64 727 0
-690.24 723.58 0 -690.24 723.58 0
-693.82 720.14 0 -693.82 720.14 0
-697.39 716.69 0 -697.39 716.69 0
-700.94 713.22 0 -700.94 713.22 0
-704.47 709.73 0 -704.47 709.73 0
-707.98 706.23 0 -707.98 706.23 0
-711.48 702.71 0 -711.48 702.71 0
-714.96 699.17 0 -714.96 699.17 0
-718.42 695.61 0 -718.42 695.61 0
-721.86 692.04 0 -721.86 692.04 0
-725.29 688.44 0 -725.29 688.44 0
-728.7 684.84 0 -728.7 684.84 0
-732.09 681.21 0 -732.09 681.21 0
-735.46 677.57 0 -735.46 677.57 0
-738.81 673.91 0 -738.81 673.91 0
-742.15 670.24 0 -742.15 670.24 0
-745.46 666.54 0 -745.46 666.54 0
-748.76 662.84 0 -748.76 662.84 0
-752.04 659.11 0 -752.04 659.11 0
-755.31 655.37 0 -755.31 655.37 0
-758.55 651.62 0 -758.55 651.62 0
-761.77 647.84 0 -761.77 647.84 0
-764.98 644.05 0 -764.98 644.05 0
-768.17 640.25 0 -768.17 640.25 0
-771.34 636.43 0 -771.34 636.43 0
-774.48 632.59 0 -774.48 632.59 0
-777.61 628.74 0 -777.61 628.74 0
-780.73 624.87 0 -780.73 624.87 0
-783.82 620.99 0 -783.82 620.99 0
-786.89 617.09 0 -786.89 617.09 0
-789.94 613.18 0 -789.94 613.18 0
-792.98 609.25 0 -792.98 609.25 0
-795.99 605.31 0 -795.99 605.31 0
-798.98 601.35 0 -798.98 601.35 0
-801.96 597.38 0 -801.96 597.38 0
-804.91 593.39 0 -804.91 593.39 0
-807.85 589.39 0 -807.85 589.39 0
-810.76 585.37 0 -810.76 585.37 0
-813.66 581.34 0 -813.66 581.34 0
-816.53 577.3 0 -816.53 577.3 0
-819.39 573.24 0 -819.39 573.24 0
-822.22 569.16 0 -822.22 569.16 0
-825.04 565.08 0 -825.04 565.08 0
-827.83 560.97 0 -827.83 560.97 0
-830.61 556.86 0 -830.61 556.86 0
-833.36 552.73 0 -833.36 552.73 0
-836.09 548.59 0 -836.09 548.59 0
-838.81 544.43 0 -838.81 544.43 0
-841.5 540.26 0 -841.5 540.26 0
-844.17 536.08 0 -844.17 536.08 0
-846.82 531.88 0 -846.82 531.88 0
-849.45 527.67 0 -849.45 527.67 0
-852.06 523.45 0 -852.06 523.45 0
-854.64 519.22 0 -854.64 519.22 0
-857.21 514.97 0 -857.21 514.97 0
-859.76 510.71 0 -859.76 510.71 0
-862.28 506.43 0 -862.28 506.43 0
-864.78 502.15 0 -864.78 502.15 0
-867.26 497.85 0 -867.26 497.85 0
-869.72 493.54 0 -869.72 493.54 0
-872.16 489.22 0 -872.16 489.22 0
-874.58 484.88 0 -874.58 484.88 0
-876.98 480.54 0 -876.98 480.54 0
-879.35 476.18 0 -879.35 476.18 0
-881.7 471.81 0 -881.7 471.81 0
-884.03 467.43 0 -884.03 467.43 0
-886.34 463.03 0 -886.34 463.03 0
-888.63 458.63 0 -888.63 458.63 0
-890.89 454.21 0 -890.89 454.21 0
-893.14 449.78 0 -893.14 449.78 0
-895.36 445.35 0 -895.36 445.35 0
-897.56 440.9 0 -897.56 440.9 0
-899.73 436.44 0 -899.73 436.44 0
-901.89 431.97 0 -901.89 431.97 0
-904.02 427.48 0 -904.02 427.48 0
-906.13 422.99 0 -906.13 422.99 0
-908.22 418.49 0 -908.22 418.49 0
-910.29 413.98 0 -910.29 413.98 0
-912.33 409.46 0 -912.33 409.46 0
-914.35 404.92 0 -914.35 404.92 0
-916.35 400.38 0 -916.35 400.38 0
-918.33 395.83 0 -918.33 395.83 0
-920.28 391.26 0 -920.28 391.26 0
-922.21 386.69 0 -922.21 386.69 0
-924.12 382.11 0 -924.12 382.11 0
-926 377.52 0 -926 377.52 0
-927.86 372.92 0 -927.86 372.92 0
-929.7 368.31 0 -929.7 368.31 0
-931.52 363.69 0 -931.52 363.69 0
-933.31 359.06 0 -933.31 359.06 0
-935.08 354.43 0 -935.08 354.43 0
-936.83 349.78 0 -936.83 349.78 0
-938.56 345.13 0 -938.56 345.13 0
-940.26 340.47 0 -940.26 340.47 0
-941.94 335.79 0 -941.94 335.79 0
-943.59 331.12 0 -943.59 331.12 0
-945.22 326.43 0 -945.22 326.43 0
-946.83 321.73 0 -946.83 321.73 0
-948.42 317.03 0 -948.42 317.03 0
-949.98 312.32 0 -949.98 312.32 0
-951.52 307.6 0 -951.52 307.6 0
-953.03 302.87 0 -953.03 302.87 0
-954.52 298.14 0 -954.52 298.14 0
-955.99 293.4 0 -955.99 293.4 0
-957.43 288.65 0 -957.43 288.65 0
-958.85 283.9 0 -958.85 283.9 0
-960.25 279.13 0 -960.25 279.13 0
-961.63 274.36 0 -961.63 274.36 0
-962.98 269.59 0 -962.98 269.59 0
-964.3 264.81 0 -964.3 264.81 0
-965.6 260.02 0 -965.6 260.02 0
-966.88 255.22 0 -966.88 255.22 0
-968.14 250.42 0 -968.14 250.42 0
-969.37 245.61 0 -969.37 245.61 0
-970.58 240.8 0 -970.58 240.8 0
-971.76 235.98 0 -971.76 235.98 0
-972.92 231.15 0 -972.92 231.15 0
-974.05 226.32 0 -974.05 226.32 0
-975.16 221.48 0 -975.16 221.48 0
-976.25 216.64 0 -976.25 216.64 0
-977.31 211.79 0 -977.31 211.79 0
-978.35 206.94 0 -978.35 206.94 0
-979.37 202.08 0 -979.37 202.08 0
-980.36 197.22 0 -980.36 197.22 0
-981.33 192.35 0 -981.33 192.35 0
-982.27 187.48 0 -982.27 187.48 0
-983.19 182.6 0 -983.19 182.6 0
-984.08 177.72 0 -984.08 177.72 0
-984.95 172.83 0 -984.95 172.83 0
-985.8 167.94 0 -985.8 167.94 0
-986.62 163.05 0 -986.62 163.05 0
-987.42 158.15 0 -987.42 158.15 0
-988.19 153.25 0 -988.19 153.25 0
-988.94 148.34 0 -988.94 148.34 0
-989.66 143.43 0 -989.66 143.43 0
-990.36 138.52 0 -990.36 138.52 0
-991.04 133.6 0 -991.04 133.6 0
-991.69 128.68 0 -991.69 128.68 0
-992.31 123.76 0 -992.31 123.76 0
-992.91 118.83 0 -992.91 118.83 0
-993.49 113.9 0 -993.49 113.9 0
-994.05 108.97 0 -994.05 108.97 0
-994.57 104.03 0 -994.57 104.03 0
-995.08 99.098 0 -995.08 99.098 0
-995.56 94.158 0 -995.56 94.158 0
-996.01 89.216 0 -996.01 89.216 0
-996.44 84.271 0 -996.44 84.271 0
-996.85 79.325 0 -996.85 79.325 0
-997.23 74.377 0 -997.23 74.377 0
-997.59 69.426 0 -997.59 69.426 0
-997.92 64.475 0 -997.92 64.475 0
-998.23 59.521 0 -998.23 59.521 0
-998.51 54.566 0 -998.51 54.566 0
-998.77 49.61 0 -998.77 49.61 0
-999 44.652 0 -999 44.652 0
-999.21 39.694 0 -999.21 39.694 0
-999.4 34.734 0 -999.4 34.734 0
-999.56 29.774 0 -999.56 29.774 0
-999.69 24.813 0 -999.69 24.813 0
-999.8 19.851 0 -999.8 19.851 0
-999.89 14.889 0 -999.89 14.889 0
-999.95 9.9259 0 -999.95 9.9259 0
-999.99 4.963 0 -999.99 4.963 0
-1000 1.2246e-013 0 -1000 1.2246e-013 0
-999.99 -4.963 0 -999.99 -4.963 0
-999.95 -9.9259 0 -999.95 -9.9259 0
-999.89 -14.889 0 -999.89 -14.889 0
-999.8 -19.851 0 -999.8 -19.851 0
-999.69 -24.813 0 -999.69 -24.813 0
-999.56 -29.774 0 -999.56 -29.774 0
-999.4 -34.734 0 -999.4 -34.734 0
-999.21 -39.694 0 -999.21 -39.694 0
-999 -44.652 0 -999 -44.652 0
-998.77 -49.61 0 -998.77 -49.61 0
-998.51 -54.566 0 -998.51 -54.566 0
-998.23 -59.521 0 -998.23 -59.521 0
-997.92 -64.475 0 -997.92 -64.475 0
-997.59 -69.426 0 -997.59 -69.426 0
-997.23 -74.377 0 -997.23 -74.377 0
-996.85 -79.325 0 -996.85 -79.325 0
-996.44 -84.271 0 -996.44 -84.271 0
-996.01 -89.216 0 -996.01 -89.216 0
-995.56 -94.158 0 -995.56 -94.158 0
-995.08 -99.098 0 -995.08 -99.098 0
-994.57 -104.03 0 -994.57 -104.03 0
-994.05 -108.97 0 -994.05 -108.97 0
-993.49 -113.9 0 -993.49 -113.9 0
-992.91 -118.83 0 -992.91 -118.83 0
-992.31 -123.76 0 -992.31 -123.76 0
-991.69 -128.68 0 -991.69 -128.68 0
-991.04 -133.6 0 -991.04 -133.6 0
-990.36 -138.52 0 -990.36 -138.52 0
-989.66 -143.43 0 -989.66 -143.43 0
-988.94 -148.34 0 -988.94 -148.34 0
-988.19 -153.25 0 -988.19 -153.25 0
-987.42 -158.15 0 -987.42 -158.15 0
-986.62 -163.05 0 -986.62 -163.05 0
-985.8 -167.94 0 -985.8 -167.94 0
-984.95 -172.83 0 -984.95 -172.83 0
-984.08 -177.72 0 -984.08 -177.72 0
-983.19 -182.6 0 -983.19 -182.6 0
-982.27 -187.48 0 -982.27 -187.48 0
-981.33 -192.35 0 -981.33 -192.35 0
-980.36 -197.22 0 -980.36 -197.22 0
-979.37 -202.08 0 -979.37 -202.08 0
-978.35 -206.94 0 -978.35 -206.94 0
-977.31 -211.79 0 -977.31 -211.79 0
-976.25 -216.64 0 -976.25 -216.64 0
-975.16 -221.48 0 -975.16 -221.48 0
-974.05 -226.32 0 -974.05 -226.32 0
-972.92 -231.15 0 -972.92 -231.15 0
-971.76 -235.98 0 -971.76 -235.98 0
-970.58 -240.8 0 -970.58 -240.8 0
-969.37 -245.61 0 -969.37 -245.61 0
-968.14 -250.42 0 -968.14 -250.42 0
-966.88 -255.22 0 -966.88 -255.22 0
-965.6 -260.02 0 -965.6 -260.02 0
-964.3 -264.81 0 -964.3 -264.81 0
-962.98 -269.59 0 -962.98 -269.59 0
-961.63 -274.36 0 -961.63 -274.36 0
-960.25 -279.13 0 -960.25 -279.13 0
-958.85 -283.9 0 -958.85 -283.9 0
-957.43 -288.65 0 -957.43 -288.65 0
-955.99 -293.4 0 -955.99 -293.4 0
-954.52 -298.14 0 -954.52 -298.14 0
-953.03 -302.87 0 -953.03 -302.87 0
-951.52 -307.6 0 -951.52 -307.6 0
-949.98 -312.32 0 -949.98 -312.32 0
-948.42 -317.03 0 -948.42 -317.03 0
-946.83 -321.73 0 -946.83 -321.73 0
-945.22 -326.43 0 -945.22 -326.43 0
-943.59 -331.12 0 -943.59 -331.12 0
-941.94 -335.79 0 -941.94 -335.79 0
-940.26 -340.47 0 -940.26 -340.47 0
-938.56 -345.13 0 -938.56 -345.13 0
-936.83 -349.78 0 -936.83 -349.78 0
-935.08 -354.43 0 -935.08 -354.43 0
-933.31 -359.06 0 -933.31 -359.06 0
-931.52 -363.69 0 -931.52 -363.69 0
-929.7 -368.31 0 -929.7 -368.31 0
-927.86 -372.92 0 -927.86 -372.92 0
-926 -377.52 0 -926 -377.52 0
-924.12 -382.11 0 -924.12 -382.11 0
-922.21 -386.69 0 -922.21 -386.69 0
-920.28 -391.26 0 -920.28 -391.26 0
-918.33 -395.83 0 -918.33 -395.83 0
-916.35 -400.38 0 -916.35 -400.38 0
-914.35 -404.92 0 -914.35 -404.92 0
-912.33 -409.46 0 -912.33 -409.46 0
-910.29 -413.98 0 -910.29 -413.98 0
-908.22 -418.49 0 -908.22 -418.49 0
-906.13 -422.99 0 -906.13 -422.99 0
-904.02 -427.48 0 -904.02 -427.48 0
-901.89 -431.97 0 -901.89 -431.97 0
-899.73 -436.44 0 -899.73 -436.44 0
-897.56 -440.9 0 -897.56 -440.9 0
-895.36 -445.35 0 -895.36 -445.35 0
-893.14 -449.78 0 -893.14 -449.78 0
-890.89 -454.21 0 -890.89 -454.21 0
-888.63 -458.63 0 -888.63 -458.63 0
-886.34 -463.03 0 -886.34 -463.03 0
-884.03 -467.43 0 -884.03 -467.43 0
-881.7 -471.81 0 -881.7 -471.81 0
-879.35 -476.18 0 -879.35 -476.18 0
-876.98 -480.54 0 -876.98 -480.54 0
-874.58 -484.88 0 -874.58 -484.88 0
-872.16 -489.22 0 -872.16 -489.22 0
-869.72 -493.54 0 -869.72 -493.54 0
-867.26 -497.85 0 -867.26 -497.85 0
-864.78 -502.15 0 -864.78 -502.15 0
-862.28 -506.43 0 -862.28 -506.43 0
-859.76 -510.71 0 -859.76 -510.71 0
-857.21 -514.97 0 -857.21 -514.97 0
-854.64 -519.22 0 -854.64 -519.22 0
-852.06 -523.45 0 -852.06 -523.45 0
-849.45 -527.67 0 -849.45 -527.67 0
-846.82 -531.88 0 -846.82 -531.88 0
-844.17 -536.08 0 -844.17 -536.08 0
-841.5 -540.26 0 -841.5 -540.26 0
-838.81 -544.43 0 -838.81 -544.43 0
-836.09 -548.59 0 -836.09 -548.59 0
-833.36 -552.73 0 -833.36 -552.73 0
-830.61 -556.86 0 -830.61 -556.86 0
-827.83 -560.97 0 -827.83 -560.97 0
-825.04 -565.08 0 -825.04 -565.08 0
-822.22 -569.16 0 -822.22 -569.16 0
-819.39 -573.24 0 -819.39 -573.24 0
-816.53 -577.3 0 -816.53 -577.3 0
-813.66 -581.34 0 -813.66 -581.34 0
-810.76 -585.37 0 -810.76 -585.37 0
-807.85 -589.39 0 -807.85 -589.39 0
-804.91 -593.39 0 -804.91 -593.39 0
-801.96 -597.38 0 -801.96 -597.38 0
-798.98 -601.35 0 -798.98 -601.35 0
-795.99 -605.31 0 -795.99 -605.31 0
-792.98 -609.25 0 -792.98 -609.25 0
-789.94 -613.18 0 -789.94 -613.18 0
-786.89 -617.09 0 -786.89 -617.09 0
-783.82 -620.99 0 -783.82 -620.99 0
-780.73 -624.87 0 -780.73 -624.87 0
-777.61 -628.74 0 -777.61 -628.74 0
-774.48 -632.59 0 -774.48 -632.59 0
-771.34 -636.43 0 -771.34 -636.43 0
-768.17 -640.25 0 -768.17 -640.25 0
-764.98 -644.05 0 -764.98 -644.05 0
-761.77 -647.84 0 -761.77 -647.84 0
-758.55 -651.62 0 -758.55 -651.62 0
-755.31 -655.37 0 -755.31 -655.37 0
-752.04 -659.11 0 -752.04 -659.11 0
-748.76 -662.84 0 -748.76 -662.84 0
-745.46 -666.54 0 -745.46 -666.54 0
-742.15 -670.24 0 -742.15 -670.24 0
-738.81 -673.91 0 -738.81 -673.91 0
-735.46 -677.57 0 -735.46 -677.57 0
-732.09 -681.21 0 -732.09 -681.21 0
-728.7 -684.84 0 -728.7 -684.84 0
-725.29 -688.44 0 -725.29 -688.44 0
-721.86 -692.04 0 -721.86 -692.04 0
-718.42 -695.61 0 -718.42 -695.61 0
-714.96 -699.17 0 -714.96 -699.17 0
-711.48 -702.71 0 -711.48 -702.71 0
-707.98 -706.23 0 -707.98 -706.23 0
-704.47 -709.73 0 -704.47 -709.73 0
-700.94 -713.22 0 -700.94 -713.22 0
-697.39 -716.69 0 -697.39 -716.69 0
-693.82 -720.14 0 -693.82 -720.14 0
-690.24 -723.58 0 -690.24 -723.58 0
-686.64 -727 0 -686.64 -727 0
-683.03 -730.39 0 -683.03 -730.39 0
-679.39 -733.77 0 -679.39 -733.77 0
-675.74 -737.14 0 -675.74 -737.14 0
-672.08 -740.48 0 -672.08 -740.48 0
-668.39 -743.81 0 -668.39 -743.81 0
-664.69 -747.12 0 -664.69 -747.12 0
-660.98 -750.41 0 -660.98 -750.41 0
-657.24 -753.68 0 -657.24 -753.68 0
-653.5 -756.93 0 -653.5 -756.93 0
-649.73 -760.16 0 -649.73 -760.16 0
-645.95 -763.38 0 -645.95 -763.38 0
-642.15 -766.58 0 -642.15 -766.58 0
-638.34 -769.75 0 -638.34 -769.75 0
-634.51 -772.91 0 -634.51 -772.91 0
-630.67 -776.05 0 -630.67 -776.05 0
-626.81 -779.17 0 -626.81 -779.17 0
-622.94 -782.27 0 -622.94 -782.27 0
-619.05 -785.36 0 -619.05 -785.36 0
-615.14 -788.42 0 -615.14 -788.42 0
-611.22 -791.46 0 -611.22 -791.46 0
-607.28 -794.48 0 -607.28 -794.48 0
-603.33 -797.49 0 -603.33 -797.49 0
-599.37 -800.47 0 -599.37 -800.47 0
-595.39 -803.44 0 -595.39 -803.44 0
-591.39 -806.38 0 -591.39 -806.38 0
-587.38 -809.31 0 -587.38 -809.31 0
-583.36 -812.21 0 -583.36 -812.21 0
-579.32 -815.1 0 -579.32 -815.1 0
-575.27 -817.96 0 -575.27 -817.96 0
-571.2 -820.81 0 -571.2 -820.81 0
-567.12 -823.63 0 -567.12 -823.63 0
-563.03 -826.44 0 -563.03 -826.44 0
-558.92 -829.22 0 -558.92 -829.22 0
-554.8 -831.99 0 -554.8 -831.99 0
-550.66 -834.73 0 -550.66 -834.73 0
-546.51 -837.45 0 -546.51 -837.45 0
-542.35 -840.15 0 -542.35 -840.15 0
-538.17 -842.84 0 -538.17 -842.84 0
-533.98 -845.5 0 -533.98 -845.5 0
-529.78 -848.14 0 -529.78 -848.14 0
-525.56 -850.75 0 -525.56 -850.75 0
-521.33 -853.35 0 -521.33 -853.35 0
-517.09 -855.93 0 -517.09 -855.93 0
-512.84 -858.49 0 -512.84 -858.49 0
-508.57 -861.02 0 -508.57 -861.02 0
-504.29 -863.53 0 -504.29 -863.53 0
-500 -866.03 0 -500 -866.03 0
-495.7 -868.5 0 -495.7 -868.5 0
-491.38 -870.95 0 -491.38 -870.95 0
-487.05 -873.37 0 -487.05 -873.37 0
-482.71 -875.78 0 -482.71 -875.78 0
-478.36 -878.17 0 -478.36 -878.17 0
-473.99 -880.53 0 -473.99 -880.53 0
-469.62 -882.87 0 -469.62 -882.87 0
-465.23 -885.19 0 -465.23 -885.19 0
-460.83 -887.49 0 -460.83 -887.49 0
-456.42 -889.76 0 -456.42 -889.76 0
-452 -892.02 0 -452 -892.02 0
-447.57 -894.25 0 -447.57 -894.25 0
-443.12 -896.46 0 -443.12 -896.46 0
-438.67 -898.65 0 -438.67 -898.65 0
-434.2 -900.81 0 -434.2 -900.81 0
-429.73 -902.96 0 -429.73 -902.96 0
-425.24 -905.08 0 -425.24 -905.08 0
-420.74 -907.18 0 -420.74 -907.18 0
-416.24 -909.26 0 -416.24 -909.26 0
-411.72 -911.31 0 -411.72 -911.31 0
-407.19 -913.34 0 -407.19 -913.34 0
-402.65 -915.35 0 -402.65 -915.35 0
-398.1 -917.34 0 -398.1 -917.34 0
-393.55 -919.3 0 -393.55 -919.3 0
-388.98 -921.25 0 -388.98 -921.25 0
-384.4 -923.17 0 -384.4 -923.17 0
-379.82 -925.06 0 -379.82 -925.06 0
-375.22 -926.94 0 -375.22 -926.94 0
-370.62 -928.79 0 -370.62 -928.79 0
-366 -930.61 0 -366 -930.61 0
-361.38 -932.42 0 -361.38 -932.42 0
-356.75 -934.2 0 -356.75 -934.2 0
-352.1 -935.96 0 -352.1 -935.96 0
-347.46 -937.7 0 -347.46 -937.7 0
-342.8 -939.41 0 -342.8 -939.41 0
-338.13 -941.1 0 -338.13 -941.1 0
-333.46 -942.77 0 -333.46 -942.77 0
-328.77 -944.41 0 -328.77 -944.41 0
-324.08 -946.03 0 -324.08 -946.03 0
-319.38 -947.63 0 -319.38 -947.63 0
-314.68 -949.2 0 -314.68 -949.2 0
-309.96 -950.75 0 -309.96 -950.75 0
-305.24 -952.28 0 -305.24 -952.28 0
-300.51 -953.78 0 -300.51 -953.78 0
-295.77 -955.26 0 -295.77 -955.26 0
-291.03 -956.71 0 -291.03 -956.71 0
-286.27 -958.15 0 -286.27 -958.15 0
-281.52 -959.56 0 -281.52 -959.56 0
-276.75 -960.94 0 -276.75 -960.94 0
-271.98 -962.3 0 -271.98 -962.3 0
-267.2 -963.64 0 -267.2 -963.64 0
-262.41 -964.96 0 -262.41 -964.96 0
-257.62 -966.25 0 -257.62 -966.25 0
-252.82 -967.51 0 -252.82 -967.51 0
-248.02 -968.76 0 -248.02 -968.76 0
-243.21 -969.97 0 -243.21 -969.97 0
-238.39 -971.17 0 -238.39 -971.17 0
-233.57 -972.34 0 -233.57 -972.34 0
-228.74 -973.49 0 -228.74 -973.49 0
-223.9 -974.61 0 -223.9 -974.61 0
-219.06 -975.71 0 -219.06 -975.71 0
-214.22 -976.79 0 -214.22 -976.79 0
-209.37 -977.84 0 -209.37 -977.84 0
-204.51 -978.86 0 -204.51 -978.86 0
-199.65 -979.87 0 -199.65 -979.87 0
-194.79 -980.85 0 -194.79 -980.85 0
-189.92 -981.8 0 -189.92 -981.8 0
-185.04 -982.73 0 -185.04 -982.73 0
-180.16 -983.64 0 -180.16 -983.64 0
-175.28 -984.52 0 -175.28 -984.52 0
-170.39 -985.38 0 -170.39 -985.38 0
-165.5 -986.21 0 -165.5 -986.21 0
-160.6 -987.02 0 -160.6 -987.02 0
-155.7 -987.8 0 -155.7 -987.8 0
-150.79 -988.57 0 -150.79 -988.57 0
-145.89 -989.3 0 -145.89 -989.3 0
-140.97 -990.01 0 -140.97 -990.01 0
-136.06 -990.7 0 -136.06 -990.7 0
-131.14 -991.36 0 -131.14 -991.36 0
-126.22 -992 0 -126.22 -992 0
-121.29 -992.62 0 -121.29 -992.62 0
-116.37 -993.21 0 -116.37 -993.21 0
-111.44 -993.77 0 -111.44 -993.77 0
-106.5 -994.31 0 -106.5 -994.31 0
-101.57 -994.83 0 -101.57 -994.83 0
-96.628 -995.32 0 -96.628 -995.32 0
-91.687 -995.79 0 -91.687 -995.79 0
-86.744 -996.23 0 -86.744 -996.23 0
-81.798 -996.65 0 -81.798 -996.65 0
-76.851 -997.04 0 -76.851 -997.04 0
-71.902 -997.41 0 -71.902 -997.41 0
-66.951 -997.76 0 -66.951 -997.76 0
-61.998 -998.08 0 -61.998 -998.08 0
-57.044 -998.37 0 -57.044 -998.37 0
-52.088 -998.64 0 -52.088 -998.64 0
-47.131 -998.89 0 -47.131 -998.89 0
-42.173 -999.11 0 -42.173 -999.11 0
-37.214 -999.31 0 -37.214 -999.31 0
-32.254 -999.48 0 -32.254 -999.48 0
-27.293 -999.63 0 -27.293 -999.63 0
-22.332 -999.75 0 -22.332 -999.75 0
-17.37 -999.85 0 -17.37 -999.85 0
-12.407 -999.92 0 -12.407 -999.92 0
-7.4445 -999.97 0 -7.4445 -999.97 0
-2.4815 -1000 0 -2.4815 -1000 0
2.4815 -1000 0 2.4815 -1000 0
7.4445 -999.97 0 7.4445 -999.97 0
12.407 -999.92 0 12.407 -999.92 0
17.37 -999.85 0 17.37 -999.85 0
22.332 -999.75 0 22.332 -999.75 0
27.293 -999.63 0 27.293 -999.63 0
32.254 -999.48 0 32.254 -999.48 0
37.214 -999.31 0 37.214 -999.31 0
42.173 -999.11 0 42.173 -999.11 0
47.131 -998.89 0 47.131 -998.89 0
52.088 -998.64 0 52.088 -998.64 0
57.044 -998.37 0 57.044 -998.37 0
61.998 -998.08 0 61.998 -998.08 0
66.951 -997.76 0 66.951 -997.76 0
71.902 -997.41 0 71.902 -997.41 0
76.851 -997.04 0 76.851 -997.04 0
81.798 -996.65 0 81.798 -996.65 0
86.744 -996.23 0 86.744 -996.23 0
91.687 -995.79 0 91.687 -995.79 0
96.628 -995.32 0 96.628 -995.32 0
101.57 -994.83 0 101.57 -994.83 0
106.5 -994.31 0 106.5 -994.31 0
111.44 -993.77 0 111.44 -993.77 0
116.37 -993.21 0 116.37 -993.21 0
121.29 -992.62 0 121.29 -992.62 0
126.22 -992 0 126.22 -992 0
131.14 -991.36 0 131.14 -991.36 0
136.06 -990.7 0 136.06 -990.7 0
140.97 -990.01 0 140.97 -990.01 0
145.89 -989.3 0 145.89 -989.3 0
150.79 -988.57 0 150.79 -988.57 0
155.7 -987.8 0 155.7 -987.8 0
160.6 -987.02 0 160.6 -987.02 0
165.5 -986.21 0 165.5 -986.21 0
170.39 -985.38 0 170.39 -985.38 0
175.28 -984.52 0 175.28 -984.52 0
180.16 -983.64 0 180.16 -983.64 0
185.04 -982.73 0 185.04 -982.73 0
189.92 -981.8 0 189.92 -981.8 0
194.79 -980.85 0 194.79 -980.85 0
199.65 -979.87 0 199.65 -979.87 0
204.51 -978.86 0 204.51 -978.86 0
209.37 -977.84 0 209.37 -977.84 0
214.22 -976.79 0 214.22 -976.79 0
219.06 -975.71 0 219.06 -975.71 0
223.9 -974.61 0 223.9 -974.61 0
228.74 -973.49 0 228.74 -973.49 0
233.57 -972.34 0 233.57 -972.34 0
238.39 -971.17 0 238.39 -971.17 0
243.21 -969.97 0 243.21 -969.97 0
248.02 -968.76 0 248.02 -968.76 0
252.82 -967.51 0 252.82 -967.51 0
257.62 -966.25 0 257.62 -966.25 0
262.41 -964.96 0 262.41 -964.96 0
267.2 -963.64 0 267.2 -963.64 0
271.98 -962.3 0 271.98 -962.3 0
276.75 -960.94 0 276.75 -960.94 0
281.52 -959.56 0 281.52 -959.56 0
286.27 -958.15 0 286.27 -958.15 0
291.03 -956.71 0 291.03 -956.71 0
295.77 -955.26 0 295.77 -955.26 0
300.51 -953.78 0 300.51 -953.78 0
305.24 -952.28 0 305.24 -952.28 0
309.96 -950.75 0 309.96 -950.75 0
314.68 -949.2 0 314.68 -949.2 0
319.38 -947.63 0 319.38 -947.63 0
324.08 -946.03 0 324.08 -946.03 0
328.77 -944.41 0 328.77 -944.41 0
333.46 -942.77 0 333.46 -942.77 0
338.13 -941.1 0 338.13 -941.1 0
342.8 -939.41 0 342.8 -939.41 0
347.46 -937.7 0 347.46 -937.7 0
352.1 -935.96 0 352.1 -935.96 0
356.75 -934.2 0 356.75 -934.2 0
361.38 -932.42 0 361.38 -932.42 0
366 -930.61 0 366 -930.61 0
370.62 -928.79 0 370.62 -928.79 0
375.22 -926.94 0 375.22 -926.94 0
379.82 -925.06 0 379.82 -925.06 0
384.4 -923.17 0 384.4 -923.17 0
388.98 -921.25 0 388.98 -921.25 0
393.55 -919.3 0 393.55 -919.3 0
398.1 -917.34 0 398.1 -917.34 0
402.65 -915.35 0 402.65 -915.35 0
407.19 -913.34 0 407.19 -913.34 0
411.72 -911.31 0 411.72 -911.31 0
416.24 -909.26 0 416.24 -909.26 0
420.74 -907.18 0 420.74 -907.18 0
425.24 -905.08 0 425.24 -905.08 0
429.73 -902.96 0 429.73 -902.96 0
434.2 -900.81 0 434.2 -900.81 0
438.67 -898.65 0 438.67 -898.65 0
443.12 -896.46 0 443.12 -896.46 0
447.57 -894.25 0 447.57 -894.25 0
452 -892.02 0 452 -892.02 0
456.42 -889.76 0 456.42 -889.76 0
460.83 -887.49 0 460.83 -887.49 0
465.23 -885.19 0 465.23 -885.19 0
469.62 -882.87 0 469.62 -882.87 0
473.99 -880.53 0 473.99 -880.53 0
478.36 -878.17 0 478.36 -878.17 0
482.71 -875.78 0 482.71 -875.78 0
487.05 -873.37 0 487.05 -873.37 0
491.38 -870.95 0 491.38 -870.95 0
495.7 -868.5 0 495.7 -868.5 0
500 -866.03 0 500 -866.03 0
504.29 -863.53 0 504.29 -863.53 0
508.57 -861.02 0 508.57 -861.02 0
512.84 -858.49 0 512.84 -858.49 0
517.09 -855.93 0 517.09 -855.93 0
521.33 -853.35 0 521.33 -853.35 0
525.56 -850.75 0 525.56 -850.75 0
529.78 -848.14 0 529.78 -848.14 0
533.98 -845.5 0 533.98 -845.5 0
538.17 -842.84 0 538.17 -842.84 0
542.35 -840.15 0 542.35 -840.15 0
546.51 -837.45 0 546.51 -837.45 0
550.66 -834.73 0 550.66 -834.73 0
554.8 -831.99 0 554.8 -831.99 0
558.92 -829.22 0 558.92 -829.22 0
563.03 -826.44 0 563.03 -826.44 0
567.12 -823.63 0 567.12 -823.63 0
571.2 -820.81 0 571.2 -820.81 0
575.27 -817.96 0 575.27 -817.96 0
579.32 -815.1 0 579.32 -815.1 0
583.36 -812.21 0 583.36 -812.21 0
587.38 -809.31 0 587.38 -809.31 0
591.39 -806.38 0 591.39 -806.38 0
595.39 -803.44 0 595.39 -803.44 0
599.37 -800.47 0 599.37 -800.47 0
603.33 -797.49 0 603.33 -797.49 0
607.28 -794.48 0 607.28 -794.48 0
611.22 -791.46 0 611.22 -791.46 0
615.14 -788.42 0 615.14 -788.42 0
619.05 -785.36 0 619.05 -785.36 0
622.94 -782.27 0 622.94 -782.27 0
626.81 -779.17 0 626.81 -779.17 0
630.67 -776.05 0 630.67 -776.05 0
634.51 -772.91 0 634.51 -772.91 0
638.34 -769.75 0 638.34 -769.75 0
642.15 -766.58 0 642.15 -766.58 0
645.95 -763.38 0 645.95 -763.38 0
649.73 -760.16 0 649.73 -760.16 0
653.5 -756.93 0 653.5 -756.93 0
657.24 -753.68 0 657.24 -753.68 0
660.98 -750.41 0 660.98 -750.41 0
664.69 -747.12 0 664.69 -747.12 0
668.39 -743.81 0 668.39 -743.81 0
672.08 -740.48 0 672.08 -740.48 0
675.74 -737.14 0 675.74 -737.14 0
679.39 -733.77 0 679.39 -733.77 0
683.03 -730.39 0 683.03 -730.39 0
686.64 -727 0 686.64 -727 0
690.24 -723.58 0 690.24 -723.58 0
693.82 -720.14 0 693.82 -720.14 0
697.39 -716.69 0 697.39 -716.69 0
700.94 -713.22 0 700.94 -713.22 0
704.47 -709.73 0 704.47 -709.73 0
707.98 -706.23 0 707.98 -706.23 0
711.48 -702.71 0 711.48 -702.71 0
714.96 -699.17 0 714.96 -699.17 0
718.42 -695.61 0 718.42 -695.61 0
721.86 -692.04 0 721.86 -692.04 0
725.29 -688.44 0 725.29 -688.44 0
728.7 -684.84 0 728.7 -684.84 0
732.09 -681.21 0 732.09 -681.21 0
735.46 -677.57 0 735.46 -677.57 0
738.81 -673.91 0 738.81 -673.91 0
742.15 -670.24 0 742.15 -670.24 0
745.46 -666.54 0 745.46 -666.54 0
748.76 -662.84 0 748.76 -662.84 0
752.04 -659.11 0 752.04 -659.11 0
755.31 -655.37 0 755.31 -655.37 0
758.55 -651.62 0 758.55 -651.62 0
761.77 -647.84 0 761.77 -647.84 0
764.98 -644.05 0 764.98 -644.05 0
768.17 -640.25 0 768.17 -640.25 0
771.34 -636.43 0 771.34 -636.43 0
774.48 -632.59 0 774.48 -632.59 0
777.61 -628.74 0 777.61 -628.74 0
780.73 -624.87 0 780.73 -624.87 0
783.82 -620.99 0 783.82 -620.99 0
786.89 -617.09 0 786.89 -617.09 0
789.94 -613.18 0 789.94 -613.18 0
792.98 -609.25 0 792.98 -609.25 0
795.99 -605.31 0 795.99 -605.31 0
798.98 -601.35 0 798.98 -601.35 0
801.96 -597.38 0 801.96 -597.38 0
804.91 -593.39 0 804.91 -593.39 0
807.85 -589.39 0 807.85 -589.39 0
810.76 -585.37 0 810.76 -585.37 0
813.66 -581.34 0 813.66 -581.34 0
816.53 -577.3 0 816.53 -577.3 0
819.39 -573.24 0 819.39 -573.24 0
822.22 -569.16 0 822.22 -569.16 0
825.04 -565.08 0 825.04 -565.08 0
827.83 -560.97 0 827.83 -560.97 0
830.61 -556.86 0 830.61 -556.86 0
833.36 -552.73 0 833.36 -552.73 0
836.09 -548.59 0 836.09 -548.59 0
838.81 -544.43 0 838.81 -544.43 0
841.5 -540.26 0 841.5 -540.26 0
844.17 -536.08 0 844.17 -536.08 0
846.82 -531.88 0 846.82 -531.88 0
849.45 -527.67 0 849.45 -527.67 0
852.06 -523.45 0 852.06 -523.45 0
854.64 -519.22 0 854.64 -519.22 0
857.21 -514.97 0 857.21 -514.97 0
859.76 -510.71 0 859.76 -510.71 0
862.28 -506.43 0 862.28 -506.43 0
864.78 -502.15 0 864.78 -502.15 0
867.26 -497.85 0 867.26 -497.85 0
869.72 -493.54 0 869.72 -493.54 0
872.16 -489.22 0 872.16 -489.22 0
874.58 -484.88 0 874.58 -484.88 0
876.98 -480.54 0 876.98 -480.54 0
879.35 -476.18 0 879.35 -476.18 0
881.7 -471.81 0 881.7 -471.81 0
884.03 -467.43 0 884.03 -467.43 0
886.34 -463.03 0 886.34 -463.03 0
888.63 -458.63 0 888.63 -458.63 0
890.89 -454.21 0 890.89 -454.21 0
893.14 -449.78 0 893.14 -449.78 0
895.36 -445.35 0 895.36 -445.35 0
897.56 -440.9 0 897.56 -440.9 0
899.73 -436.44 0 899.73 -436.44 0
901.89 -431.97 0 901.89 -431.97 0
904.02 -427.48 0 904.02 -427.48 0
906.13 -422.99 0 906.13 -422.99 0
908.22 -418.49 0 908.22 -418.49 0
910.29 -413.98 0 910.29 -413.98 0
912.33 -409.46 0 912.33 -409.46 0
914.35 -404.92 0 914.35 -404.92 0
916.35 -400.38 0 916.35 -400.38 0
918.33 -395.83 0 918.33 -395.83 0
920.28 -391.26 0 920.28 -391.26 0
922.21 -386.69 0 922.21 -386.69 0
924.12 -382.11 0 924.12 -382.11 0
926 -377.52 0 926 -377.52 0
927.86 -372.92 0 927.86 -372.92 0
929.7 -368.31 0 929.7 -368.31 0
931.52 -363.69 0 931.52 -363.69 0
933.31 -359.06 0 933.31 -359.06 0
935.08 -354.43 0 935.08 -354.43 0
936.83 -349.78 0 936.83 -349.78 0
938.56 -345.13 0 938.56 -345.13 0
940.26 -340.47 0 940.26 -340.47 0
941.94 -335.79 0 941.94 -335.79 0
943.59 -331.12 0 943.59 -331.12 0
945.22 -326.43 0 945.22 -326.43 0
946.83 -321.73 0 946.83 -321.73 0
948.42 -317.03 0 948.42 -317.03 0
949.98 -312.32 0 949.98 -312.32 0
951.52 -307.6 0 951.52 -307.6 0
953.03 -302.87 0 953.03 -302.87 0
954.52 -298.14 0 954.52 -298.14 0
955.99 -293.4 0 955.99 -293.4 0
957.43 -288.65 0 957.43 -288.65 0
958.85 -283.9 0 958.85 -283.9 0
960.25 -279.13 0 960.25 -279.13 0
961.63 -274.36 0 961.63 -274.36 0
962.98 -269.59 0 962.98 -269.59 0
964.3 -264.81 0 964.3 -264.81 0
965.6 -260.02 0 965.6 -260.02 0
966.88 -255.22 0 966.88 -255.22 0
968.14 -250.42 0 968.14 -250.42 0
969.37 -245.61 0 969.37 -245.61 0
970.58 -240.8 0 970.58 -240.8 0
971.76 -235.98 0 971.76 -235.98 0
972.92 -231.15 0 972.92 -231.15 0
974.05 -226.32 0 974.05 -226.32 0
975.16 -221.48 0 975.16 -221.48 0
976.25 -216.64 0 976.25 -216.64 0
977.31 -211.79 0 977.31 -211.79 0
978.35 -206.94 0 978.35 -206.94 0
979.37 -202.08 0 979.37 -202.08 0
980.36 -197.22 0 980.36 -197.22 0
981.33 -192.35 0 981.33 -192.35 0
982.27 -187.48 0 982.27 -187.48 0
983.19 -182.6 0 983.19 -182.6 0
984.08 -177.72 0 984.08 -177.72 0
984.95 -172.83 0 984.95 -172.83 0
985.8 -167.94 0 985.8 -167.94 0
986.62 -163.05 0 986.62 -163.05 0
987.42 -158.15 0 987.42 -158.15 0
988.19 -153.25 0 988.19 -153.25 0
988.94 -148.34 0 988.94 -148.34 0
989.66 -143.43 0 989.66 -143.43 0
990.36 -138.52 0 990.36 -138.52 0
991.04 -133.6 0 991.04 -133.6 0
991.69 -128.68 0 991.69 -128.68 0
992.31 -123.76 0 992.31 -123.76 0
992.91 -118.83 0 992.91 -118.83 0
993.49 -113.9 0 993.49 -113.9 0
994.05 -108.97 0 994.05 -108.97 0
994.57 -104.03 0 994.57 -104.03 0
995.08 -99.098 0 995.08 -99.098 0
995.56 -94.158 0 995.56 -94.158 0
996.01 -89.216 0 996.01 -89.216 0
996.44 -84.271 0 996.44 -84.271 0
996.85 -79.325 0 996.85 -79.325 0
997.23 -74.377 0 997.23 -74.377 0
997.59 -69.426 0 997.59 -69.426 0
997.92 -64.475 0 997.92 -64.475 0
998.23 -59.521 0 998.23 -59.521 0
998.51 -54.566 0 998.51 -54.566 0
998.77 -49.61 0 998.77 -49.61 0
999 -44.652 0 999 -44.652 0
999.21 -39.694 0 999.21 -39.694 0
999.4 -34.734 0 999.4 -34.734 0
999.56 -29.774 0 999.56 -29.774 0
999.69 -24.813 0 999.69 -24.813 0
999.8 -19.851 0 999.8 -19.851 0
999.89 -14.889 0 999.89 -14.889 0
999.95 -9.9259 0 999.95 -9.9259 0
999.99 -4.963 0 999.99 -4.963 0
