0 0 0 0 0 0
1.5708 0 0 1.5708 0 0
3.1416 0 0 3.1416 0 0
4.7123 0 0 4.7123 0 0
6.283 0 0 6.283 0 0
7.8537 0 0 7.8537 0 0
9.4242 0 0 9.4242 0 0
10.995 0 0 10.995 0 0
12.565 0 0 12.565 0 0
14.135 0 0 14.135 0 0
15.705 0 0 15.705 0 0
17.275 0 0 17.275 0 0
18.845 0 0 18.845 0 0
20.415 0 0 20.415 0 0
21.984 0 0 21.984 0 0
23.553 0 0 23.553 0 0
25.122 0 0 25.122 0 0
26.691 0 0 26.691 0 0
28.259 0 0 28.259 0 0
29.827 0 0 29.827 0 0
31.395 0 0 31.395 0 0
32.963 0 0 32.963 0 0
34.53 0 0 34.53 0 0
36.097 0 0 36.097 0 0
37.663 0 0 37.663 0 0
39.23 0 0 39.23 0 0
40.795 0 0 40.795 0 0
42.361 0 0 42.361 0 0
43.926 0 0 43.926 0 0
45.49 0 0 45.49 0 0
47.054 0 0 47.054 0 0
48.618 0 0 48.618 0 0
50.181 0 0 50.181 0 0
51.743 0 0 51.743 0 0
53.306 0 0 53.306 0 0
54.867 0 0 54.867 0 0
56.428 0 0 56.428 0 0
57.989 0 0 57.989 0 0
59.549 0 0 59.549 0 0
61.108 0 0 61.108 0 0
62.667 0 0 62.667 0 0
64.225 0 0 64.225 0 0
65.782 0 0 65.782 0 0
67.339 0 0 67.339 0 0
68.895 0 0 68.895 0 0
70.451 0 0 70.451 0 0
72.005 0 0 72.005 0 0
73.559 0 0 73.559 0 0
75.113 0 0 75.113 0 0
76.665 0 0 76.665 0 0
78.217 0 0 78.217 0 0
79.768 0 0 79.768 0 0
81.319 0 0 81.319 0 0
82.868 0 0 82.868 0 0
84.417 0 0 84.417 0 0
85.965 0 0 85.965 0 0
87.512 0 0 87.512 0 0
89.058 0 0 89.058 0 0
90.603 0 0 90.603 0 0
92.147 0 0 92.147 0 0
93.691 0 0 93.691 0 0
95.233 0 0 95.233 0 0
96.775 0 0 96.775 0 0
98.315 0 0 98.315 0 0
99.855 0 0 99.855 0 0
101.39 0 0 101.39 0 0
102.93 0 0 102.93 0 0
104.47 0 0 104.47 0 0
106 0 0 106 0 0
107.54 0 0 107.54 0 0
109.07 0 0 109.07 0 0
110.6 0 0 110.6 0 0
112.14 0 0 112.14 0 0
113.67 0 0 113.67 0 0
115.19 0 0 115.19 0 0
116.72 0 0 116.72 0 0
118.25 0 0 118.25 0 0
119.78 0 0 119.78 0 0
121.3 0 0 121.3 0 0
122.82 0 0 122.82 0 0
124.34 0 0 124.34 0 0
125.87 0 0 125.87 0 0
127.39 0 0 127.39 0 0
128.9 0 0 128.9 0 0
130.42 0 0 130.42 0 0
131.94 0 0 131.94 0 0
133.45 0 0 133.45 0 0
134.96 0 0 134.96 0 0
136.48 0 0 136.48 0 0
137.99 0 0 137.99 0 0
139.5 0 0 139.5 0 0
141 0 0 141 0 0
142.51 0 0 142.51 0 0
144.01 0 0 144.01 0 0
145.52 0 0 145.52 0 0
147.02 0 0 147.02 0 0
148.52 0 0 148.52 0 0
150.02 0 0 150.02 0 0
151.52 0 0 151.52 0 0
153.01 0 0 153.01 0 0
154.51 0 0 154.51 0 0
156 0 0 156 0 0
157.49 0 0 157.49 0 0
158.98 0 0 158.98 0 0
160.47 0 0 160.47 0 0
161.96 0 0 161.96 0 0
163.44 0 0 163.44 0 0
164.93 0 0 164.93 0 0
166.41 0 0 166.41 0 0
167.89 0 0 167.89 0 0
169.37 0 0 169.37 0 0
170.85 0 0 170.85 0 0
172.32 0 0 172.32 0 0
173.8 0 0 173.8 0 0
175.27 0 0 175.27 0 0
176.74 0 0 176.74 0 0
178.21 0 0 178.21 0 0
179.67 0 0 179.67 0 0
181.14 0 0 181.14 0 0
182.6 0 0 182.6 0 0
184.06 0 0 184.06 0 0
185.52 0 0 185.52 0 0
186.98 0 0 186.98 0 0
188.44 0 0 188.44 0 0
189.89 0 0 189.89 0 0
191.34 0 0 191.34 0 0
192.79 0 0 192.79 0 0
194.24 0 0 194.24 0 0
195.69 0 0 195.69 0 0
197.13 0 0 197.13 0 0
198.57 0 0 198.57 0 0
200.01 0 0 200.01 0 0
201.45 0 0 201.45 0 0
202.89 0 0 202.89 0 0
204.32 0 0 204.32 0 0
205.76 0 0 205.76 0 0
207.19 0 0 207.19 0 0
208.62 0 0 208.62 0 0
210.04 0 0 210.04 0 0
211.47 0 0 211.47 0 0
212.89 0 0 212.89 0 0
214.31 0 0 214.31 0 0
215.73 0 0 215.73 0 0
217.14 0 0 217.14 0 0
218.56 0 0 218.56 0 0
219.97 0 0 219.97 0 0
221.38 0 0 221.38 0 0
222.79 0 0 222.79 0 0
224.19 0 0 224.19 0 0
225.59 0 0 225.59 0 0
227 0 0 227 0 0
228.39 0 0 228.39 0 0
229.79 0 0 229.79 0 0
231.18 0 0 231.18 0 0
232.58 0 0 232.58 0 0
233.96 0 0 233.96 0 0
235.35 0 0 235.35 0 0
236.74 0 0 236.74 0 0
238.12 0 0 238.12 0 0
239.5 0 0 239.5 0 0
240.88 0 0 240.88 0 0
242.25 0 0 242.25 0 0
243.63 0 0 243.63 0 0
245 0 0 245 0 0
246.36 0 0 246.36 0 0
247.73 0 0 247.73 0 0
249.09 0 0 249.09 0 0
250.45 0 0 250.45 0 0
251.81 0 0 251.81 0 0
253.17 0 0 253.17 0 0
254.52 0 0 254.52 0 0
255.87 0 0 255.87 0 0
257.22 0 0 257.22 0 0
258.57 0 0 258.57 0 0
259.91 0 0 259.91 0 0
261.25 0 0 261.25 0 0
262.59 0 0 262.59 0 0
263.92 0 0 263.92 0 0
265.26 0 0 265.26 0 0
266.59 0 0 266.59 0 0
267.91 0 0 267.91 0 0
269.24 0 0 269.24 0 0
270.56 0 0 270.56 0 0
271.88 0 0 271.88 0 0
273.2 0 0 273.2 0 0
274.51 0 0 274.51 0 0
275.82 0 0 275.82 0 0
277.13 0 0 277.13 0 0
278.44 0 0 278.44 0 0
279.74 0 0 279.74 0 0
281.04 0 0 281.04 0 0
282.34 0 0 282.34 0 0
283.63 0 0 283.63 0 0
284.93 0 0 284.93 0 0
286.22 0 0 286.22 0 0
287.5 0 0 287.5 0 0
288.79 0 0 288.79 0 0
290.07 0 0 290.07 0 0
291.35 0 0 291.35 0 0
292.62 0 0 292.62 0 0
293.89 0 0 293.89 0 0
295.16 0 0 295.16 0 0
296.43 0 0 296.43 0 0
297.69 0 0 297.69 0 0
298.95 0 0 298.95 0 0
300.21 0 0 300.21 0 0
301.46 0 0 301.46 0 0
302.72 0 0 302.72 0 0
303.97 0 0 303.97 0 0
305.21 0 0 305.21 0 0
306.45 0 0 306.45 0 0
307.69 0 0 307.69 0 0
308.93 0 0 308.93 0 0
310.16 0 0 310.16 0 0
311.39 0 0 311.39 0 0
312.62 0 0 312.62 0 0
313.85 0 0 313.85 0 0
315.07 0 0 315.07 0 0
316.29 0 0 316.29 0 0
317.5 0 0 317.5 0 0
318.71 0 0 318.71 0 0
319.92 0 0 319.92 0 0
321.13 0 0 321.13 0 0
322.33 0 0 322.33 0 0
323.53 0 0 323.53 0 0
324.72 0 0 324.72 0 0
325.92 0 0 325.92 0 0
327.11 0 0 327.11 0 0
328.29 0 0 328.29 0 0
329.48 0 0 329.48 0 0
330.66 0 0 330.66 0 0
331.83 0 0 331.83 0 0
333.01 0 0 333.01 0 0
334.18 0 0 334.18 0 0
335.34 0 0 335.34 0 0
336.51 0 0 336.51 0 0
337.67 0 0 337.67 0 0
338.82 0 0 338.82 0 0
339.98 0 0 339.98 0 0
341.13 0 0 341.13 0 0
342.27 0 0 342.27 0 0
343.42 0 0 343.42 0 0
344.56 0 0 344.56 0 0
345.69 0 0 345.69 0 0
346.83 0 0 346.83 0 0
347.96 0 0 347.96 0 0
349.08 0 0 349.08 0 0
350.21 0 0 350.21 0 0
351.32 0 0 351.32 0 0
352.44 0 0 352.44 0 0
353.55 0 0 353.55 0 0
354.66 0 0 354.66 0 0
355.77 0 0 355.77 0 0
356.87 0 0 356.87 0 0
357.97 0 0 357.97 0 0
359.06 0 0 359.06 0 0
360.15 0 0 360.15 0 0
361.24 0 0 361.24 0 0
362.33 0 0 362.33 0 0
363.41 0 0 363.41 0 0
364.48 0 0 364.48 0 0
365.56 0 0 365.56 0 0
366.63 0 0 366.63 0 0
367.69 0 0 367.69 0 0
368.76 0 0 368.76 0 0
369.82 0 0 369.82 0 0
370.87 0 0 370.87 0 0
371.92 0 0 371.92 0 0
372.97 0 0 372.97 0 0
374.01 0 0 374.01 0 0
375.06 0 0 375.06 0 0
376.09 0 0 376.09 0 0
377.13 0 0 377.13 0 0
378.16 0 0 378.16 0 0
379.18 0 0 379.18 0 0
380.2 0 0 380.2 0 0
381.22 0 0 381.22 0 0
382.24 0 0 382.24 0 0
383.25 0 0 383.25 0 0
384.25 0 0 384.25 0 0
385.26 0 0 385.26 0 0
386.26 0 0 386.26 0 0
387.25 0 0 387.25 0 0
388.24 0 0 388.24 0 0
389.23 0 0 389.23 0 0
390.22 0 0 390.22 0 0
391.2 0 0 391.2 0 0
392.17 0 0 392.17 0 0
393.14 0 0 393.14 0 0
394.11 0 0 394.11 0 0
395.08 0 0 395.08 0 0
396.04 0 0 396.04 0 0
397 0 0 397 0 0
397.95 0 0 397.95 0 0
398.9 0 0 398.9 0 0
399.84 0 0 399.84 0 0
400.78 0 0 400.78 0 0
401.72 0 0 401.72 0 0
402.65 0 0 402.65 0 0
403.58 0 0 403.58 0 0
404.51 0 0 404.51 0 0
405.43 0 0 405.43 0 0
406.35 0 0 406.35 0 0
407.26 0 0 407.26 0 0
408.17 0 0 408.17 0 0
409.07 0 0 409.07 0 0
409.98 0 0 409.98 0 0
410.87 0 0 410.87 0 0
411.77 0 0 411.77 0 0
412.66 0 0 412.66 0 0
413.54 0 0 413.54 0 0
414.42 0 0 414.42 0 0
415.3 0 0 415.3 0 0
416.17 0 0 416.17 0 0
417.04 0 0 417.04 0 0
417.9 0 0 417.9 0 0
418.76 0 0 418.76 0 0
419.62 0 0 419.62 0 0
420.47 0 0 420.47 0 0
421.32 0 0 421.32 0 0
422.16 0 0 422.16 0 0
423 0 0 423 0 0
423.84 0 0 423.84 0 0
424.67 0 0 424.67 0 0
425.5 0 0 425.5 0 0
426.32 0 0 426.32 0 0
427.14 0 0 427.14 0 0
427.95 0 0 427.95 0 0
428.76 0 0 428.76 0 0
429.57 0 0 429.57 0 0
430.37 0 0 430.37 0 0
431.17 0 0 431.17 0 0
431.96 0 0 431.96 0 0
432.75 0 0 432.75 0 0
433.54 0 0 433.54 0 0
434.32 0 0 434.32 0 0
435.09 0 0 435.09 0 0
435.86 0 0 435.86 0 0
436.63 0 0 436.63 0 0
437.39 0 0 437.39 0 0
438.15 0 0 438.15 0 0
438.91 0 0 438.91 0 0
439.66 0 0 439.66 0 0
440.4 0 0 440.4 0 0
441.15 0 0 441.15 0 0
441.88 0 0 441.88 0 0
442.62 0 0 442.62 0 0
443.34 0 0 443.34 0 0
444.07 0 0 444.07 0 0
444.79 0 0 444.79 0 0
445.5 0 0 445.5 0 0
446.21 0 0 446.21 0 0
446.92 0 0 446.92 0 0
447.62 0 0 447.62 0 0
448.32 0 0 448.32 0 0
449.01 0 0 449.01 0 0
449.7 0 0 449.7 0 0
450.39 0 0 450.39 0 0
451.07 0 0 451.07 0 0
451.74 0 0 451.74 0 0
452.41 0 0 452.41 0 0
453.08 0 0 453.08 0 0
453.74 0 0 453.74 0 0
454.4 0 0 454.4 0 0
455.05 0 0 455.05 0 0
455.7 0 0 455.7 0 0
456.35 0 0 456.35 0 0
456.99 0 0 456.99 0 0
457.62 0 0 457.62 0 0
458.25 0 0 458.25 0 0
458.88 0 0 458.88 0 0
459.5 0 0 459.5 0 0
460.12 0 0 460.12 0 0
460.73 0 0 460.73 0 0
461.34 0 0 461.34 0 0
461.94 0 0 461.94 0 0
462.54 0 0 462.54 0 0
463.13 0 0 463.13 0 0
463.72 0 0 463.72 0 0
464.31 0 0 464.31 0 0
464.89 0 0 464.89 0 0
465.46 0 0 465.46 0 0
466.04 0 0 466.04 0 0
466.6 0 0 466.6 0 0
467.16 0 0 467.16 0 0
467.72 0 0 467.72 0 0
468.27 0 0 468.27 0 0
468.82 0 0 468.82 0 0
469.37 0 0 469.37 0 0
469.91 0 0 469.91 0 0
470.44 0 0 470.44 0 0
470.97 0 0 470.97 0 0
471.5 0 0 471.5 0 0
472.02 0 0 472.02 0 0
472.53 0 0 472.53 0 0
473.04 0 0 473.04 0 0
473.55 0 0 473.55 0 0
474.05 0 0 474.05 0 0
474.55 0 0 474.55 0 0
475.04 0 0 475.04 0 0
475.53 0 0 475.53 0 0
476.01 0 0 476.01 0 0
476.49 0 0 476.49 0 0
476.96 0 0 476.96 0 0
477.43 0 0 477.43 0 0
477.9 0 0 477.9 0 0
478.36 0 0 478.36 0 0
478.81 0 0 478.81 0 0
479.26 0 0 479.26 0 0
479.71 0 0 479.71 0 0
480.15 0 0 480.15 0 0
480.58 0 0 480.58 0 0
481.01 0 0 481.01 0 0
481.44 0 0 481.44 0 0
481.86 0 0 481.86 0 0
482.28 0 0 482.28 0 0
482.69 0 0 482.69 0 0
483.1 0 0 483.1 0 0
483.5 0 0 483.5 0 0
483.9 0 0 483.9 0 0
484.29 0 0 484.29 0 0
484.68 0 0 484.68 0 0
485.06 0 0 485.06 0 0
485.44 0 0 485.44 0 0
485.82 0 0 485.82 0 0
486.18 0 0 486.18 0 0
486.55 0 0 486.55 0 0
486.91 0 0 486.91 0 0
487.26 0 0 487.26 0 0
487.61 0 0 487.61 0 0
487.96 0 0 487.96 0 0
488.3 0 0 488.3 0 0
488.63 0 0 488.63 0 0
488.96 0 0 488.96 0 0
489.29 0 0 489.29 0 0
489.61 0 0 489.61 0 0
489.93 0 0 489.93 0 0
490.24 0 0 490.24 0 0
490.55 0 0 490.55 0 0
490.85 0 0 490.85 0 0
491.14 0 0 491.14 0 0
491.44 0 0 491.44 0 0
491.72 0 0 491.72 0 0
492 0 0 492 0 0
492.28 0 0 492.28 0 0
492.55 0 0 492.55 0 0
492.82 0 0 492.82 0 0
493.09 0 0 493.09 0 0
493.34 0 0 493.34 0 0
493.6 0 0 493.6 0 0
493.84 0 0 493.84 0 0
494.09 0 0 494.09 0 0
494.33 0 0 494.33 0 0
494.56 0 0 494.56 0 0
494.79 0 0 494.79 0 0
495.01 0 0 495.01 0 0
495.23 0 0 495.23 0 0
495.44 0 0 495.44 0 0
495.65 0 0 495.65 0 0
495.86 0 0 495.86 0 0
496.06 0 0 496.06 0 0
496.25 0 0 496.25 0 0
496.44 0 0 496.44 0 0
496.63 0 0 496.63 0 0
496.81 0 0 496.81 0 0
496.98 0 0 496.98 0 0
497.15 0 0 497.15 0 0
497.32 0 0 497.32 0 0
497.48 0 0 497.48 0 0
497.63 0 0 497.63 0 0
497.78 0 0 497.78 0 0
497.93 0 0 497.93 0 0
498.07 0 0 498.07 0 0
498.2 0 0 498.2 0 0
498.33 0 0 498.33 0 0
498.46 0 0 498.46 0 0
498.58 0 0 498.58 0 0
498.7 0 0 498.7 0 0
498.81 0 0 498.81 0 0
498.91 0 0 498.91 0 0
499.01 0 0 499.01 0 0
499.11 0 0 499.11 0 0
499.2 0 0 499.2 0 0
499.29 0 0 499.29 0 0
499.37 0 0 499.37 0 0
499.44 0 0 499.44 0 0
499.52 0 0 499.52 0 0
499.58 0 0 499.58 0 0
499.64 0 0 499.64 0 0
499.7 0 0 499.7 0 0
499.75 0 0 499.75 0 0
499.8 0 0 499.8 0 0
499.84 0 0 499.84 0 0
499.88 0 0 499.88 0 0
499.91 0 0 499.91 0 0
499.94 0 0 499.94 0 0
499.96 0 0 499.96 0 0
499.98 0 0 499.98 0 0
499.99 0 0 499.99 0 0
500 0 0 500 0 0
500 0 0 500 0 0
499.98 4.9629 0 499.98 4.9629 0
499.9 9.9254 0 499.9 9.9254 0
499.78 14.887 0 499.78 14.887 0
499.61 19.847 0 499.61 19.847 0
499.38 24.805 0 499.38 24.805 0
499.11 29.761 0 499.11 29.761 0
498.79 34.713 0 498.79 34.713 0
498.42 39.662 0 498.42 39.662 0
498.01 44.608 0 498.01 44.608 0
497.54 49.549 0 497.54 49.549 0
497.02 54.485 0 497.02 54.485 0
496.46 59.416 0 496.46 59.416 0
495.84 64.34 0 495.84 64.34 0
495.18 69.259 0 495.18 69.259 0
494.47 74.171 0 494.47 74.171 0
493.71 79.075 0 493.71 79.075 0
492.9 83.972 0 492.9 83.972 0
492.04 88.86 0 492.04 88.86 0
491.13 93.739 0 491.13 93.739 0
490.18 98.61 0 490.18 98.61 0
489.18 103.47 0 489.18 103.47 0
488.13 108.32 0 488.13 108.32 0
487.03 113.16 0 487.03 113.16 0
485.88 117.99 0 485.88 117.99 0
484.68 122.81 0 484.68 122.81 0
483.44 127.61 0 483.44 127.61 0
482.15 132.4 0 482.15 132.4 0
480.81 137.18 0 480.81 137.18 0
479.43 141.95 0 479.43 141.95 0
477.99 146.7 0 477.99 146.7 0
476.52 151.44 0 476.52 151.44 0
474.99 156.16 0 474.99 156.16 0
473.42 160.87 0 473.42 160.87 0
471.8 165.56 0 471.8 165.56 0
470.13 170.23 0 470.13 170.23 0
468.42 174.89 0 468.42 174.89 0
466.66 179.53 0 466.66 179.53 0
464.85 184.15 0 464.85 184.15 0
463 188.76 0 463 188.76 0
461.1 193.35 0 461.1 193.35 0
459.16 197.91 0 459.16 197.91 0
457.18 202.46 0 457.18 202.46 0
455.14 206.99 0 455.14 206.99 0
453.07 211.5 0 453.07 211.5 0
450.94 215.98 0 450.94 215.98 0
448.78 220.45 0 448.78 220.45 0
446.57 224.89 0 446.57 224.89 0
444.31 229.31 0 444.31 229.31 0
442.02 233.71 0 442.02 233.71 0
439.67 238.09 0 439.67 238.09 0
437.29 242.44 0 437.29 242.44 0
434.86 246.77 0 434.86 246.77 0
432.39 251.07 0 432.39 251.07 0
429.88 255.35 0 429.88 255.35 0
427.32 259.61 0 427.32 259.61 0
424.72 263.84 0 424.72 263.84 0
422.08 268.04 0 422.08 268.04 0
419.4 272.22 0 419.4 272.22 0
416.68 276.36 0 416.68 276.36 0
413.92 280.49 0 413.92 280.49 0
411.11 284.58 0 411.11 284.58 0
408.27 288.65 0 408.27 288.65 0
405.38 292.69 0 405.38 292.69 0
402.46 296.7 0 402.46 296.7 0
399.49 300.68 0 399.49 300.68 0
396.49 304.63 0 396.49 304.63 0
393.44 308.55 0 393.44 308.55 0
390.36 312.44 0 390.36 312.44 0
387.24 316.3 0 387.24 316.3 0
384.08 320.12 0 384.08 320.12 0
380.89 323.92 0 380.89 323.92 0
377.65 327.69 0 377.65 327.69 0
374.38 331.42 0 374.38 331.42 0
371.07 335.12 0 371.07 335.12 0
367.73 338.78 0 367.73 338.78 0
364.35 342.42 0 364.35 342.42 0
360.93 346.02 0 360.93 346.02 0
357.48 349.58 0 357.48 349.58 0
353.99 353.11 0 353.99 353.11 0
350.47 356.61 0 350.47 356.61 0
346.91 360.07 0 346.91 360.07 0
343.32 363.5 0 343.32 363.5 0
339.7 366.89 0 339.7 366.89 0
336.04 370.24 0 336.04 370.24 0
332.35 373.56 0 332.35 373.56 0
328.62 376.84 0 328.62 376.84 0
324.87 380.08 0 324.87 380.08 0
321.08 383.29 0 321.08 383.29 0
317.26 386.46 0 317.26 386.46 0
313.41 389.59 0 313.41 389.59 0
309.52 392.68 0 309.52 392.68 0
305.61 395.73 0 305.61 395.73 0
301.67 398.74 0 301.67 398.74 0
297.69 401.72 0 297.69 401.72 0
293.69 404.65 0 293.69 404.65 0
289.66 407.55 0 289.66 407.55 0
285.6 410.4 0 285.6 410.4 0
281.51 413.22 0 281.51 413.22 0
277.4 415.99 0 277.4 415.99 0
273.26 418.73 0 273.26 418.73 0
269.09 421.42 0 269.09 421.42 0
264.89 424.07 0 264.89 424.07 0
260.67 426.68 0 260.67 426.68 0
256.42 429.24 0 256.42 429.24 0
252.15 431.77 0 252.15 431.77 0
247.85 434.25 0 247.85 434.25 0
243.53 436.69 0 243.53 436.69 0
239.18 439.08 0 239.18 439.08 0
234.81 441.43 0 234.81 441.43 0
230.42 443.74 0 230.42 443.74 0
226 446.01 0 226 446.01 0
221.56 448.23 0 221.56 448.23 0
217.1 450.41 0 217.1 450.41 0
212.62 452.54 0 212.62 452.54 0
208.12 454.63 0 208.12 454.63 0
203.59 456.67 0 203.59 456.67 0
199.05 458.67 0 199.05 458.67 0
194.49 460.62 0 194.49 460.62 0
189.91 462.53 0 189.91 462.53 0
185.31 464.39 0 185.31 464.39 0
180.69 466.21 0 180.69 466.21 0
176.05 467.98 0 176.05 467.98 0
171.4 469.7 0 171.4 469.7 0
166.73 471.38 0 166.73 471.38 0
162.04 473.01 0 162.04 473.01 0
157.34 474.6 0 157.34 474.6 0
152.62 476.14 0 152.62 476.14 0
147.89 477.63 0 147.89 477.63 0
143.14 479.07 0 143.14 479.07 0
138.38 480.47 0 138.38 480.47 0
133.6 481.82 0 133.6 481.82 0
128.81 483.12 0 128.81 483.12 0
124.01 484.38 0 124.01 484.38 0
119.19 485.58 0 119.19 485.58 0
114.37 486.74 0 114.37 486.74 0
109.53 487.86 0 109.53 487.86 0
104.68 488.92 0 104.68 488.92 0
99.826 489.93 0 99.826 489.93 0
94.958 490.9 0 94.958 490.9 0
90.081 491.82 0 90.081 491.82 0
85.194 492.69 0 85.194 492.69 0
80.3 493.51 0 80.3 493.51 0
75.397 494.28 0 75.397 494.28 0
70.487 495.01 0 70.487 495.01 0
65.571 495.68 0 65.571 495.68 0
60.647 496.31 0 60.647 496.31 0
55.718 496.89 0 55.718 496.89 0
50.783 497.41 0 50.783 497.41 0
45.843 497.89 0 45.843 497.89 0
40.899 498.32 0 40.899 498.32 0
35.951 498.71 0 35.951 498.71 0
30.999 499.04 0 30.999 499.04 0
26.044 499.32 0 26.044 499.32 0
21.087 499.56 0 21.087 499.56 0
16.127 499.74 0 16.127 499.74 0
11.166 499.88 0 11.166 499.88 0
6.2036 499.96 0 6.2036 499.96 0
1.2408 500 0 1.2408 500 0
-3.7222 499.99 0 -3.7222 499.99 0
-8.6849 499.92 0 -8.6849 499.92 0
-13.647 499.81 0 -13.647 499.81 0
-18.607 499.65 0 -18.607 499.65 0
-23.566 499.44 0 -23.566 499.44 0
-28.522 499.19 0 -28.522 499.19 0
-33.475 498.88 0 -33.475 498.88 0
-38.425 498.52 0 -38.425 498.52 0
-43.372 498.12 0 -43.372 498.12 0
-48.314 497.66 0 -48.314 497.66 0
-53.251 497.16 0 -53.251 497.16 0
-58.183 496.6 0 -58.183 496.6 0
-63.11 496 0 -63.11 496 0
-68.03 495.35 0 -68.03 495.35 0
-72.943 494.65 0 -72.943 494.65 0
-77.85 493.9 0 -77.85 493.9 0
-82.748 493.11 0 -82.748 493.11 0
-87.639 492.26 0 -87.639 492.26 0
-92.52 491.37 0 -92.52 491.37 0
-97.393 490.42 0 -97.393 490.42 0
-102.26 489.43 0 -102.26 489.43 0
-107.11 488.39 0 -107.11 488.39 0
-111.95 487.31 0 -111.95 487.31 0
-116.78 486.17 0 -116.78 486.17 0
-121.6 484.99 0 -121.6 484.99 0
-126.41 483.76 0 -126.41 483.76 0
-131.21 482.48 0 -131.21 482.48 0
-135.99 481.15 0 -135.99 481.15 0
-140.76 479.78 0 -140.76 479.78 0
-145.51 478.36 0 -145.51 478.36 0
-150.25 476.89 0 -150.25 476.89 0
-154.98 475.37 0 -154.98 475.37 0
-159.69 473.81 0 -159.69 473.81 0
-164.39 472.2 0 -164.39 472.2 0
-169.07 470.55 0 -169.07 470.55 0
-173.73 468.85 0 -173.73 468.85 0
-178.37 467.1 0 -178.37 467.1 0
-183 465.31 0 -183 465.31 0
-187.61 463.47 0 -187.61 463.47 0
-192.2 461.58 0 -192.2 461.58 0
-196.77 459.65 0 -196.77 459.65 0
-201.33 457.68 0 -201.33 457.68 0
-205.86 455.66 0 -205.86 455.66 0
-210.37 453.59 0 -210.37 453.59 0
-214.86 451.48 0 -214.86 451.48 0
-219.33 449.32 0 -219.33 449.32 0
-223.78 447.13 0 -223.78 447.13 0
-228.21 444.88 0 -228.21 444.88 0
-232.62 442.59 0 -232.62 442.59 0
-237 440.26 0 -237 440.26 0
-241.36 437.89 0 -241.36 437.89 0
-245.69 435.47 0 -245.69 435.47 0
-250 433.01 0 -250 433.01 0
-254.29 430.51 0 -254.29 430.51 0
-258.55 427.96 0 -258.55 427.96 0
-262.78 425.38 0 -262.78 425.38 0
-266.99 422.75 0 -266.99 422.75 0
-271.17 420.08 0 -271.17 420.08 0
-275.33 417.36 0 -275.33 417.36 0
-279.46 414.61 0 -279.46 414.61 0
-283.56 411.82 0 -283.56 411.82 0
-287.63 408.98 0 -287.63 408.98 0
-291.68 406.11 0 -291.68 406.11 0
-295.7 403.19 0 -295.7 403.19 0
-299.68 400.24 0 -299.68 400.24 0
-303.64 397.24 0 -303.64 397.24 0
-307.57 394.21 0 -307.57 394.21 0
-311.47 391.14 0 -311.47 391.14 0
-315.33 388.03 0 -315.33 388.03 0
-319.17 384.88 0 -319.17 384.88 0
-322.98 381.69 0 -322.98 381.69 0
-326.75 378.47 0 -326.75 378.47 0
-330.49 375.2 0 -330.49 375.2 0
-334.2 371.9 0 -334.2 371.9 0
-337.87 368.57 0 -337.87 368.57 0
-341.51 365.2 0 -341.51 365.2 0
-345.12 361.79 0 -345.12 361.79 0
-348.7 358.35 0 -348.7 358.35 0
-352.23 354.87 0 -352.23 354.87 0
-355.74 351.35 0 -355.74 351.35 0
-359.21 347.8 0 -359.21 347.8 0
-362.64 344.22 0 -362.64 344.22 0
-366.04 340.61 0 -366.04 340.61 0
-369.41 336.96 0 -369.41 336.96 0
-372.73 333.27 0 -372.73 333.27 0
-376.02 329.56 0 -376.02 329.56 0
-379.27 325.81 0 -379.27 325.81 0
-382.49 322.03 0 -382.49 322.03 0
-385.67 318.21 0 -385.67 318.21 0
-388.81 314.37 0 -388.81 314.37 0
-391.91 310.5 0 -391.91 310.5 0
-394.97 306.59 0 -394.97 306.59 0
-397.99 302.66 0 -397.99 302.66 0
-400.98 298.69 0 -400.98 298.69 0
-403.92 294.7 0 -403.92 294.7 0
-406.83 290.67 0 -406.83 290.67 0
-409.69 286.62 0 -409.69 286.62 0
-412.52 282.54 0 -412.52 282.54 0
-415.3 278.43 0 -415.3 278.43 0
-418.05 274.29 0 -418.05 274.29 0
-420.75 270.13 0 -420.75 270.13 0
-423.41 265.94 0 -423.41 265.94 0
-426.03 261.73 0 -426.03 261.73 0
-428.6 257.48 0 -428.6 257.48 0
-431.14 253.22 0 -431.14 253.22 0
-433.63 248.92 0 -433.63 248.92 0
-436.08 244.61 0 -436.08 244.61 0
-438.49 240.27 0 -438.49 240.27 0
-440.85 235.9 0 -440.85 235.9 0
-443.17 231.52 0 -443.17 231.52 0
-445.45 227.11 0 -445.45 227.11 0
-447.68 222.67 0 -447.68 222.67 0
-449.87 218.22 0 -449.87 218.22 0
-452.01 213.74 0 -452.01 213.74 0
-454.11 209.25 0 -454.11 209.25 0
-456.17 204.73 0 -456.17 204.73 0
-458.17 200.19 0 -458.17 200.19 0
-460.14 195.63 0 -460.14 195.63 0
-462.06 191.06 0 -462.06 191.06 0
-463.93 186.46 0 -463.93 186.46 0
-465.76 181.85 0 -465.76 181.85 0
-467.54 177.21 0 -467.54 177.21 0
-469.28 172.56 0 -469.28 172.56 0
-470.97 167.9 0 -470.97 167.9 0
-472.61 163.21 0 -472.61 163.21 0
-474.21 158.52 0 -474.21 158.52 0
-475.76 153.8 0 -475.76 153.8 0
-477.26 149.07 0 -477.26 149.07 0
-478.72 144.33 0 -478.72 144.33 0
-480.13 139.57 0 -480.13 139.57 0
-481.49 134.79 0 -481.49 134.79 0
-482.8 130.01 0 -482.8 130.01 0
-484.07 125.21 0 -484.07 125.21 0
-485.29 120.4 0 -485.29 120.4 0
-486.46 115.58 0 -486.46 115.58 0
-487.58 110.74 0 -487.58 110.74 0
-488.66 105.9 0 -488.66 105.9 0
-489.68 101.04 0 -489.68 101.04 0
-490.66 96.176 0 -490.66 96.176 0
-491.59 91.301 0 -491.59 91.301 0
-492.48 86.417 0 -492.48 86.417 0
-493.31 81.524 0 -493.31 81.524 0
-494.09 76.624 0 -494.09 76.624 0
-494.83 71.716 0 -494.83 71.716 0
-495.52 66.8 0 -495.52 66.8 0
-496.16 61.879 0 -496.16 61.879 0
-496.75 56.951 0 -496.75 56.951 0
-497.29 52.017 0 -497.29 52.017 0
-497.78 47.079 0 -497.78 47.079 0
-498.22 42.136 0 -498.22 42.136 0
-498.62 37.188 0 -498.62 37.188 0
-498.96 32.237 0 -498.96 32.237 0
-499.26 27.283 0 -499.26 27.283 0
-499.5 22.326 0 -499.5 22.326 0
-499.7 17.367 0 -499.7 17.367 0
-499.85 12.406 0 -499.85 12.406 0
-499.94 7.4443 0 -499.94 7.4443 0
-499.99 2.4815 0 -499.99 2.4815 0
-499.99 -2.4815 0 -499.99 -2.4815 0
-499.94 -7.4443 0 -499.94 -7.4443 0
-499.85 -12.406 0 -499.85 -12.406 0
-499.7 -17.367 0 -499.7 -17.367 0
-499.5 -22.326 0 -499.5 -22.326 0
-499.26 -27.283 0 -499.26 -27.283 0
-498.96 -32.237 0 -498.96 -32.237 0
-498.62 -37.188 0 -498.62 -37.188 0
-498.22 -42.136 0 -498.22 -42.136 0
-497.78 -47.079 0 -497.78 -47.079 0
-497.29 -52.017 0 -497.29 -52.017 0
-496.75 -56.951 0 -496.75 -56.951 0
-496.16 -61.879 0 -496.16 -61.879 0
-495.52 -66.8 0 -495.52 -66.8 0
-494.83 -71.716 0 -494.83 -71.716 0
-494.09 -76.624 0 -494.09 -76.624 0
-493.31 -81.524 0 -493.31 -81.524 0
-492.48 -86.417 0 -492.48 -86.417 0
-491.59 -91.301 0 -491.59 -91.301 0
-490.66 -96.176 0 -490.66 -96.176 0
-489.68 -101.04 0 -489.68 -101.04 0
-488.66 -105.9 0 -488.66 -105.9 0
-487.58 -110.74 0 -487.58 -110.74 0
-486.46 -115.58 0 -486.46 -115.58 0
-485.29 -120.4 0 -485.29 -120.4 0
-484.07 -125.21 0 -484.07 -125.21 0
-482.8 -130.01 0 -482.8 -130.01 0
-481.49 -134.79 0 -481.49 -134.79 0
-480.13 -139.57 0 -480.13 -139.57 0
-478.72 -144.33 0 -478.72 -144.33 0
-477.26 -149.07 0 -477.26 -149.07 0
-475.76 -153.8 0 -475.76 -153.8 0
-474.21 -158.52 0 -474.21 -158.52 0
-472.61 -163.21 0 -472.61 -163.21 0
-470.97 -167.9 0 -470.97 -167.9 0
-469.28 -172.56 0 -469.28 -172.56 0
-467.54 -177.21 0 -467.54 -177.21 0
-465.76 -181.85 0 -465.76 -181.85 0
-463.93 -186.46 0 -463.93 -186.46 0
-462.06 -191.06 0 -462.06 -191.06 0
-460.14 -195.63 0 -460.14 -195.63 0
-458.17 -200.19 0 -458.17 -200.19 0
-456.17 -204.73 0 -456.17 -204.73 0
-454.11 -209.25 0 -454.11 -209.25 0
-452.01 -213.74 0 -452.01 -213.74 0
-449.87 -218.22 0 -449.87 -218.22 0
-447.68 -222.67 0 -447.68 -222.67 0
-445.45 -227.11 0 -445.45 -227.11 0
-443.17 -231.52 0 -443.17 -231.52 0
-440.85 -235.9 0 -440.85 -235.9 0
-438.49 -240.27 0 -438.49 -240.27 0
-436.08 -244.61 0 -436.08 -244.61 0
-433.63 -248.92 0 -433.63 -248.92 0
-431.14 -253.22 0 -431.14 -253.22 0
-428.6 -257.48 0 -428.6 -257.48 0
-426.03 -261.73 0 -426.03 -261.73 0
-423.41 -265.94 0 -423.41 -265.94 0
-420.75 -270.13 0 -420.75 -270.13 0
-418.05 -274.29 0 -418.05 -274.29 0
-415.3 -278.43 0 -415.3 -278.43 0
-412.52 -282.54 0 -412.52 -282.54 0
-409.69 -286.62 0 -409.69 -286.62 0
-406.83 -290.67 0 -406.83 -290.67 0
-403.92 -294.7 0 -403.92 -294.7 0
-400.98 -298.69 0 -400.98 -298.69 0
-397.99 -302.66 0 -397.99 -302.66 0
-394.97 -306.59 0 -394.97 -306.59 0
-391.91 -310.5 0 -391.91 -310.5 0
-388.81 -314.37 0 -388.81 -314.37 0
-385.67 -318.21 0 -385.67 -318.21 0
-382.49 -322.03 0 -382.49 -322.03 0
-379.27 -325.81 0 -379.27 -325.81 0
-376.02 -329.56 0 -376.02 -329.56 0
-372.73 -333.27 0 -372.73 -333.27 0
-369.41 -336.96 0 -369.41 -336.96 0
-366.04 -340.61 0 -366.04 -340.61 0
-362.64 -344.22 0 -362.64 -344.22 0
-359.21 -347.8 0 -359.21 -347.8 0
-355.74 -351.35 0 -355.74 -351.35 0
-352.23 -354.87 0 -352.23 -354.87 0
-348.7 -358.35 0 -348.7 -358.35 0
-345.12 -361.79 0 -345.12 -361.79 0
-341.51 -365.2 0 -341.51 -365.2 0
-337.87 -368.57 0 -337.87 -368.57 0
-334.2 -371.9 0 -334.2 -371.9 0
-330.49 -375.2 0 -330.49 -375.2 0
-326.75 -378.47 0 -326.75 -378.47 0
-322.98 -381.69 0 -322.98 -381.69 0
-319.17 -384.88 0 -319.17 -384.88 0
-315.33 -388.03 0 -315.33 -388.03 0
-311.47 -391.14 0 -311.47 -391.14 0
-307.57 -394.21 0 -307.57 -394.21 0
-303.64 -397.24 0 -303.64 -397.24 0
-299.68 -400.24 0 -299.68 -400.24 0
-295.7 -403.19 0 -295.7 -403.19 0
-291.68 -406.11 0 -291.68 -406.11 0
-287.63 -408.98 0 -287.63 -408.98 0
-283.56 -411.82 0 -283.56 -411.82 0
-279.46 -414.61 0 -279.46 -414.61 0
-275.33 -417.36 0 -275.33 -417.36 0
-271.17 -420.08 0 -271.17 -420.08 0
-266.99 -422.75 0 -266.99 -422.75 0
-262.78 -425.38 0 -262.78 -425.38 0
-258.55 -427.96 0 -258.55 -427.96 0
-254.29 -430.51 0 -254.29 -430.51 0
-250 -433.01 0 -250 -433.01 0
-245.69 -435.47 0 -245.69 -435.47 0
-241.36 -437.89 0 -241.36 -437.89 0
-237 -440.26 0 -237 -440.26 0
-232.62 -442.59 0 -232.62 -442.59 0
-228.21 -444.88 0 -228.21 -444.88 0
-223.78 -447.13 0 -223.78 -447.13 0
-219.33 -449.32 0 -219.33 -449.32 0
-214.86 -451.48 0 -214.86 -451.48 0
-210.37 -453.59 0 -210.37 -453.59 0
-205.86 -455.66 0 -205.86 -455.66 0
-201.33 -457.68 0 -201.33 -457.68 0
-196.77 -459.65 0 -196.77 -459.65 0
-192.2 -461.58 0 -192.2 -461.58 0
-187.61 -463.47 0 -187.61 -463.47 0
-183 -465.31 0 -183 -465.31 0
-178.37 -467.1 0 -178.37 -467.1 0
-173.73 -468.85 0 -173.73 -468.85 0
-169.07 -470.55 0 -169.07 -470.55 0
-164.39 -472.2 0 -164.39 -472.2 0
-159.69 -473.81 0 -159.69 -473.81 0
-154.98 -475.37 0 -154.98 -475.37 0
-150.25 -476.89 0 -150.25 -476.89 0
-145.51 -478.36 0 -145.51 -478.36 0
-140.76 -479.78 0 -140.76 -479.78 0
-135.99 -481.15 0 -135.99 -481.15 0
-131.21 -482.48 0 -131.21 -482.48 0
-126.41 -483.76 0 -126.41 -483.76 0
-121.6 -484.99 0 -121.6 -484.99 0
-116.78 -486.17 0 -116.78 -486.17 0
-111.95 -487.31 0 -111.95 -487.31 0
-107.11 -488.39 0 -107.11 -488.39 0
-102.26 -489.43 0 -102.26 -489.43 0
-97.393 -490.42 0 -97.393 -490.42 0
-92.52 -491.37 0 -92.52 -491.37 0
-87.639 -492.26 0 -87.639 -492.26 0
-82.748 -493.11 0 -82.748 -493.11 0
-77.85 -493.9 0 -77.85 -493.9 0
-72.943 -494.65 0 -72.943 -494.65 0
-68.03 -495.35 0 -68.03 -495.35 0
-63.11 -496 0 -63.11 -496 0
-58.183 -496.6 0 -58.183 -496.6 0
-53.251 -497.16 0 -53.251 -497.16 0
-48.314 -497.66 0 -48.314 -497.66 0
-43.372 -498.12 0 -43.372 -498.12 0
-38.425 -498.52 0 -38.425 -498.52 0
-33.475 -498.88 0 -33.475 -498.88 0
-28.522 -499.19 0 -28.522 -499.19 0
-23.566 -499.44 0 -23.566 -499.44 0
-18.607 -499.65 0 -18.607 -499.65 0
-13.647 -499.81 0 -13.647 -499.81 0
-8.6849 -499.92 0 -8.6849 -499.92 0
-3.7222 -499.99 0 -3.7222 -499.99 0
1.2408 -500 0 1.2408 -500 0
6.2036 -499.96 0 6.2036 -499.96 0
11.166 -499.88 0 11.166 -499.88 0
16.127 -499.74 0 16.127 -499.74 0
21.087 -499.56 0 21.087 -499.56 0
26.044 -499.32 0 26.044 -499.32 0
30.999 -499.04 0 30.999 -499.04 0
35.951 -498.71 0 35.951 -498.71 0
40.899 -498.32 0 40.899 -498.32 0
45.843 -497.89 0 45.843 -497.89 0
50.783 -497.41 0 50.783 -497.41 0
55.718 -496.89 0 55.718 -496.89 0
60.647 -496.31 0 60.647 -496.31 0
65.571 -495.68 0 65.571 -495.68 0
70.487 -495.01 0 70.487 -495.01 0
75.397 -494.28 0 75.397 -494.28 0
80.3 -493.51 0 80.3 -493.51 0
85.194 -492.69 0 85.194 -492.69 0
90.081 -491.82 0 90.081 -491.82 0
94.958 -490.9 0 94.958 -490.9 0
99.826 -489.93 0 99.826 -489.93 0
104.68 -488.92 0 104.68 -488.92 0
109.53 -487.86 0 109.53 -487.86 0
114.37 -486.74 0 114.37 -486.74 0
119.19 -485.58 0 119.19 -485.58 0
124.01 -484.38 0 124.01 -484.38 0
128.81 -483.12 0 128.81 -483.12 0
133.6 -481.82 0 133.6 -481.82 0
138.38 -480.47 0 138.38 -480.47 0
143.14 -479.07 0 143.14 -479.07 0
147.89 -477.63 0 147.89 -477.63 0
152.62 -476.14 0 152.62 -476.14 0
157.34 -474.6 0 157.34 -474.6 0
162.04 -473.01 0 162.04 -473.01 0
166.73 -471.38 0 166.73 -471.38 0
171.4 -469.7 0 171.4 -469.7 0
176.05 -467.98 0 176.05 -467.98 0
180.69 -466.21 0 180.69 -466.21 0
185.31 -464.39 0 185.31 -464.39 0
189.91 -462.53 0 189.91 -462.53 0
194.49 -460.62 0 194.49 -460.62 0
199.05 -458.67 0 199.05 -458.67 0
203.59 -456.67 0 203.59 -456.67 0
208.12 -454.63 0 208.12 -454.63 0
212.62 -452.54 0 212.62 -452.54 0
217.1 -450.41 0 217.1 -450.41 0
221.56 -448.23 0 221.56 -448.23 0
226 -446.01 0 226 -446.01 0
230.42 -443.74 0 230.42 -443.74 0
234.81 -441.43 0 234.81 -441.43 0
239.18 -439.08 0 239.18 -439.08 0
243.53 -436.69 0 243.53 -436.69 0
247.85 -434.25 0 247.85 -434.25 0
252.15 -431.77 0 252.15 -431.77 0
256.42 -429.24 0 256.42 -429.24 0
260.67 -426.68 0 260.67 -426.68 0
264.89 -424.07 0 264.89 -424.07 0
269.09 -421.42 0 269.09 -421.42 0
273.26 -418.73 0 273.26 -418.73 0
277.4 -415.99 0 277.4 -415.99 0
281.51 -413.22 0 281.51 -413.22 0
285.6 -410.4 0 285.6 -410.4 0
289.66 -407.55 0 289.66 -407.55 0
293.69 -404.65 0 293.69 -404.65 0
297.69 -401.72 0 297.69 -401.72 0
301.67 -398.74 0 301.67 -398.74 0
305.61 -395.73 0 305.61 -395.73 0
309.52 -392.68 0 309.52 -392.68 0
313.41 -389.59 0 313.41 -389.59 0
317.26 -386.46 0 317.26 -386.46 0
321.08 -383.29 0 321.08 -383.29 0
324.87 -380.08 0 324.87 -380.08 0
328.62 -376.84 0 328.62 -376.84 0
332.35 -373.56 0 332.35 -373.56 0
336.04 -370.24 0 336.04 -370.24 0
339.7 -366.89 0 339.7 -366.89 0
343.32 -363.5 0 343.32 -363.5 0
346.91 -360.07 0 346.91 -360.07 0
350.47 -356.61 0 350.47 -356.61 0
353.99 -353.11 0 353.99 -353.11 0
357.48 -349.58 0 357.48 -349.58 0
360.93 -346.02 0 360.93 -346.02 0
364.35 -342.42 0 364.35 -342.42 0
367.73 -338.78 0 367.73 -338.78 0
371.07 -335.12 0 371.07 -335.12 0
374.38 -331.42 0 374.38 -331.42 0
377.65 -327.69 0 377.65 -327.69 0
380.89 -323.92 0 380.89 -323.92 0
384.08 -320.12 0 384.08 -320.12 0
387.24 -316.3 0 387.24 -316.3 0
390.36 -312.44 0 390.36 -312.44 0
393.44 -308.55 0 393.44 -308.55 0
396.49 -304.63 0 396.49 -304.63 0
399.49 -300.68 0 399.49 -300.68 0
402.46 -296.7 0 402.46 -296.7 0
405.38 -292.69 0 405.38 -292.69 0
408.27 -288.65 0 408.27 -288.65 0
411.11 -284.58 0 411.11 -284.58 0
413.92 -280.49 0 413.92 -280.49 0
416.68 -276.36 0 416.68 -276.36 0
419.4 -272.22 0 419.4 -272.22 0
422.08 -268.04 0 422.08 -268.04 0
424.72 -263.84 0 424.72 -263.84 0
427.32 -259.61 0 427.32 -259.61 0
429.88 -255.35 0 429.88 -255.35 0
432.39 -251.07 0 432.39 -251.07 0
434.86 -246.77 0 434.86 -246.77 0
437.29 -242.44 0 437.29 -242.44 0
439.67 -238.09 0 439.67 -238.09 0
442.02 -233.71 0 442.02 -233.71 0
444.31 -229.31 0 444.31 -229.31 0
446.57 -224.89 0 446.57 -224.89 0
448.78 -220.45 0 448.78 -220.45 0
450.94 -215.98 0 450.94 -215.98 0
453.07 -211.5 0 453.07 -211.5 0
455.14 -206.99 0 455.14 -206.99 0
457.18 -202.46 0 457.18 -202.46 0
459.16 -197.91 0 459.16 -197.91 0
461.1 -193.35 0 461.1 -193.35 0
463 -188.76 0 463 -188.76 0
464.85 -184.15 0 464.85 -184.15 0
466.66 -179.53 0 466.66 -179.53 0
468.42 -174.89 0 468.42 -174.89 0
470.13 -170.23 0 470.13 -170.23 0
471.8 -165.56 0 471.8 -165.56 0
473.42 -160.87 0 473.42 -160.87 0
474.99 -156.16 0 474.99 -156.16 0
476.52 -151.44 0 476.52 -151.44 0
477.99 -146.7 0 477.99 -146.7 0
479.43 -141.95 0 479.43 -141.95 0
480.81 -137.18 0 480.81 -137.18 0
482.15 -132.4 0 482.15 -132.4 0
483.44 -127.61 0 483.44 -127.61 0
484.68 -122.81 0 484.68 -122.81 0
485.88 -117.99 0 485.88 -117.99 0
487.03 -113.16 0 487.03 -113.16 0
488.13 -108.32 0 488.13 -108.32 0
489.18 -103.47 0 489.18 -103.47 0
490.18 -98.61 0 490.18 -98.61 0
491.13 -93.739 0 491.13 -93.739 0
492.04 -88.86 0 492.04 -88.86 0
492.9 -83.972 0 492.9 -83.972 0
493.71 -79.075 0 493.71 -79.075 0
494.47 -74.171 0 494.47 -74.171 0
495.18 -69.259 0 495.18 -69.259 0
495.84 -64.34 0 495.84 -64.34 0
496.46 -59.416 0 496.46 -59.416 0
497.02 -54.485 0 497.02 -54.485 0
497.54 -49.549 0 497.54 -49.549 0
498.01 -44.608 0 498.01 -44.608 0
498.42 -39.662 0 498.42 -39.662 0
498.79 -34.713 0 498.79 -34.713 0
499.11 -29.761 0 499.11 -29.761 0
499.38 -24.805 0 499.38 -24.805 0
499.61 -19.847 0 499.61 -19.847 0
499.78 -14.887 0 499.78 -14.887 0
499.9 -9.9254 0 499.9 -9.9254 0
499.98 -4.9629 0 499.98 -4.9629 0
