2000 0 0 2000 0 0
2000 4.9611 0 2000 4.9611 0
2000 9.9221 0 2000 9.9221 0
1999.9 14.883 0 1999.9 14.883 0
1999.9 19.844 0 1999.9 19.844 0
1999.8 24.805 0 1999.8 24.805 0
1999.8 29.765 0 1999.8 29.765 0
1999.7 34.726 0 1999.7 34.726 0
1999.6 39.686 0 1999.6 39.686 0
1999.5 44.646 0 1999.5 44.646 0
1999.4 49.606 0 1999.4 49.606 0
1999.3 54.565 0 1999.3 54.565 0
1999.1 59.524 0 1999.1 59.524 0
1999 64.483 0 1999 64.483 0
1998.8 69.441 0 1998.8 69.441 0
1998.6 74.399 0 1998.6 74.399 0
1998.4 79.356 0 1998.4 79.356 0
1998.2 84.313 0 1998.2 84.313 0
1998 89.269 0 1998 89.269 0
1997.8 94.225 0 1997.8 94.225 0
1997.5 99.181 0 1997.5 99.181 0
1997.3 104.14 0 1997.3 104.14 0
1997 109.09 0 1997 109.09 0
1996.7 114.04 0 1996.7 114.04 0
1996.5 119 0 1996.5 119 0
1996.2 123.95 0 1996.2 123.95 0
1995.8 128.9 0 1995.8 128.9 0
1995.5 133.85 0 1995.5 133.85 0
1995.2 138.8 0 1995.2 138.8 0
1994.8 143.75 0 1994.8 143.75 0
1994.5 148.69 0 1994.5 148.69 0
1994.1 153.64 0 1994.1 153.64 0
1993.7 158.59 0 1993.7 158.59 0
1993.3 163.53 0 1993.3 163.53 0
1992.9 168.48 0 1992.9 168.48 0
1992.5 173.42 0 1992.5 173.42 0
1992 178.36 0 1992 178.36 0
1991.6 183.3 0 1991.6 183.3 0
1991.1 188.24 0 1991.1 188.24 0
1990.6 193.18 0 1990.6 193.18 0
1990.2 198.12 0 1990.2 198.12 0
1989.7 203.05 0 1989.7 203.05 0
1989.2 207.99 0 1989.2 207.99 0
1988.6 212.92 0 1988.6 212.92 0
1988.1 217.85 0 1988.1 217.85 0
1987.6 222.78 0 1987.6 222.78 0
1987 227.71 0 1987 227.71 0
1986.4 232.64 0 1986.4 232.64 0
1985.8 237.57 0 1985.8 237.57 0
1985.2 242.49 0 1985.2 242.49 0
1984.6 247.42 0 1984.6 247.42 0
1984 252.34 0 1984 252.34 0
1983.4 257.26 0 1983.4 257.26 0
1982.7 262.18 0 1982.7 262.18 0
1982.1 267.1 0 1982.1 267.1 0
1981.4 272.01 0 1981.4 272.01 0
1980.7 276.93 0 1980.7 276.93 0
1980 281.84 0 1980 281.84 0
1979.3 286.75 0 1979.3 286.75 0
1978.6 291.66 0 1978.6 291.66 0
1977.9 296.57 0 1977.9 296.57 0
1977.1 301.47 0 1977.1 301.47 0
1976.4 306.37 0 1976.4 306.37 0
1975.6 311.28 0 1975.6 311.28 0
1974.9 316.18 0 1974.9 316.18 0
1974.1 321.07 0 1974.1 321.07 0
1973.3 325.97 0 1973.3 325.97 0
1972.4 330.86 0 1972.4 330.86 0
1971.6 335.75 0 1971.6 335.75 0
1970.8 340.64 0 1970.8 340.64 0
1969.9 345.53 0 1969.9 345.53 0
1969.1 350.42 0 1969.1 350.42 0
1968.2 355.3 0 1968.2 355.3 0
1967.3 360.18 0 1967.3 360.18 0
1966.4 365.06 0 1966.4 365.06 0
1965.5 369.94 0 1965.5 369.94 0
1964.6 374.81 0 1964.6 374.81 0
1963.6 379.68 0 1963.6 379.68 0
1962.7 384.55 0 1962.7 384.55 0
1961.7 389.42 0 1961.7 389.42 0
1960.7 394.29 0 1960.7 394.29 0
1959.8 399.15 0 1959.8 399.15 0
1958.8 404.01 0 1958.8 404.01 0
1957.8 408.87 0 1957.8 408.87 0
1956.7 413.72 0 1956.7 413.72 0
1955.7 418.57 0 1955.7 418.57 0
1954.7 423.42 0 1954.7 423.42 0
1953.6 428.27 0 1953.6 428.27 0
1952.5 433.11 0 1952.5 433.11 0
1951.5 437.96 0 1951.5 437.96 0
1950.4 442.8 0 1950.4 442.8 0
1949.3 447.63 0 1949.3 447.63 0
1948.1 452.47 0 1948.1 452.47 0
1947 457.3 0 1947 457.3 0
1945.9 462.13 0 1945.9 462.13 0
1944.7 466.95 0 1944.7 466.95 0
1943.6 471.77 0 1943.6 471.77 0
1942.4 476.59 0 1942.4 476.59 0
1941.2 481.41 0 1941.2 481.41 0
1940 486.22 0 1940 486.22 0
1938.8 491.03 0 1938.8 491.03 0
1937.6 495.84 0 1937.6 495.84 0
1936.3 500.65 0 1936.3 500.65 0
1935.1 505.45 0 1935.1 505.45 0
1933.8 510.25 0 1933.8 510.25 0
1932.5 515.04 0 1932.5 515.04 0
1931.3 519.83 0 1931.3 519.83 0
1930 524.62 0 1930 524.62 0
1928.7 529.41 0 1928.7 529.41 0
1927.3 534.19 0 1927.3 534.19 0
1926 538.97 0 1926 538.97 0
1924.7 543.75 0 1924.7 543.75 0
1923.3 548.52 0 1923.3 548.52 0
1921.9 553.29 0 1921.9 553.29 0
1920.6 558.05 0 1920.6 558.05 0
1919.2 562.82 0 1919.2 562.82 0
1917.8 567.57 0 1917.8 567.57 0
1916.4 572.33 0 1916.4 572.33 0
1914.9 577.08 0 1914.9 577.08 0
1913.5 581.83 0 1913.5 581.83 0
1912 586.57 0 1912 586.57 0
1910.6 591.32 0 1910.6 591.32 0
1909.1 596.05 0 1909.1 596.05 0
1907.6 600.79 0 1907.6 600.79 0
1906.1 605.52 0 1906.1 605.52 0
1904.6 610.24 0 1904.6 610.24 0
1903.1 614.97 0 1903.1 614.97 0
1901.6 619.69 0 1901.6 619.69 0
1900 624.4 0 1900 624.4 0
1898.5 629.11 0 1898.5 629.11 0
1896.9 633.82 0 1896.9 633.82 0
1895.3 638.52 0 1895.3 638.52 0
1893.7 643.22 0 1893.7 643.22 0
1892.1 647.92 0 1892.1 647.92 0
1890.5 652.61 0 1890.5 652.61 0
1888.9 657.3 0 1888.9 657.3 0
1887.3 661.98 0 1887.3 661.98 0
1885.6 666.66 0 1885.6 666.66 0
1884 671.33 0 1884 671.33 0
1882.3 676.01 0 1882.3 676.01 0
1880.6 680.67 0 1880.6 680.67 0
1878.9 685.34 0 1878.9 685.34 0
1877.2 689.99 0 1877.2 689.99 0
1875.5 694.65 0 1875.5 694.65 0
1873.8 699.3 0 1873.8 699.3 0
1872 703.94 0 1872 703.94 0
1870.3 708.59 0 1870.3 708.59 0
1868.5 713.22 0 1868.5 713.22 0
1866.7 717.86 0 1866.7 717.86 0
1864.9 722.48 0 1864.9 722.48 0
1863.1 727.11 0 1863.1 727.11 0
1861.3 731.73 0 1861.3 731.73 0
1859.5 736.34 0 1859.5 736.34 0
1857.7 740.95 0 1857.7 740.95 0
1855.8 745.56 0 1855.8 745.56 0
1854 750.16 0 1854 750.16 0
1852.1 754.76 0 1852.1 754.76 0
1850.2 759.35 0 1850.2 759.35 0
1848.4 763.93 0 1848.4 763.93 0
1846.5 768.52 0 1846.5 768.52 0
1844.5 773.09 0 1844.5 773.09 0
1842.6 777.67 0 1842.6 777.67 0
1840.7 782.24 0 1840.7 782.24 0
1838.7 786.8 0 1838.7 786.8 0
1836.8 791.36 0 1836.8 791.36 0
1834.8 795.91 0 1834.8 795.91 0
1832.8 800.46 0 1832.8 800.46 0
1830.8 805 0 1830.8 805 0
1828.8 809.54 0 1828.8 809.54 0
1826.8 814.08 0 1826.8 814.08 0
1824.8 818.61 0 1824.8 818.61 0
1822.8 823.13 0 1822.8 823.13 0
1820.7 827.65 0 1820.7 827.65 0
1818.7 832.16 0 1818.7 832.16 0
1816.6 836.67 0 1816.6 836.67 0
1814.5 841.18 0 1814.5 841.18 0
1812.4 845.67 0 1812.4 845.67 0
1810.3 850.17 0 1810.3 850.17 0
1808.2 854.65 0 1808.2 854.65 0
1806.1 859.14 0 1806.1 859.14 0
1803.9 863.61 0 1803.9 863.61 0
1801.8 868.09 0 1801.8 868.09 0
1799.6 872.55 0 1799.6 872.55 0
1797.5 877.01 0 1797.5 877.01 0
1795.3 881.47 0 1795.3 881.47 0
1793.1 885.92 0 1793.1 885.92 0
1790.9 890.37 0 1790.9 890.37 0
1788.7 894.81 0 1788.7 894.81 0
1786.4 899.24 0 1786.4 899.24 0
1784.2 903.67 0 1784.2 903.67 0
1782 908.09 0 1782 908.09 0
1779.7 912.51 0 1779.7 912.51 0
1777.4 916.92 0 1777.4 916.92 0
1775.1 921.33 0 1775.1 921.33 0
1772.9 925.73 0 1772.9 925.73 0
1770.6 930.12 0 1770.6 930.12 0
1768.2 934.51 0 1768.2 934.51 0
1765.9 938.89 0 1765.9 938.89 0
1763.6 943.27 0 1763.6 943.27 0
1761.2 947.64 0 1761.2 947.64 0
1758.9 952.01 0 1758.9 952.01 0
1756.5 956.37 0 1756.5 956.37 0
1754.1 960.72 0 1754.1 960.72 0
1751.8 965.07 0 1751.8 965.07 0
1749.4 969.41 0 1749.4 969.41 0
1746.9 973.75 0 1746.9 973.75 0
1744.5 978.08 0 1744.5 978.08 0
1742.1 982.41 0 1742.1 982.41 0
1739.6 986.72 0 1739.6 986.72 0
1737.2 991.04 0 1737.2 991.04 0
1734.7 995.34 0 1734.7 995.34 0
1732.3 999.64 0 1732.3 999.64 0
1729.8 1003.9 0 1729.8 1003.9 0
1727.3 1008.2 0 1727.3 1008.2 0
1724.8 1012.5 0 1724.8 1012.5 0
1722.3 1016.8 0 1722.3 1016.8 0
1719.7 1021 0 1719.7 1021 0
1717.2 1025.3 0 1717.2 1025.3 0
1714.6 1029.6 0 1714.6 1029.6 0
1712.1 1033.8 0 1712.1 1033.8 0
1709.5 1038.1 0 1709.5 1038.1 0
1706.9 1042.3 0 1706.9 1042.3 0
1704.3 1046.5 0 1704.3 1046.5 0
1701.7 1050.8 0 1701.7 1050.8 0
1699.1 1055 0 1699.1 1055 0
1696.5 1059.2 0 1696.5 1059.2 0
1693.9 1063.4 0 1693.9 1063.4 0
1691.2 1067.6 0 1691.2 1067.6 0
1688.6 1071.8 0 1688.6 1071.8 0
1685.9 1076 0 1685.9 1076 0
1683.2 1080.1 0 1683.2 1080.1 0
1680.6 1084.3 0 1680.6 1084.3 0
1677.9 1088.5 0 1677.9 1088.5 0
1675.2 1092.6 0 1675.2 1092.6 0
1672.4 1096.8 0 1672.4 1096.8 0
1669.7 1100.9 0 1669.7 1100.9 0
1667 1105.1 0 1667 1105.1 0
1664.2 1109.2 0 1664.2 1109.2 0
1661.5 1113.3 0 1661.5 1113.3 0
1658.7 1117.4 0 1658.7 1117.4 0
1655.9 1121.6 0 1655.9 1121.6 0
1653.1 1125.7 0 1653.1 1125.7 0
1650.3 1129.8 0 1650.3 1129.8 0
1647.5 1133.9 0 1647.5 1133.9 0
1644.7 1137.9 0 1644.7 1137.9 0
1641.9 1142 0 1641.9 1142 0
1639.1 1146.1 0 1639.1 1146.1 0
1636.2 1150.1 0 1636.2 1150.1 0
1633.3 1154.2 0 1633.3 1154.2 0
1630.5 1158.2 0 1630.5 1158.2 0
1627.6 1162.3 0 1627.6 1162.3 0
1624.7 1166.3 0 1624.7 1166.3 0
1621.8 1170.3 0 1621.8 1170.3 0
1618.9 1174.4 0 1618.9 1174.4 0
1616 1178.4 0 1616 1178.4 0
1613.1 1182.4 0 1613.1 1182.4 0
1610.1 1186.4 0 1610.1 1186.4 0
1607.2 1190.4 0 1607.2 1190.4 0
1604.2 1194.4 0 1604.2 1194.4 0
1601.3 1198.3 0 1601.3 1198.3 0
1598.3 1202.3 0 1598.3 1202.3 0
1595.3 1206.3 0 1595.3 1206.3 0
1592.3 1210.2 0 1592.3 1210.2 0
1589.3 1214.2 0 1589.3 1214.2 0
1586.3 1218.1 0 1586.3 1218.1 0
1583.2 1222 0 1583.2 1222 0
1580.2 1226 0 1580.2 1226 0
1577.2 1229.9 0 1577.2 1229.9 0
1574.1 1233.8 0 1574.1 1233.8 0
1571 1237.7 0 1571 1237.7 0
1568 1241.6 0 1568 1241.6 0
1564.9 1245.5 0 1564.9 1245.5 0
1561.8 1249.3 0 1561.8 1249.3 0
1558.7 1253.2 0 1558.7 1253.2 0
1555.6 1257.1 0 1555.6 1257.1 0
1552.4 1260.9 0 1552.4 1260.9 0
1549.3 1264.8 0 1549.3 1264.8 0
1546.2 1268.6 0 1546.2 1268.6 0
1543 1272.4 0 1543 1272.4 0
1539.9 1276.3 0 1539.9 1276.3 0
1536.7 1280.1 0 1536.7 1280.1 0
1533.5 1283.9 0 1533.5 1283.9 0
1530.3 1287.7 0 1530.3 1287.7 0
1527.1 1291.5 0 1527.1 1291.5 0
1523.9 1295.3 0 1523.9 1295.3 0
1520.7 1299 0 1520.7 1299 0
1517.5 1302.8 0 1517.5 1302.8 0
1514.2 1306.6 0 1514.2 1306.6 0
1511 1310.3 0 1511 1310.3 0
1507.7 1314.1 0 1507.7 1314.1 0
1504.5 1317.8 0 1504.5 1317.8 0
1501.2 1321.5 0 1501.2 1321.5 0
1497.9 1325.2 0 1497.9 1325.2 0
1494.6 1329 0 1494.6 1329 0
1491.3 1332.7 0 1491.3 1332.7 0
1488 1336.4 0 1488 1336.4 0
1484.7 1340 0 1484.7 1340 0
1481.4 1343.7 0 1481.4 1343.7 0
1478 1347.4 0 1478 1347.4 0
1474.7 1351.1 0 1474.7 1351.1 0
1471.3 1354.7 0 1471.3 1354.7 0
1468 1358.4 0 1468 1358.4 0
1464.6 1362 0 1464.6 1362 0
1461.2 1365.6 0 1461.2 1365.6 0
1457.8 1369.2 0 1457.8 1369.2 0
1454.4 1372.9 0 1454.4 1372.9 0
1451 1376.5 0 1451 1376.5 0
1447.6 1380 0 1447.6 1380 0
1444.1 1383.6 0 1444.1 1383.6 0
1440.7 1387.2 0 1440.7 1387.2 0
1437.3 1390.8 0 1437.3 1390.8 0
1433.8 1394.3 0 1433.8 1394.3 0
1430.3 1397.9 0 1430.3 1397.9 0
1426.9 1401.4 0 1426.9 1401.4 0
1423.4 1405 0 1423.4 1405 0
1419.9 1408.5 0 1419.9 1408.5 0
1416.4 1412 0 1416.4 1412 0
1412.9 1415.5 0 1412.9 1415.5 0
1409.4 1419 0 1409.4 1419 0
1405.9 1422.5 0 1405.9 1422.5 0
1402.3 1426 0 1402.3 1426 0
1398.8 1429.5 0 1398.8 1429.5 0
1395.2 1432.9 0 1395.2 1432.9 0
1391.7 1436.4 0 1391.7 1436.4 0
1388.1 1439.8 0 1388.1 1439.8 0
1384.5 1443.3 0 1384.5 1443.3 0
1380.9 1446.7 0 1380.9 1446.7 0
1377.4 1450.1 0 1377.4 1450.1 0
1373.8 1453.5 0 1373.8 1453.5 0
1370.1 1457 0 1370.1 1457 0
1366.5 1460.3 0 1366.5 1460.3 0
1362.9 1463.7 0 1362.9 1463.7 0
1359.3 1467.1 0 1359.3 1467.1 0
1355.6 1470.5 0 1355.6 1470.5 0
1352 1473.8 0 1352 1473.8 0
1348.3 1477.2 0 1348.3 1477.2 0
1344.6 1480.5 0 1344.6 1480.5 0
1341 1483.9 0 1341 1483.9 0
1337.3 1487.2 0 1337.3 1487.2 0
1333.6 1490.5 0 1333.6 1490.5 0
1329.9 1493.8 0 1329.9 1493.8 0
1326.2 1497.1 0 1326.2 1497.1 0
1322.5 1500.4 0 1322.5 1500.4 0
1318.7 1503.6 0 1318.7 1503.6 0
1315 1506.9 0 1315 1506.9 0
1311.3 1510.2 0 1311.3 1510.2 0
1307.5 1513.4 0 1307.5 1513.4 0
1303.7 1516.7 0 1303.7 1516.7 0
1300 1519.9 0 1300 1519.9 0
1296.2 1523.1 0 1296.2 1523.1 0
1292.4 1526.3 0 1292.4 1526.3 0
1288.6 1529.5 0 1288.6 1529.5 0
1284.8 1532.7 0 1284.8 1532.7 0
1281 1535.9 0 1281 1535.9 0
1277.2 1539.1 0 1277.2 1539.1 0
1273.4 1542.2 0 1273.4 1542.2 0
1269.6 1545.4 0 1269.6 1545.4 0
1265.7 1548.5 0 1265.7 1548.5 0
1261.9 1551.7 0 1261.9 1551.7 0
1258 1554.8 0 1258 1554.8 0
1254.2 1557.9 0 1254.2 1557.9 0
1250.3 1561 0 1250.3 1561 0
1246.4 1564.1 0 1246.4 1564.1 0
1242.5 1567.2 0 1242.5 1567.2 0
1238.7 1570.3 0 1238.7 1570.3 0
1234.8 1573.3 0 1234.8 1573.3 0
1230.8 1576.4 0 1230.8 1576.4 0
1226.9 1579.4 0 1226.9 1579.4 0
1223 1582.5 0 1223 1582.5 0
1219.1 1585.5 0 1219.1 1585.5 0
1215.1 1588.5 0 1215.1 1588.5 0
1211.2 1591.5 0 1211.2 1591.5 0
1207.2 1594.5 0 1207.2 1594.5 0
1203.3 1597.5 0 1203.3 1597.5 0
1199.3 1600.5 0 1199.3 1600.5 0
1195.3 1603.5 0 1195.3 1603.5 0
1191.4 1606.4 0 1191.4 1606.4 0
1187.4 1609.4 0 1187.4 1609.4 0
1183.4 1612.3 0 1183.4 1612.3 0
1179.4 1615.3 0 1179.4 1615.3 0
1175.4 1618.2 0 1175.4 1618.2 0
1171.4 1621.1 0 1171.4 1621.1 0
1167.3 1624 0 1167.3 1624 0
1163.3 1626.9 0 1163.3 1626.9 0
1159.3 1629.8 0 1159.3 1629.8 0
1155.2 1632.6 0 1155.2 1632.6 0
1151.2 1635.5 0 1151.2 1635.5 0
1147.1 1638.3 0 1147.1 1638.3 0
1143 1641.2 0 1143 1641.2 0
1139 1644 0 1139 1644 0
1134.9 1646.8 0 1134.9 1646.8 0
1130.8 1649.6 0 1130.8 1649.6 0
1126.7 1652.4 0 1126.7 1652.4 0
1122.6 1655.2 0 1122.6 1655.2 0
1118.5 1658 0 1118.5 1658 0
1114.4 1660.8 0 1114.4 1660.8 0
1110.2 1663.5 0 1110.2 1663.5 0
1106.1 1666.3 0 1106.1 1666.3 0
1102 1669 0 1102 1669 0
1097.8 1671.8 0 1097.8 1671.8 0
1093.7 1674.5 0 1093.7 1674.5 0
1089.5 1677.2 0 1089.5 1677.2 0
1085.4 1679.9 0 1085.4 1679.9 0
1081.2 1682.6 0 1081.2 1682.6 0
1077 1685.2 0 1077 1685.2 0
1072.8 1687.9 0 1072.8 1687.9 0
1068.6 1690.6 0 1068.6 1690.6 0
1064.4 1693.2 0 1064.4 1693.2 0
1060.2 1695.8 0 1060.2 1695.8 0
1056 1698.5 0 1056 1698.5 0
1051.8 1701.1 0 1051.8 1701.1 0
1047.6 1703.7 0 1047.6 1703.7 0
1043.4 1706.3 0 1043.4 1706.3 0
1039.1 1708.9 0 1039.1 1708.9 0
1034.9 1711.4 0 1034.9 1711.4 0
1030.6 1714 0 1030.6 1714 0
1026.4 1716.6 0 1026.4 1716.6 0
1022.1 1719.1 0 1022.1 1719.1 0
1017.8 1721.6 0 1017.8 1721.6 0
1013.6 1724.1 0 1013.6 1724.1 0
1009.3 1726.7 0 1009.3 1726.7 0
1005 1729.1 0 1005 1729.1 0
1000.7 1731.6 0 1000.7 1731.6 0
996.42 1734.1 0 996.42 1734.1 0
992.11 1736.6 0 992.11 1736.6 0
987.8 1739 0 987.8 1739 0
983.49 1741.5 0 983.49 1741.5 0
979.16 1743.9 0 979.16 1743.9 0
974.83 1746.3 0 974.83 1746.3 0
970.5 1748.8 0 970.5 1748.8 0
966.16 1751.2 0 966.16 1751.2 0
961.81 1753.5 0 961.81 1753.5 0
957.46 1755.9 0 957.46 1755.9 0
953.1 1758.3 0 953.1 1758.3 0
948.74 1760.7 0 948.74 1760.7 0
944.37 1763 0 944.37 1763 0
939.99 1765.3 0 939.99 1765.3 0
935.61 1767.7 0 935.61 1767.7 0
931.22 1770 0 931.22 1770 0
926.83 1772.3 0 926.83 1772.3 0
922.43 1774.6 0 922.43 1774.6 0
918.02 1776.9 0 918.02 1776.9 0
913.61 1779.1 0 913.61 1779.1 0
909.2 1781.4 0 909.2 1781.4 0
904.77 1783.6 0 904.77 1783.6 0
900.35 1785.9 0 900.35 1785.9 0
895.91 1788.1 0 895.91 1788.1 0
891.48 1790.3 0 891.48 1790.3 0
887.03 1792.5 0 887.03 1792.5 0
882.58 1794.7 0 882.58 1794.7 0
878.13 1796.9 0 878.13 1796.9 0
873.67 1799.1 0 873.67 1799.1 0
869.2 1801.2 0 869.2 1801.2 0
864.73 1803.4 0 864.73 1803.4 0
860.26 1805.5 0 860.26 1805.5 0
855.78 1807.7 0 855.78 1807.7 0
851.29 1809.8 0 851.29 1809.8 0
846.8 1811.9 0 846.8 1811.9 0
842.3 1814 0 842.3 1814 0
837.8 1816.1 0 837.8 1816.1 0
833.29 1818.1 0 833.29 1818.1 0
828.78 1820.2 0 828.78 1820.2 0
824.26 1822.2 0 824.26 1822.2 0
819.74 1824.3 0 819.74 1824.3 0
815.21 1826.3 0 815.21 1826.3 0
810.68 1828.3 0 810.68 1828.3 0
806.14 1830.3 0 806.14 1830.3 0
801.6 1832.3 0 801.6 1832.3 0
797.05 1834.3 0 797.05 1834.3 0
792.5 1836.3 0 792.5 1836.3 0
787.94 1838.2 0 787.94 1838.2 0
783.38 1840.2 0 783.38 1840.2 0
778.81 1842.1 0 778.81 1842.1 0
774.24 1844.1 0 774.24 1844.1 0
769.66 1846 0 769.66 1846 0
765.08 1847.9 0 765.08 1847.9 0
760.49 1849.8 0 760.49 1849.8 0
755.9 1851.7 0 755.9 1851.7 0
751.31 1853.5 0 751.31 1853.5 0
746.71 1855.4 0 746.71 1855.4 0
742.1 1857.2 0 742.1 1857.2 0
737.49 1859.1 0 737.49 1859.1 0
732.88 1860.9 0 732.88 1860.9 0
728.26 1862.7 0 728.26 1862.7 0
723.64 1864.5 0 723.64 1864.5 0
719.01 1866.3 0 719.01 1866.3 0
714.38 1868.1 0 714.38 1868.1 0
709.74 1869.8 0 709.74 1869.8 0
705.1 1871.6 0 705.1 1871.6 0
700.46 1873.3 0 700.46 1873.3 0
695.81 1875.1 0 695.81 1875.1 0
691.16 1876.8 0 691.16 1876.8 0
686.5 1878.5 0 686.5 1878.5 0
681.84 1880.2 0 681.84 1880.2 0
677.17 1881.9 0 677.17 1881.9 0
672.5 1883.5 0 672.5 1883.5 0
667.83 1885.2 0 667.83 1885.2 0
663.15 1886.9 0 663.15 1886.9 0
658.47 1888.5 0 658.47 1888.5 0
653.78 1890.1 0 653.78 1890.1 0
649.09 1891.7 0 649.09 1891.7 0
644.4 1893.3 0 644.4 1893.3 0
639.7 1894.9 0 639.7 1894.9 0
634.99 1896.5 0 634.99 1896.5 0
630.29 1898.1 0 630.29 1898.1 0
625.58 1899.6 0 625.58 1899.6 0
620.86 1901.2 0 620.86 1901.2 0
616.15 1902.7 0 616.15 1902.7 0
611.42 1904.2 0 611.42 1904.2 0
606.7 1905.8 0 606.7 1905.8 0
601.97 1907.3 0 601.97 1907.3 0
597.24 1908.7 0 597.24 1908.7 0
592.5 1910.2 0 592.5 1910.2 0
587.76 1911.7 0 587.76 1911.7 0
583.02 1913.1 0 583.02 1913.1 0
578.27 1914.6 0 578.27 1914.6 0
573.52 1916 0 573.52 1916 0
568.76 1917.4 0 568.76 1917.4 0
564.01 1918.8 0 564.01 1918.8 0
559.24 1920.2 0 559.24 1920.2 0
554.48 1921.6 0 554.48 1921.6 0
549.71 1923 0 549.71 1923 0
544.94 1924.3 0 544.94 1924.3 0
540.16 1925.7 0 540.16 1925.7 0
535.39 1927 0 535.39 1927 0
530.6 1928.3 0 530.6 1928.3 0
525.82 1929.6 0 525.82 1929.6 0
521.03 1930.9 0 521.03 1930.9 0
516.24 1932.2 0 516.24 1932.2 0
511.45 1933.5 0 511.45 1933.5 0
506.65 1934.8 0 506.65 1934.8 0
501.85 1936 0 501.85 1936 0
497.04 1937.3 0 497.04 1937.3 0
492.24 1938.5 0 492.24 1938.5 0
487.43 1939.7 0 487.43 1939.7 0
482.61 1940.9 0 482.61 1940.9 0
477.8 1942.1 0 477.8 1942.1 0
472.98 1943.3 0 472.98 1943.3 0
468.16 1944.4 0 468.16 1944.4 0
463.33 1945.6 0 463.33 1945.6 0
458.5 1946.7 0 458.5 1946.7 0
453.67 1947.9 0 453.67 1947.9 0
448.84 1949 0 448.84 1949 0
444.01 1950.1 0 444.01 1950.1 0
439.17 1951.2 0 439.17 1951.2 0
434.33 1952.3 0 434.33 1952.3 0
429.48 1953.3 0 429.48 1953.3 0
424.63 1954.4 0 424.63 1954.4 0
419.79 1955.4 0 419.79 1955.4 0
414.93 1956.5 0 414.93 1956.5 0
410.08 1957.5 0 410.08 1957.5 0
405.22 1958.5 0 405.22 1958.5 0
400.36 1959.5 0 400.36 1959.5 0
395.5 1960.5 0 395.5 1960.5 0
390.64 1961.5 0 390.64 1961.5 0
385.77 1962.4 0 385.77 1962.4 0
380.9 1963.4 0 380.9 1963.4 0
376.03 1964.3 0 376.03 1964.3 0
371.16 1965.3 0 371.16 1965.3 0
366.28 1966.2 0 366.28 1966.2 0
361.4 1967.1 0 361.4 1967.1 0
356.52 1968 0 356.52 1968 0
351.64 1968.8 0 351.64 1968.8 0
346.75 1969.7 0 346.75 1969.7 0
341.87 1970.6 0 341.87 1970.6 0
336.98 1971.4 0 336.98 1971.4 0
332.09 1972.2 0 332.09 1972.2 0
327.19 1973.1 0 327.19 1973.1 0
322.3 1973.9 0 322.3 1973.9 0
317.4 1974.7 0 317.4 1974.7 0
312.5 1975.4 0 312.5 1975.4 0
307.6 1976.2 0 307.6 1976.2 0
302.7 1977 0 302.7 1977 0
297.79 1977.7 0 297.79 1977.7 0
292.89 1978.4 0 292.89 1978.4 0
287.98 1979.2 0 287.98 1979.2 0
283.07 1979.9 0 283.07 1979.9 0
278.16 1980.6 0 278.16 1980.6 0
273.24 1981.2 0 273.24 1981.2 0
268.33 1981.9 0 268.33 1981.9 0
263.41 1982.6 0 263.41 1982.6 0
258.49 1983.2 0 258.49 1983.2 0
253.57 1983.9 0 253.57 1983.9 0
248.65 1984.5 0 248.65 1984.5 0
243.73 1985.1 0 243.73 1985.1 0
238.8 1985.7 0 238.8 1985.7 0
233.87 1986.3 0 233.87 1986.3 0
228.95 1986.9 0 228.95 1986.9 0
224.02 1987.4 0 224.02 1987.4 0
219.09 1988 0 219.09 1988 0
214.15 1988.5 0 214.15 1988.5 0
209.22 1989 0 209.22 1989 0
204.29 1989.5 0 204.29 1989.5 0
199.35 1990 0 199.35 1990 0
194.41 1990.5 0 194.41 1990.5 0
189.48 1991 0 189.48 1991 0
184.54 1991.5 0 184.54 1991.5 0
179.6 1991.9 0 179.6 1991.9 0
174.65 1992.4 0 174.65 1992.4 0
169.71 1992.8 0 169.71 1992.8 0
164.77 1993.2 0 164.77 1993.2 0
159.82 1993.6 0 159.82 1993.6 0
154.88 1994 0 154.88 1994 0
149.93 1994.4 0 149.93 1994.4 0
144.98 1994.7 0 144.98 1994.7 0
140.04 1995.1 0 140.04 1995.1 0
135.09 1995.4 0 135.09 1995.4 0
130.14 1995.8 0 130.14 1995.8 0
125.18 1996.1 0 125.18 1996.1 0
120.23 1996.4 0 120.23 1996.4 0
115.28 1996.7 0 115.28 1996.7 0
110.33 1997 0 110.33 1997 0
105.37 1997.2 0 105.37 1997.2 0
100.42 1997.5 0 100.42 1997.5 0
95.464 1997.7 0 95.464 1997.7 0
90.508 1998 0 90.508 1998 0
85.552 1998.2 0 85.552 1998.2 0
80.595 1998.4 0 80.595 1998.4 0
75.638 1998.6 0 75.638 1998.6 0
70.68 1998.8 0 70.68 1998.8 0
65.722 1998.9 0 65.722 1998.9 0
60.764 1999.1 0 60.764 1999.1 0
55.805 1999.2 0 55.805 1999.2 0
50.845 1999.4 0 50.845 1999.4 0
45.886 1999.5 0 45.886 1999.5 0
40.926 1999.6 0 40.926 1999.6 0
35.966 1999.7 0 35.966 1999.7 0
31.005 1999.8 0 31.005 1999.8 0
26.045 1999.8 0 26.045 1999.8 0
21.084 1999.9 0 21.084 1999.9 0
16.123 1999.9 0 16.123 1999.9 0
11.162 2000 0 11.162 2000 0
6.2013 2000 0 6.2013 2000 0
1.2403 2000 0 1.2403 2000 0
-3.7208 2000 0 -3.7208 2000 0
-8.6818 2000 0 -8.6818 2000 0
-13.643 2000 0 -13.643 2000 0
-18.604 1999.9 0 -18.604 1999.9 0
-23.565 1999.9 0 -23.565 1999.9 0
-28.525 1999.8 0 -28.525 1999.8 0
-33.486 1999.7 0 -33.486 1999.7 0
-38.446 1999.6 0 -38.446 1999.6 0
-43.406 1999.5 0 -43.406 1999.5 0
-48.366 1999.4 0 -48.366 1999.4 0
-53.325 1999.3 0 -53.325 1999.3 0
-58.284 1999.2 0 -58.284 1999.2 0
-63.243 1999 0 -63.243 1999 0
-68.201 1998.8 0 -68.201 1998.8 0
-73.159 1998.7 0 -73.159 1998.7 0
-78.117 1998.5 0 -78.117 1998.5 0
-83.074 1998.3 0 -83.074 1998.3 0
-88.03 1998.1 0 -88.03 1998.1 0
-92.986 1997.8 0 -92.986 1997.8 0
-97.942 1997.6 0 -97.942 1997.6 0
-102.9 1997.4 0 -102.9 1997.4 0
-107.85 1997.1 0 -107.85 1997.1 0
-112.8 1996.8 0 -112.8 1996.8 0
-117.76 1996.5 0 -117.76 1996.5 0
-122.71 1996.2 0 -122.71 1996.2 0
-127.66 1995.9 0 -127.66 1995.9 0
-132.61 1995.6 0 -132.61 1995.6 0
-137.56 1995.3 0 -137.56 1995.3 0
-142.51 1994.9 0 -142.51 1994.9 0
-147.46 1994.6 0 -147.46 1994.6 0
-152.4 1994.2 0 -152.4 1994.2 0
-157.35 1993.8 0 -157.35 1993.8 0
-162.3 1993.4 0 -162.3 1993.4 0
-167.24 1993 0 -167.24 1993 0
-172.18 1992.6 0 -172.18 1992.6 0
-177.13 1992.1 0 -177.13 1992.1 0
-182.07 1991.7 0 -182.07 1991.7 0
-187.01 1991.2 0 -187.01 1991.2 0
-191.95 1990.8 0 -191.95 1990.8 0
-196.88 1990.3 0 -196.88 1990.3 0
-201.82 1989.8 0 -201.82 1989.8 0
-206.75 1989.3 0 -206.75 1989.3 0
-211.69 1988.8 0 -211.69 1988.8 0
-216.62 1988.2 0 -216.62 1988.2 0
-221.55 1987.7 0 -221.55 1987.7 0
-226.48 1987.1 0 -226.48 1987.1 0
-231.41 1986.6 0 -231.41 1986.6 0
-236.34 1986 0 -236.34 1986 0
-241.26 1985.4 0 -241.26 1985.4 0
-246.19 1984.8 0 -246.19 1984.8 0
-251.11 1984.2 0 -251.11 1984.2 0
-256.03 1983.5 0 -256.03 1983.5 0
-260.95 1982.9 0 -260.95 1982.9 0
-265.87 1982.2 0 -265.87 1982.2 0
-270.78 1981.6 0 -270.78 1981.6 0
-275.7 1980.9 0 -275.7 1980.9 0
-280.61 1980.2 0 -280.61 1980.2 0
-285.52 1979.5 0 -285.52 1979.5 0
-290.43 1978.8 0 -290.43 1978.8 0
-295.34 1978.1 0 -295.34 1978.1 0
-300.25 1977.3 0 -300.25 1977.3 0
-305.15 1976.6 0 -305.15 1976.6 0
-310.05 1975.8 0 -310.05 1975.8 0
-314.95 1975 0 -314.95 1975 0
-319.85 1974.3 0 -319.85 1974.3 0
-324.75 1973.5 0 -324.75 1973.5 0
-329.64 1972.6 0 -329.64 1972.6 0
-334.53 1971.8 0 -334.53 1971.8 0
-339.42 1971 0 -339.42 1971 0
-344.31 1970.1 0 -344.31 1970.1 0
-349.2 1969.3 0 -349.2 1969.3 0
-354.08 1968.4 0 -354.08 1968.4 0
-358.96 1967.5 0 -358.96 1967.5 0
-363.84 1966.6 0 -363.84 1966.6 0
-368.72 1965.7 0 -368.72 1965.7 0
-373.59 1964.8 0 -373.59 1964.8 0
-378.47 1963.9 0 -378.47 1963.9 0
-383.34 1962.9 0 -383.34 1962.9 0
-388.2 1962 0 -388.2 1962 0
-393.07 1961 0 -393.07 1961 0
-397.93 1960 0 -397.93 1960 0
-402.79 1959 0 -402.79 1959 0
-407.65 1958 0 -407.65 1958 0
-412.51 1957 0 -412.51 1957 0
-417.36 1956 0 -417.36 1956 0
-422.21 1954.9 0 -422.21 1954.9 0
-427.06 1953.9 0 -427.06 1953.9 0
-431.9 1952.8 0 -431.9 1952.8 0
-436.75 1951.7 0 -436.75 1951.7 0
-441.59 1950.6 0 -441.59 1950.6 0
-446.42 1949.5 0 -446.42 1949.5 0
-451.26 1948.4 0 -451.26 1948.4 0
-456.09 1947.3 0 -456.09 1947.3 0
-460.92 1946.2 0 -460.92 1946.2 0
-465.74 1945 0 -465.74 1945 0
-470.57 1943.9 0 -470.57 1943.9 0
-475.39 1942.7 0 -475.39 1942.7 0
-480.21 1941.5 0 -480.21 1941.5 0
-485.02 1940.3 0 -485.02 1940.3 0
-489.83 1939.1 0 -489.83 1939.1 0
-494.64 1937.9 0 -494.64 1937.9 0
-499.45 1936.6 0 -499.45 1936.6 0
-504.25 1935.4 0 -504.25 1935.4 0
-509.05 1934.1 0 -509.05 1934.1 0
-513.84 1932.9 0 -513.84 1932.9 0
-518.64 1931.6 0 -518.64 1931.6 0
-523.43 1930.3 0 -523.43 1930.3 0
-528.21 1929 0 -528.21 1929 0
-533 1927.7 0 -533 1927.7 0
-537.78 1926.3 0 -537.78 1926.3 0
-542.55 1925 0 -542.55 1925 0
-547.33 1923.7 0 -547.33 1923.7 0
-552.1 1922.3 0 -552.1 1922.3 0
-556.86 1920.9 0 -556.86 1920.9 0
-561.63 1919.5 0 -561.63 1919.5 0
-566.39 1918.1 0 -566.39 1918.1 0
-571.14 1916.7 0 -571.14 1916.7 0
-575.89 1915.3 0 -575.89 1915.3 0
-580.64 1913.9 0 -580.64 1913.9 0
-585.39 1912.4 0 -585.39 1912.4 0
-590.13 1911 0 -590.13 1911 0
-594.87 1909.5 0 -594.87 1909.5 0
-599.6 1908 0 -599.6 1908 0
-604.34 1906.5 0 -604.34 1906.5 0
-609.06 1905 0 -609.06 1905 0
-613.79 1903.5 0 -613.79 1903.5 0
-618.51 1902 0 -618.51 1902 0
-623.22 1900.4 0 -623.22 1900.4 0
-627.93 1898.9 0 -627.93 1898.9 0
-632.64 1897.3 0 -632.64 1897.3 0
-637.35 1895.7 0 -637.35 1895.7 0
-642.05 1894.1 0 -642.05 1894.1 0
-646.74 1892.5 0 -646.74 1892.5 0
-651.44 1890.9 0 -651.44 1890.9 0
-656.12 1889.3 0 -656.12 1889.3 0
-660.81 1887.7 0 -660.81 1887.7 0
-665.49 1886 0 -665.49 1886 0
-670.17 1884.4 0 -670.17 1884.4 0
-674.84 1882.7 0 -674.84 1882.7 0
-679.51 1881 0 -679.51 1881 0
-684.17 1879.3 0 -684.17 1879.3 0
-688.83 1877.6 0 -688.83 1877.6 0
-693.48 1875.9 0 -693.48 1875.9 0
-698.14 1874.2 0 -698.14 1874.2 0
-702.78 1872.5 0 -702.78 1872.5 0
-707.43 1870.7 0 -707.43 1870.7 0
-712.06 1868.9 0 -712.06 1868.9 0
-716.7 1867.2 0 -716.7 1867.2 0
-721.33 1865.4 0 -721.33 1865.4 0
-725.95 1863.6 0 -725.95 1863.6 0
-730.57 1861.8 0 -730.57 1861.8 0
-735.19 1860 0 -735.19 1860 0
-739.8 1858.1 0 -739.8 1858.1 0
-744.41 1856.3 0 -744.41 1856.3 0
-749.01 1854.5 0 -749.01 1854.5 0
-753.61 1852.6 0 -753.61 1852.6 0
-758.2 1850.7 0 -758.2 1850.7 0
-762.79 1848.8 0 -762.79 1848.8 0
-767.37 1846.9 0 -767.37 1846.9 0
-771.95 1845 0 -771.95 1845 0
-776.52 1843.1 0 -776.52 1843.1 0
-781.09 1841.2 0 -781.09 1841.2 0
-785.66 1839.2 0 -785.66 1839.2 0
-790.22 1837.3 0 -790.22 1837.3 0
-794.77 1835.3 0 -794.77 1835.3 0
-799.32 1833.3 0 -799.32 1833.3 0
-803.87 1831.3 0 -803.87 1831.3 0
-808.41 1829.3 0 -808.41 1829.3 0
-812.94 1827.3 0 -812.94 1827.3 0
-817.47 1825.3 0 -817.47 1825.3 0
-822 1823.3 0 -822 1823.3 0
-826.52 1821.2 0 -826.52 1821.2 0
-831.04 1819.2 0 -831.04 1819.2 0
-835.55 1817.1 0 -835.55 1817.1 0
-840.05 1815 0 -840.05 1815 0
-844.55 1812.9 0 -844.55 1812.9 0
-849.04 1810.8 0 -849.04 1810.8 0
-853.53 1808.7 0 -853.53 1808.7 0
-858.02 1806.6 0 -858.02 1806.6 0
-862.5 1804.5 0 -862.5 1804.5 0
-866.97 1802.3 0 -866.97 1802.3 0
-871.44 1800.2 0 -871.44 1800.2 0
-875.9 1798 0 -875.9 1798 0
-880.36 1795.8 0 -880.36 1795.8 0
-884.81 1793.6 0 -884.81 1793.6 0
-889.26 1791.4 0 -889.26 1791.4 0
-893.7 1789.2 0 -893.7 1789.2 0
-898.13 1787 0 -898.13 1787 0
-902.56 1784.8 0 -902.56 1784.8 0
-906.99 1782.5 0 -906.99 1782.5 0
-911.41 1780.3 0 -911.41 1780.3 0
-915.82 1778 0 -915.82 1778 0
-920.23 1775.7 0 -920.23 1775.7 0
-924.63 1773.4 0 -924.63 1773.4 0
-929.02 1771.1 0 -929.02 1771.1 0
-933.41 1768.8 0 -933.41 1768.8 0
-937.8 1766.5 0 -937.8 1766.5 0
-942.18 1764.2 0 -942.18 1764.2 0
-946.55 1761.8 0 -946.55 1761.8 0
-950.92 1759.5 0 -950.92 1759.5 0
-955.28 1757.1 0 -955.28 1757.1 0
-959.64 1754.7 0 -959.64 1754.7 0
-963.99 1752.4 0 -963.99 1752.4 0
-968.33 1750 0 -968.33 1750 0
-972.67 1747.5 0 -972.67 1747.5 0
-977 1745.1 0 -977 1745.1 0
-981.32 1742.7 0 -981.32 1742.7 0
-985.64 1740.3 0 -985.64 1740.3 0
-989.96 1737.8 0 -989.96 1737.8 0
-994.27 1735.3 0 -994.27 1735.3 0
-998.57 1732.9 0 -998.57 1732.9 0
-1002.9 1730.4 0 -1002.9 1730.4 0
-1007.2 1727.9 0 -1007.2 1727.9 0
-1011.4 1725.4 0 -1011.4 1725.4 0
-1015.7 1722.9 0 -1015.7 1722.9 0
-1020 1720.4 0 -1020 1720.4 0
-1024.2 1717.8 0 -1024.2 1717.8 0
-1028.5 1715.3 0 -1028.5 1715.3 0
-1032.8 1712.7 0 -1032.8 1712.7 0
-1037 1710.2 0 -1037 1710.2 0
-1041.2 1707.6 0 -1041.2 1707.6 0
-1045.5 1705 0 -1045.5 1705 0
-1049.7 1702.4 0 -1049.7 1702.4 0
-1053.9 1699.8 0 -1053.9 1699.8 0
-1058.1 1697.2 0 -1058.1 1697.2 0
-1062.3 1694.5 0 -1062.3 1694.5 0
-1066.5 1691.9 0 -1066.5 1691.9 0
-1070.7 1689.2 0 -1070.7 1689.2 0
-1074.9 1686.6 0 -1074.9 1686.6 0
-1079.1 1683.9 0 -1079.1 1683.9 0
-1083.3 1681.2 0 -1083.3 1681.2 0
-1087.4 1678.5 0 -1087.4 1678.5 0
-1091.6 1675.8 0 -1091.6 1675.8 0
-1095.8 1673.1 0 -1095.8 1673.1 0
-1099.9 1670.4 0 -1099.9 1670.4 0
-1104 1667.7 0 -1104 1667.7 0
-1108.2 1664.9 0 -1108.2 1664.9 0
-1112.3 1662.2 0 -1112.3 1662.2 0
-1116.4 1659.4 0 -1116.4 1659.4 0
-1120.5 1656.6 0 -1120.5 1656.6 0
-1124.6 1653.8 0 -1124.6 1653.8 0
-1128.7 1651 0 -1128.7 1651 0
-1132.8 1648.2 0 -1132.8 1648.2 0
-1136.9 1645.4 0 -1136.9 1645.4 0
-1141 1642.6 0 -1141 1642.6 0
-1145.1 1639.8 0 -1145.1 1639.8 0
-1149.1 1636.9 0 -1149.1 1636.9 0
-1153.2 1634.1 0 -1153.2 1634.1 0
-1157.2 1631.2 0 -1157.2 1631.2 0
-1161.3 1628.3 0 -1161.3 1628.3 0
-1165.3 1625.4 0 -1165.3 1625.4 0
-1169.3 1622.5 0 -1169.3 1622.5 0
-1173.4 1619.6 0 -1173.4 1619.6 0
-1177.4 1616.7 0 -1177.4 1616.7 0
-1181.4 1613.8 0 -1181.4 1613.8 0
-1185.4 1610.9 0 -1185.4 1610.9 0
-1189.4 1607.9 0 -1189.4 1607.9 0
-1193.4 1605 0 -1193.4 1605 0
-1197.3 1602 0 -1197.3 1602 0
-1201.3 1599 0 -1201.3 1599 0
-1205.3 1596 0 -1205.3 1596 0
-1209.2 1593 0 -1209.2 1593 0
-1213.2 1590 0 -1213.2 1590 0
-1217.1 1587 0 -1217.1 1587 0
-1221 1584 0 -1221 1584 0
-1225 1581 0 -1225 1581 0
-1228.9 1577.9 0 -1228.9 1577.9 0
-1232.8 1574.9 0 -1232.8 1574.9 0
-1236.7 1571.8 0 -1236.7 1571.8 0
-1240.6 1568.7 0 -1240.6 1568.7 0
-1244.5 1565.6 0 -1244.5 1565.6 0
-1248.4 1562.6 0 -1248.4 1562.6 0
-1252.2 1559.5 0 -1252.2 1559.5 0
-1256.1 1556.3 0 -1256.1 1556.3 0
-1260 1553.2 0 -1260 1553.2 0
-1263.8 1550.1 0 -1263.8 1550.1 0
-1267.6 1547 0 -1267.6 1547 0
-1271.5 1543.8 0 -1271.5 1543.8 0
-1275.3 1540.6 0 -1275.3 1540.6 0
-1279.1 1537.5 0 -1279.1 1537.5 0
-1282.9 1534.3 0 -1282.9 1534.3 0
-1286.7 1531.1 0 -1286.7 1531.1 0
-1290.5 1527.9 0 -1290.5 1527.9 0
-1294.3 1524.7 0 -1294.3 1524.7 0
-1298.1 1521.5 0 -1298.1 1521.5 0
-1301.9 1518.3 0 -1301.9 1518.3 0
-1305.6 1515 0 -1305.6 1515 0
-1309.4 1511.8 0 -1309.4 1511.8 0
-1313.1 1508.5 0 -1313.1 1508.5 0
-1316.9 1505.3 0 -1316.9 1505.3 0
-1320.6 1502 0 -1320.6 1502 0
-1324.3 1498.7 0 -1324.3 1498.7 0
-1328 1495.4 0 -1328 1495.4 0
-1331.7 1492.1 0 -1331.7 1492.1 0
-1335.4 1488.8 0 -1335.4 1488.8 0
-1339.1 1485.5 0 -1339.1 1485.5 0
-1342.8 1482.2 0 -1342.8 1482.2 0
-1346.5 1478.9 0 -1346.5 1478.9 0
-1350.1 1475.5 0 -1350.1 1475.5 0
-1353.8 1472.2 0 -1353.8 1472.2 0
-1357.4 1468.8 0 -1357.4 1468.8 0
-1361.1 1465.4 0 -1361.1 1465.4 0
-1364.7 1462 0 -1364.7 1462 0
-1368.3 1458.7 0 -1368.3 1458.7 0
-1371.9 1455.3 0 -1371.9 1455.3 0
-1375.6 1451.8 0 -1375.6 1451.8 0
-1379.2 1448.4 0 -1379.2 1448.4 0
-1382.7 1445 0 -1382.7 1445 0
-1386.3 1441.6 0 -1386.3 1441.6 0
-1389.9 1438.1 0 -1389.9 1438.1 0
-1393.5 1434.7 0 -1393.5 1434.7 0
-1397 1431.2 0 -1397 1431.2 0
-1400.6 1427.7 0 -1400.6 1427.7 0
-1404.1 1424.3 0 -1404.1 1424.3 0
-1407.6 1420.8 0 -1407.6 1420.8 0
-1411.1 1417.3 0 -1411.1 1417.3 0
-1414.7 1413.8 0 -1414.7 1413.8 0
-1418.2 1410.3 0 -1418.2 1410.3 0
-1421.6 1406.7 0 -1421.6 1406.7 0
-1425.1 1403.2 0 -1425.1 1403.2 0
-1428.6 1399.7 0 -1428.6 1399.7 0
-1432.1 1396.1 0 -1432.1 1396.1 0
-1435.5 1392.6 0 -1435.5 1392.6 0
-1439 1389 0 -1439 1389 0
-1442.4 1385.4 0 -1442.4 1385.4 0
-1445.9 1381.8 0 -1445.9 1381.8 0
-1449.3 1378.3 0 -1449.3 1378.3 0
-1452.7 1374.7 0 -1452.7 1374.7 0
-1456.1 1371 0 -1456.1 1371 0
-1459.5 1367.4 0 -1459.5 1367.4 0
-1462.9 1363.8 0 -1462.9 1363.8 0
-1466.3 1360.2 0 -1466.3 1360.2 0
-1469.6 1356.5 0 -1469.6 1356.5 0
-1473 1352.9 0 -1473 1352.9 0
-1476.3 1349.2 0 -1476.3 1349.2 0
-1479.7 1345.6 0 -1479.7 1345.6 0
-1483 1341.9 0 -1483 1341.9 0
-1486.3 1338.2 0 -1486.3 1338.2 0
-1489.7 1334.5 0 -1489.7 1334.5 0
-1493 1330.8 0 -1493 1330.8 0
-1496.3 1327.1 0 -1496.3 1327.1 0
-1499.5 1323.4 0 -1499.5 1323.4 0
-1502.8 1319.7 0 -1502.8 1319.7 0
-1506.1 1315.9 0 -1506.1 1315.9 0
-1509.4 1312.2 0 -1509.4 1312.2 0
-1512.6 1308.4 0 -1512.6 1308.4 0
-1515.8 1304.7 0 -1515.8 1304.7 0
-1519.1 1300.9 0 -1519.1 1300.9 0
-1522.3 1297.2 0 -1522.3 1297.2 0
-1525.5 1293.4 0 -1525.5 1293.4 0
-1528.7 1289.6 0 -1528.7 1289.6 0
-1531.9 1285.8 0 -1531.9 1285.8 0
-1535.1 1282 0 -1535.1 1282 0
-1538.3 1278.2 0 -1538.3 1278.2 0
-1541.4 1274.4 0 -1541.4 1274.4 0
-1544.6 1270.5 0 -1544.6 1270.5 0
-1547.7 1266.7 0 -1547.7 1266.7 0
-1550.9 1262.8 0 -1550.9 1262.8 0
-1554 1259 0 -1554 1259 0
-1557.1 1255.1 0 -1557.1 1255.1 0
-1560.2 1251.3 0 -1560.2 1251.3 0
-1563.3 1247.4 0 -1563.3 1247.4 0
-1566.4 1243.5 0 -1566.4 1243.5 0
-1569.5 1239.6 0 -1569.5 1239.6 0
-1572.6 1235.7 0 -1572.6 1235.7 0
-1575.6 1231.8 0 -1575.6 1231.8 0
-1578.7 1227.9 0 -1578.7 1227.9 0
-1581.7 1224 0 -1581.7 1224 0
-1584.8 1220.1 0 -1584.8 1220.1 0
-1587.8 1216.1 0 -1587.8 1216.1 0
-1590.8 1212.2 0 -1590.8 1212.2 0
-1593.8 1208.2 0 -1593.8 1208.2 0
-1596.8 1204.3 0 -1596.8 1204.3 0
-1599.8 1200.3 0 -1599.8 1200.3 0
-1602.7 1196.3 0 -1602.7 1196.3 0
-1605.7 1192.4 0 -1605.7 1192.4 0
-1608.7 1188.4 0 -1608.7 1188.4 0
-1611.6 1184.4 0 -1611.6 1184.4 0
-1614.5 1180.4 0 -1614.5 1180.4 0
-1617.5 1176.4 0 -1617.5 1176.4 0
-1620.4 1172.4 0 -1620.4 1172.4 0
-1623.3 1168.3 0 -1623.3 1168.3 0
-1626.2 1164.3 0 -1626.2 1164.3 0
-1629 1160.3 0 -1629 1160.3 0
-1631.9 1156.2 0 -1631.9 1156.2 0
-1634.8 1152.2 0 -1634.8 1152.2 0
-1637.6 1148.1 0 -1637.6 1148.1 0
-1640.5 1144 0 -1640.5 1144 0
-1643.3 1140 0 -1643.3 1140 0
-1646.1 1135.9 0 -1646.1 1135.9 0
-1648.9 1131.8 0 -1648.9 1131.8 0
-1651.7 1127.7 0 -1651.7 1127.7 0
-1654.5 1123.6 0 -1654.5 1123.6 0
-1657.3 1119.5 0 -1657.3 1119.5 0
-1660.1 1115.4 0 -1660.1 1115.4 0
-1662.9 1111.3 0 -1662.9 1111.3 0
-1665.6 1107.1 0 -1665.6 1107.1 0
-1668.3 1103 0 -1668.3 1103 0
-1671.1 1098.9 0 -1671.1 1098.9 0
-1673.8 1094.7 0 -1673.8 1094.7 0
-1676.5 1090.6 0 -1676.5 1090.6 0
-1679.2 1086.4 0 -1679.2 1086.4 0
-1681.9 1082.2 0 -1681.9 1082.2 0
-1684.6 1078.1 0 -1684.6 1078.1 0
-1687.2 1073.9 0 -1687.2 1073.9 0
-1689.9 1069.7 0 -1689.9 1069.7 0
-1692.6 1065.5 0 -1692.6 1065.5 0
-1695.2 1061.3 0 -1695.2 1061.3 0
-1697.8 1057.1 0 -1697.8 1057.1 0
-1700.4 1052.9 0 -1700.4 1052.9 0
-1703 1048.6 0 -1703 1048.6 0
-1705.6 1044.4 0 -1705.6 1044.4 0
-1708.2 1040.2 0 -1708.2 1040.2 0
-1710.8 1035.9 0 -1710.8 1035.9 0
-1713.4 1031.7 0 -1713.4 1031.7 0
-1715.9 1027.4 0 -1715.9 1027.4 0
-1718.5 1023.2 0 -1718.5 1023.2 0
-1721 1018.9 0 -1721 1018.9 0
-1723.5 1014.6 0 -1723.5 1014.6 0
-1726 1010.4 0 -1726 1010.4 0
-1728.5 1006.1 0 -1728.5 1006.1 0
-1731 1001.8 0 -1731 1001.8 0
-1733.5 997.49 0 -1733.5 997.49 0
-1736 993.19 0 -1736 993.19 0
-1738.4 988.88 0 -1738.4 988.88 0
-1740.9 984.57 0 -1740.9 984.57 0
-1743.3 980.24 0 -1743.3 980.24 0
-1745.7 975.92 0 -1745.7 975.92 0
-1748.1 971.58 0 -1748.1 971.58 0
-1750.6 967.24 0 -1750.6 967.24 0
-1752.9 962.9 0 -1752.9 962.9 0
-1755.3 958.55 0 -1755.3 958.55 0
-1757.7 954.19 0 -1757.7 954.19 0
-1760.1 949.83 0 -1760.1 949.83 0
-1762.4 945.46 0 -1762.4 945.46 0
-1764.8 941.08 0 -1764.8 941.08 0
-1767.1 936.7 0 -1767.1 936.7 0
-1769.4 932.32 0 -1769.4 932.32 0
-1771.7 927.93 0 -1771.7 927.93 0
-1774 923.53 0 -1774 923.53 0
-1776.3 919.12 0 -1776.3 919.12 0
-1778.6 914.72 0 -1778.6 914.72 0
-1780.8 910.3 0 -1780.8 910.3 0
-1783.1 905.88 0 -1783.1 905.88 0
-1785.3 901.45 0 -1785.3 901.45 0
-1787.6 897.02 0 -1787.6 897.02 0
-1789.8 892.59 0 -1789.8 892.59 0
-1792 888.14 0 -1792 888.14 0
-1794.2 883.7 0 -1794.2 883.7 0
-1796.4 879.24 0 -1796.4 879.24 0
-1798.5 874.78 0 -1798.5 874.78 0
-1800.7 870.32 0 -1800.7 870.32 0
-1802.9 865.85 0 -1802.9 865.85 0
-1805 861.38 0 -1805 861.38 0
-1807.1 856.9 0 -1807.1 856.9 0
-1809.3 852.41 0 -1809.3 852.41 0
-1811.4 847.92 0 -1811.4 847.92 0
-1813.5 843.43 0 -1813.5 843.43 0
-1815.5 838.92 0 -1815.5 838.92 0
-1817.6 834.42 0 -1817.6 834.42 0
-1819.7 829.91 0 -1819.7 829.91 0
-1821.7 825.39 0 -1821.7 825.39 0
-1823.8 820.87 0 -1823.8 820.87 0
-1825.8 816.34 0 -1825.8 816.34 0
-1827.8 811.81 0 -1827.8 811.81 0
-1829.8 807.27 0 -1829.8 807.27 0
-1831.8 802.73 0 -1831.8 802.73 0
-1833.8 798.19 0 -1833.8 798.19 0
-1835.8 793.64 0 -1835.8 793.64 0
-1837.8 789.08 0 -1837.8 789.08 0
-1839.7 784.52 0 -1839.7 784.52 0
-1841.6 779.95 0 -1841.6 779.95 0
-1843.6 775.38 0 -1843.6 775.38 0
-1845.5 770.81 0 -1845.5 770.81 0
-1847.4 766.23 0 -1847.4 766.23 0
-1849.3 761.64 0 -1849.3 761.64 0
-1851.2 757.05 0 -1851.2 757.05 0
-1853.1 752.46 0 -1853.1 752.46 0
-1854.9 747.86 0 -1854.9 747.86 0
-1856.8 743.26 0 -1856.8 743.26 0
-1858.6 738.65 0 -1858.6 738.65 0
-1860.4 734.03 0 -1860.4 734.03 0
-1862.2 729.42 0 -1862.2 729.42 0
-1864 724.8 0 -1864 724.8 0
-1865.8 720.17 0 -1865.8 720.17 0
-1867.6 715.54 0 -1867.6 715.54 0
-1869.4 710.9 0 -1869.4 710.9 0
-1871.1 706.27 0 -1871.1 706.27 0
-1872.9 701.62 0 -1872.9 701.62 0
-1874.6 696.97 0 -1874.6 696.97 0
-1876.4 692.32 0 -1876.4 692.32 0
-1878.1 687.66 0 -1878.1 687.66 0
-1879.8 683 0 -1879.8 683 0
-1881.5 678.34 0 -1881.5 678.34 0
-1883.1 673.67 0 -1883.1 673.67 0
-1884.8 669 0 -1884.8 669 0
-1886.4 664.32 0 -1886.4 664.32 0
-1888.1 659.64 0 -1888.1 659.64 0
-1889.7 654.95 0 -1889.7 654.95 0
-1891.3 650.26 0 -1891.3 650.26 0
-1892.9 645.57 0 -1892.9 645.57 0
-1894.5 640.87 0 -1894.5 640.87 0
-1896.1 636.17 0 -1896.1 636.17 0
-1897.7 631.47 0 -1897.7 631.47 0
-1899.3 626.76 0 -1899.3 626.76 0
-1900.8 622.04 0 -1900.8 622.04 0
-1902.3 617.33 0 -1902.3 617.33 0
-1903.9 612.61 0 -1903.9 612.61 0
-1905.4 607.88 0 -1905.4 607.88 0
-1906.9 603.15 0 -1906.9 603.15 0
-1908.4 598.42 0 -1908.4 598.42 0
-1909.9 593.69 0 -1909.9 593.69 0
-1911.3 588.95 0 -1911.3 588.95 0
-1912.8 584.2 0 -1912.8 584.2 0
-1914.2 579.46 0 -1914.2 579.46 0
-1915.6 574.71 0 -1915.6 574.71 0
-1917.1 569.95 0 -1917.1 569.95 0
-1918.5 565.2 0 -1918.5 565.2 0
-1919.9 560.44 0 -1919.9 560.44 0
-1921.3 555.67 0 -1921.3 555.67 0
-1922.6 550.9 0 -1922.6 550.9 0
-1924 546.13 0 -1924 546.13 0
-1925.3 541.36 0 -1925.3 541.36 0
-1926.7 536.58 0 -1926.7 536.58 0
-1928 531.8 0 -1928 531.8 0
-1929.3 527.02 0 -1929.3 527.02 0
-1930.6 522.23 0 -1930.6 522.23 0
-1931.9 517.44 0 -1931.9 517.44 0
-1933.2 512.64 0 -1933.2 512.64 0
-1934.4 507.85 0 -1934.4 507.85 0
-1935.7 503.05 0 -1935.7 503.05 0
-1936.9 498.24 0 -1936.9 498.24 0
-1938.2 493.44 0 -1938.2 493.44 0
-1939.4 488.63 0 -1939.4 488.63 0
-1940.6 483.82 0 -1940.6 483.82 0
-1941.8 479 0 -1941.8 479 0
-1943 474.18 0 -1943 474.18 0
-1944.1 469.36 0 -1944.1 469.36 0
-1945.3 464.54 0 -1945.3 464.54 0
-1946.4 459.71 0 -1946.4 459.71 0
-1947.6 454.88 0 -1947.6 454.88 0
-1948.7 450.05 0 -1948.7 450.05 0
-1949.8 445.21 0 -1949.8 445.21 0
-1950.9 440.38 0 -1950.9 440.38 0
-1952 435.54 0 -1952 435.54 0
-1953.1 430.69 0 -1953.1 430.69 0
-1954.1 425.85 0 -1954.1 425.85 0
-1955.2 421 0 -1955.2 421 0
-1956.2 416.15 0 -1956.2 416.15 0
-1957.3 411.29 0 -1957.3 411.29 0
-1958.3 406.44 0 -1958.3 406.44 0
-1959.3 401.58 0 -1959.3 401.58 0
-1960.3 396.72 0 -1960.3 396.72 0
-1961.2 391.85 0 -1961.2 391.85 0
-1962.2 386.99 0 -1962.2 386.99 0
-1963.2 382.12 0 -1963.2 382.12 0
-1964.1 377.25 0 -1964.1 377.25 0
-1965 372.37 0 -1965 372.37 0
-1965.9 367.5 0 -1965.9 367.5 0
-1966.9 362.62 0 -1966.9 362.62 0
-1967.7 357.74 0 -1967.7 357.74 0
-1968.6 352.86 0 -1968.6 352.86 0
-1969.5 347.97 0 -1969.5 347.97 0
-1970.4 343.09 0 -1970.4 343.09 0
-1971.2 338.2 0 -1971.2 338.2 0
-1972 333.31 0 -1972 333.31 0
-1972.9 328.42 0 -1972.9 328.42 0
-1973.7 323.52 0 -1973.7 323.52 0
-1974.5 318.63 0 -1974.5 318.63 0
-1975.2 313.73 0 -1975.2 313.73 0
-1976 308.83 0 -1976 308.83 0
-1976.8 303.92 0 -1976.8 303.92 0
-1977.5 299.02 0 -1977.5 299.02 0
-1978.3 294.11 0 -1978.3 294.11 0
-1979 289.2 0 -1979 289.2 0
-1979.7 284.29 0 -1979.7 284.29 0
-1980.4 279.38 0 -1980.4 279.38 0
-1981.1 274.47 0 -1981.1 274.47 0
-1981.8 269.56 0 -1981.8 269.56 0
-1982.4 264.64 0 -1982.4 264.64 0
-1983.1 259.72 0 -1983.1 259.72 0
-1983.7 254.8 0 -1983.7 254.8 0
-1984.3 249.88 0 -1984.3 249.88 0
-1984.9 244.96 0 -1984.9 244.96 0
-1985.5 240.03 0 -1985.5 240.03 0
-1986.1 235.11 0 -1986.1 235.11 0
-1986.7 230.18 0 -1986.7 230.18 0
-1987.3 225.25 0 -1987.3 225.25 0
-1987.8 220.32 0 -1987.8 220.32 0
-1988.4 215.39 0 -1988.4 215.39 0
-1988.9 210.45 0 -1988.9 210.45 0
-1989.4 205.52 0 -1989.4 205.52 0
-1989.9 200.59 0 -1989.9 200.59 0
-1990.4 195.65 0 -1990.4 195.65 0
-1990.9 190.71 0 -1990.9 190.71 0
-1991.4 185.77 0 -1991.4 185.77 0
-1991.8 180.83 0 -1991.8 180.83 0
-1992.3 175.89 0 -1992.3 175.89 0
-1992.7 170.95 0 -1992.7 170.95 0
-1993.1 166 0 -1993.1 166 0
-1993.5 161.06 0 -1993.5 161.06 0
-1993.9 156.11 0 -1993.9 156.11 0
-1994.3 151.17 0 -1994.3 151.17 0
-1994.6 146.22 0 -1994.6 146.22 0
-1995 141.27 0 -1995 141.27 0
-1995.3 136.32 0 -1995.3 136.32 0
-1995.7 131.37 0 -1995.7 131.37 0
-1996 126.42 0 -1996 126.42 0
-1996.3 121.47 0 -1996.3 121.47 0
-1996.6 116.52 0 -1996.6 116.52 0
-1996.9 111.57 0 -1996.9 111.57 0
-1997.2 106.61 0 -1997.2 106.61 0
-1997.4 101.66 0 -1997.4 101.66 0
-1997.7 96.703 0 -1997.7 96.703 0
-1997.9 91.747 0 -1997.9 91.747 0
-1998.1 86.791 0 -1998.1 86.791 0
-1998.3 81.835 0 -1998.3 81.835 0
-1998.5 76.878 0 -1998.5 76.878 0
-1998.7 71.92 0 -1998.7 71.92 0
-1998.9 66.962 0 -1998.9 66.962 0
-1999 62.003 0 -1999 62.003 0
-1999.2 57.044 0 -1999.2 57.044 0
-1999.3 52.085 0 -1999.3 52.085 0
-1999.4 47.126 0 -1999.4 47.126 0
-1999.6 42.166 0 -1999.6 42.166 0
-1999.7 37.206 0 -1999.7 37.206 0
-1999.7 32.246 0 -1999.7 32.246 0
-1999.8 27.285 0 -1999.8 27.285 0
-1999.9 22.324 0 -1999.9 22.324 0
-1999.9 17.363 0 -1999.9 17.363 0
-2000 12.403 0 -2000 12.403 0
-2000 7.4416 0 -2000 7.4416 0
-2000 2.4805 0 -2000 2.4805 0
-2000 -2.4805 0 -2000 -2.4805 0
-2000 -7.4416 0 -2000 -7.4416 0
-2000 -12.403 0 -2000 -12.403 0
-1999.9 -17.363 0 -1999.9 -17.363 0
-1999.9 -22.324 0 -1999.9 -22.324 0
-1999.8 -27.285 0 -1999.8 -27.285 0
-1999.7 -32.246 0 -1999.7 -32.246 0
-1999.7 -37.206 0 -1999.7 -37.206 0
-1999.6 -42.166 0 -1999.6 -42.166 0
-1999.4 -47.126 0 -1999.4 -47.126 0
-1999.3 -52.085 0 -1999.3 -52.085 0
-1999.2 -57.044 0 -1999.2 -57.044 0
-1999 -62.003 0 -1999 -62.003 0
-1998.9 -66.962 0 -1998.9 -66.962 0
-1998.7 -71.92 0 -1998.7 -71.92 0
-1998.5 -76.878 0 -1998.5 -76.878 0
-1998.3 -81.835 0 -1998.3 -81.835 0
-1998.1 -86.791 0 -1998.1 -86.791 0
-1997.9 -91.747 0 -1997.9 -91.747 0
-1997.7 -96.703 0 -1997.7 -96.703 0
-1997.4 -101.66 0 -1997.4 -101.66 0
-1997.2 -106.61 0 -1997.2 -106.61 0
-1996.9 -111.57 0 -1996.9 -111.57 0
-1996.6 -116.52 0 -1996.6 -116.52 0
-1996.3 -121.47 0 -1996.3 -121.47 0
-1996 -126.42 0 -1996 -126.42 0
-1995.7 -131.37 0 -1995.7 -131.37 0
-1995.3 -136.32 0 -1995.3 -136.32 0
-1995 -141.27 0 -1995 -141.27 0
-1994.6 -146.22 0 -1994.6 -146.22 0
-1994.3 -151.17 0 -1994.3 -151.17 0
-1993.9 -156.11 0 -1993.9 -156.11 0
-1993.5 -161.06 0 -1993.5 -161.06 0
-1993.1 -166 0 -1993.1 -166 0
-1992.7 -170.95 0 -1992.7 -170.95 0
-1992.3 -175.89 0 -1992.3 -175.89 0
-1991.8 -180.83 0 -1991.8 -180.83 0
-1991.4 -185.77 0 -1991.4 -185.77 0
-1990.9 -190.71 0 -1990.9 -190.71 0
-1990.4 -195.65 0 -1990.4 -195.65 0
-1989.9 -200.59 0 -1989.9 -200.59 0
-1989.4 -205.52 0 -1989.4 -205.52 0
-1988.9 -210.45 0 -1988.9 -210.45 0
-1988.4 -215.39 0 -1988.4 -215.39 0
-1987.8 -220.32 0 -1987.8 -220.32 0
-1987.3 -225.25 0 -1987.3 -225.25 0
-1986.7 -230.18 0 -1986.7 -230.18 0
-1986.1 -235.11 0 -1986.1 -235.11 0
-1985.5 -240.03 0 -1985.5 -240.03 0
-1984.9 -244.96 0 -1984.9 -244.96 0
-1984.3 -249.88 0 -1984.3 -249.88 0
-1983.7 -254.8 0 -1983.7 -254.8 0
-1983.1 -259.72 0 -1983.1 -259.72 0
-1982.4 -264.64 0 -1982.4 -264.64 0
-1981.8 -269.56 0 -1981.8 -269.56 0
-1981.1 -274.47 0 -1981.1 -274.47 0
-1980.4 -279.38 0 -1980.4 -279.38 0
-1979.7 -284.29 0 -1979.7 -284.29 0
-1979 -289.2 0 -1979 -289.2 0
-1978.3 -294.11 0 -1978.3 -294.11 0
-1977.5 -299.02 0 -1977.5 -299.02 0
-1976.8 -303.92 0 -1976.8 -303.92 0
-1976 -308.83 0 -1976 -308.83 0
-1975.2 -313.73 0 -1975.2 -313.73 0
-1974.5 -318.63 0 -1974.5 -318.63 0
-1973.7 -323.52 0 -1973.7 -323.52 0
-1972.9 -328.42 0 -1972.9 -328.42 0
-1972 -333.31 0 -1972 -333.31 0
-1971.2 -338.2 0 -1971.2 -338.2 0
-1970.4 -343.09 0 -1970.4 -343.09 0
-1969.5 -347.97 0 -1969.5 -347.97 0
-1968.6 -352.86 0 -1968.6 -352.86 0
-1967.7 -357.74 0 -1967.7 -357.74 0
-1966.9 -362.62 0 -1966.9 -362.62 0
-1965.9 -367.5 0 -1965.9 -367.5 0
-1965 -372.37 0 -1965 -372.37 0
-1964.1 -377.25 0 -1964.1 -377.25 0
-1963.2 -382.12 0 -1963.2 -382.12 0
-1962.2 -386.99 0 -1962.2 -386.99 0
-1961.2 -391.85 0 -1961.2 -391.85 0
-1960.3 -396.72 0 -1960.3 -396.72 0
-1959.3 -401.58 0 -1959.3 -401.58 0
-1958.3 -406.44 0 -1958.3 -406.44 0
-1957.3 -411.29 0 -1957.3 -411.29 0
-1956.2 -416.15 0 -1956.2 -416.15 0
-1955.2 -421 0 -1955.2 -421 0
-1954.1 -425.85 0 -1954.1 -425.85 0
-1953.1 -430.69 0 -1953.1 -430.69 0
-1952 -435.54 0 -1952 -435.54 0
-1950.9 -440.38 0 -1950.9 -440.38 0
-1949.8 -445.21 0 -1949.8 -445.21 0
-1948.7 -450.05 0 -1948.7 -450.05 0
-1947.6 -454.88 0 -1947.6 -454.88 0
-1946.4 -459.71 0 -1946.4 -459.71 0
-1945.3 -464.54 0 -1945.3 -464.54 0
-1944.1 -469.36 0 -1944.1 -469.36 0
-1943 -474.18 0 -1943 -474.18 0
-1941.8 -479 0 -1941.8 -479 0
-1940.6 -483.82 0 -1940.6 -483.82 0
-1939.4 -488.63 0 -1939.4 -488.63 0
-1938.2 -493.44 0 -1938.2 -493.44 0
-1936.9 -498.24 0 -1936.9 -498.24 0
-1935.7 -503.05 0 -1935.7 -503.05 0
-1934.4 -507.85 0 -1934.4 -507.85 0
-1933.2 -512.64 0 -1933.2 -512.64 0
-1931.9 -517.44 0 -1931.9 -517.44 0
-1930.6 -522.23 0 -1930.6 -522.23 0
-1929.3 -527.02 0 -1929.3 -527.02 0
-1928 -531.8 0 -1928 -531.8 0
-1926.7 -536.58 0 -1926.7 -536.58 0
-1925.3 -541.36 0 -1925.3 -541.36 0
-1924 -546.13 0 -1924 -546.13 0
-1922.6 -550.9 0 -1922.6 -550.9 0
-1921.3 -555.67 0 -1921.3 -555.67 0
-1919.9 -560.44 0 -1919.9 -560.44 0
-1918.5 -565.2 0 -1918.5 -565.2 0
-1917.1 -569.95 0 -1917.1 -569.95 0
-1915.6 -574.71 0 -1915.6 -574.71 0
-1914.2 -579.46 0 -1914.2 -579.46 0
-1912.8 -584.2 0 -1912.8 -584.2 0
-1911.3 -588.95 0 -1911.3 -588.95 0
-1909.9 -593.69 0 -1909.9 -593.69 0
-1908.4 -598.42 0 -1908.4 -598.42 0
-1906.9 -603.15 0 -1906.9 -603.15 0
-1905.4 -607.88 0 -1905.4 -607.88 0
-1903.9 -612.61 0 -1903.9 -612.61 0
-1902.3 -617.33 0 -1902.3 -617.33 0
-1900.8 -622.04 0 -1900.8 -622.04 0
-1899.3 -626.76 0 -1899.3 -626.76 0
-1897.7 -631.47 0 -1897.7 -631.47 0
-1896.1 -636.17 0 -1896.1 -636.17 0
-1894.5 -640.87 0 -1894.5 -640.87 0
-1892.9 -645.57 0 -1892.9 -645.57 0
-1891.3 -650.26 0 -1891.3 -650.26 0
-1889.7 -654.95 0 -1889.7 -654.95 0
-1888.1 -659.64 0 -1888.1 -659.64 0
-1886.4 -664.32 0 -1886.4 -664.32 0
-1884.8 -669 0 -1884.8 -669 0
-1883.1 -673.67 0 -1883.1 -673.67 0
-1881.5 -678.34 0 -1881.5 -678.34 0
-1879.8 -683 0 -1879.8 -683 0
-1878.1 -687.66 0 -1878.1 -687.66 0
-1876.4 -692.32 0 -1876.4 -692.32 0
-1874.6 -696.97 0 -1874.6 -696.97 0
-1872.9 -701.62 0 -1872.9 -701.62 0
-1871.1 -706.27 0 -1871.1 -706.27 0
-1869.4 -710.9 0 -1869.4 -710.9 0
-1867.6 -715.54 0 -1867.6 -715.54 0
-1865.8 -720.17 0 -1865.8 -720.17 0
-1864 -724.8 0 -1864 -724.8 0
-1862.2 -729.42 0 -1862.2 -729.42 0
-1860.4 -734.03 0 -1860.4 -734.03 0
-1858.6 -738.65 0 -1858.6 -738.65 0
-1856.8 -743.26 0 -1856.8 -743.26 0
-1854.9 -747.86 0 -1854.9 -747.86 0
-1853.1 -752.46 0 -1853.1 -752.46 0
-1851.2 -757.05 0 -1851.2 -757.05 0
-1849.3 -761.64 0 -1849.3 -761.64 0
-1847.4 -766.23 0 -1847.4 -766.23 0
-1845.5 -770.81 0 -1845.5 -770.81 0
-1843.6 -775.38 0 -1843.6 -775.38 0
-1841.6 -779.95 0 -1841.6 -779.95 0
-1839.7 -784.52 0 -1839.7 -784.52 0
-1837.8 -789.08 0 -1837.8 -789.08 0
-1835.8 -793.64 0 -1835.8 -793.64 0
-1833.8 -798.19 0 -1833.8 -798.19 0
-1831.8 -802.73 0 -1831.8 -802.73 0
-1829.8 -807.27 0 -1829.8 -807.27 0
-1827.8 -811.81 0 -1827.8 -811.81 0
-1825.8 -816.34 0 -1825.8 -816.34 0
-1823.8 -820.87 0 -1823.8 -820.87 0
-1821.7 -825.39 0 -1821.7 -825.39 0
-1819.7 -829.91 0 -1819.7 -829.91 0
-1817.6 -834.42 0 -1817.6 -834.42 0
-1815.5 -838.92 0 -1815.5 -838.92 0
-1813.5 -843.43 0 -1813.5 -843.43 0
-1811.4 -847.92 0 -1811.4 -847.92 0
-1809.3 -852.41 0 -1809.3 -852.41 0
-1807.1 -856.9 0 -1807.1 -856.9 0
-1805 -861.38 0 -1805 -861.38 0
-1802.9 -865.85 0 -1802.9 -865.85 0
-1800.7 -870.32 0 -1800.7 -870.32 0
-1798.5 -874.78 0 -1798.5 -874.78 0
-1796.4 -879.24 0 -1796.4 -879.24 0
-1794.2 -883.7 0 -1794.2 -883.7 0
-1792 -888.14 0 -1792 -888.14 0
-1789.8 -892.59 0 -1789.8 -892.59 0
-1787.6 -897.02 0 -1787.6 -897.02 0
-1785.3 -901.45 0 -1785.3 -901.45 0
-1783.1 -905.88 0 -1783.1 -905.88 0
-1780.8 -910.3 0 -1780.8 -910.3 0
-1778.6 -914.72 0 -1778.6 -914.72 0
-1776.3 -919.12 0 -1776.3 -919.12 0
-1774 -923.53 0 -1774 -923.53 0
-1771.7 -927.93 0 -1771.7 -927.93 0
-1769.4 -932.32 0 -1769.4 -932.32 0
-1767.1 -936.7 0 -1767.1 -936.7 0
-1764.8 -941.08 0 -1764.8 -941.08 0
-1762.4 -945.46 0 -1762.4 -945.46 0
-1760.1 -949.83 0 -1760.1 -949.83 0
-1757.7 -954.19 0 -1757.7 -954.19 0
-1755.3 -958.55 0 -1755.3 -958.55 0
-1752.9 -962.9 0 -1752.9 -962.9 0
-1750.6 -967.24 0 -1750.6 -967.24 0
-1748.1 -971.58 0 -1748.1 -971.58 0
-1745.7 -975.92 0 -1745.7 -975.92 0
-1743.3 -980.24 0 -1743.3 -980.24 0
-1740.9 -984.57 0 -1740.9 -984.57 0
-1738.4 -988.88 0 -1738.4 -988.88 0
-1736 -993.19 0 -1736 -993.19 0
-1733.5 -997.49 0 -1733.5 -997.49 0
-1731 -1001.8 0 -1731 -1001.8 0
-1728.5 -1006.1 0 -1728.5 -1006.1 0
-1726 -1010.4 0 -1726 -1010.4 0
-1723.5 -1014.6 0 -1723.5 -1014.6 0
-1721 -1018.9 0 -1721 -1018.9 0
-1718.5 -1023.2 0 -1718.5 -1023.2 0
-1715.9 -1027.4 0 -1715.9 -1027.4 0
-1713.4 -1031.7 0 -1713.4 -1031.7 0
-1710.8 -1035.9 0 -1710.8 -1035.9 0
-1708.2 -1040.2 0 -1708.2 -1040.2 0
-1705.6 -1044.4 0 -1705.6 -1044.4 0
-1703 -1048.6 0 -1703 -1048.6 0
-1700.4 -1052.9 0 -1700.4 -1052.9 0
-1697.8 -1057.1 0 -1697.8 -1057.1 0
-1695.2 -1061.3 0 -1695.2 -1061.3 0
-1692.6 -1065.5 0 -1692.6 -1065.5 0
-1689.9 -1069.7 0 -1689.9 -1069.7 0
-1687.2 -1073.9 0 -1687.2 -1073.9 0
-1684.6 -1078.1 0 -1684.6 -1078.1 0
-1681.9 -1082.2 0 -1681.9 -1082.2 0
-1679.2 -1086.4 0 -1679.2 -1086.4 0
-1676.5 -1090.6 0 -1676.5 -1090.6 0
-1673.8 -1094.7 0 -1673.8 -1094.7 0
-1671.1 -1098.9 0 -1671.1 -1098.9 0
-1668.3 -1103 0 -1668.3 -1103 0
-1665.6 -1107.1 0 -1665.6 -1107.1 0
-1662.9 -1111.3 0 -1662.9 -1111.3 0
-1660.1 -1115.4 0 -1660.1 -1115.4 0
-1657.3 -1119.5 0 -1657.3 -1119.5 0
-1654.5 -1123.6 0 -1654.5 -1123.6 0
-1651.7 -1127.7 0 -1651.7 -1127.7 0
-1648.9 -1131.8 0 -1648.9 -1131.8 0
-1646.1 -1135.9 0 -1646.1 -1135.9 0
-1643.3 -1140 0 -1643.3 -1140 0
-1640.5 -1144 0 -1640.5 -1144 0
-1637.6 -1148.1 0 -1637.6 -1148.1 0
-1634.8 -1152.2 0 -1634.8 -1152.2 0
-1631.9 -1156.2 0 -1631.9 -1156.2 0
-1629 -1160.3 0 -1629 -1160.3 0
-1626.2 -1164.3 0 -1626.2 -1164.3 0
-1623.3 -1168.3 0 -1623.3 -1168.3 0
-1620.4 -1172.4 0 -1620.4 -1172.4 0
-1617.5 -1176.4 0 -1617.5 -1176.4 0
-1614.5 -1180.4 0 -1614.5 -1180.4 0
-1611.6 -1184.4 0 -1611.6 -1184.4 0
-1608.7 -1188.4 0 -1608.7 -1188.4 0
-1605.7 -1192.4 0 -1605.7 -1192.4 0
-1602.7 -1196.3 0 -1602.7 -1196.3 0
-1599.8 -1200.3 0 -1599.8 -1200.3 0
-1596.8 -1204.3 0 -1596.8 -1204.3 0
-1593.8 -1208.2 0 -1593.8 -1208.2 0
-1590.8 -1212.2 0 -1590.8 -1212.2 0
-1587.8 -1216.1 0 -1587.8 -1216.1 0
-1584.8 -1220.1 0 -1584.8 -1220.1 0
-1581.7 -1224 0 -1581.7 -1224 0
-1578.7 -1227.9 0 -1578.7 -1227.9 0
-1575.6 -1231.8 0 -1575.6 -1231.8 0
-1572.6 -1235.7 0 -1572.6 -1235.7 0
-1569.5 -1239.6 0 -1569.5 -1239.6 0
-1566.4 -1243.5 0 -1566.4 -1243.5 0
-1563.3 -1247.4 0 -1563.3 -1247.4 0
-1560.2 -1251.3 0 -1560.2 -1251.3 0
-1557.1 -1255.1 0 -1557.1 -1255.1 0
-1554 -1259 0 -1554 -1259 0
-1550.9 -1262.8 0 -1550.9 -1262.8 0
-1547.7 -1266.7 0 -1547.7 -1266.7 0
-1544.6 -1270.5 0 -1544.6 -1270.5 0
-1541.4 -1274.4 0 -1541.4 -1274.4 0
-1538.3 -1278.2 0 -1538.3 -1278.2 0
-1535.1 -1282 0 -1535.1 -1282 0
-1531.9 -1285.8 0 -1531.9 -1285.8 0
-1528.7 -1289.6 0 -1528.7 -1289.6 0
-1525.5 -1293.4 0 -1525.5 -1293.4 0
-1522.3 -1297.2 0 -1522.3 -1297.2 0
-1519.1 -1300.9 0 -1519.1 -1300.9 0
-1515.8 -1304.7 0 -1515.8 -1304.7 0
-1512.6 -1308.4 0 -1512.6 -1308.4 0
-1509.4 -1312.2 0 -1509.4 -1312.2 0
-1506.1 -1315.9 0 -1506.1 -1315.9 0
-1502.8 -1319.7 0 -1502.8 -1319.7 0
-1499.5 -1323.4 0 -1499.5 -1323.4 0
-1496.3 -1327.1 0 -1496.3 -1327.1 0
-1493 -1330.8 0 -1493 -1330.8 0
-1489.7 -1334.5 0 -1489.7 -1334.5 0
-1486.3 -1338.2 0 -1486.3 -1338.2 0
-1483 -1341.9 0 -1483 -1341.9 0
-1479.7 -1345.6 0 -1479.7 -1345.6 0
-1476.3 -1349.2 0 -1476.3 -1349.2 0
-1473 -1352.9 0 -1473 -1352.9 0
-1469.6 -1356.5 0 -1469.6 -1356.5 0
-1466.3 -1360.2 0 -1466.3 -1360.2 0
-1462.9 -1363.8 0 -1462.9 -1363.8 0
-1459.5 -1367.4 0 -1459.5 -1367.4 0
-1456.1 -1371 0 -1456.1 -1371 0
-1452.7 -1374.7 0 -1452.7 -1374.7 0
-1449.3 -1378.3 0 -1449.3 -1378.3 0
-1445.9 -1381.8 0 -1445.9 -1381.8 0
-1442.4 -1385.4 0 -1442.4 -1385.4 0
-1439 -1389 0 -1439 -1389 0
-1435.5 -1392.6 0 -1435.5 -1392.6 0
-1432.1 -1396.1 0 -1432.1 -1396.1 0
-1428.6 -1399.7 0 -1428.6 -1399.7 0
-1425.1 -1403.2 0 -1425.1 -1403.2 0
-1421.6 -1406.7 0 -1421.6 -1406.7 0
-1418.2 -1410.3 0 -1418.2 -1410.3 0
-1414.7 -1413.8 0 -1414.7 -1413.8 0
-1411.1 -1417.3 0 -1411.1 -1417.3 0
-1407.6 -1420.8 0 -1407.6 -1420.8 0
-1404.1 -1424.3 0 -1404.1 -1424.3 0
-1400.6 -1427.7 0 -1400.6 -1427.7 0
-1397 -1431.2 0 -1397 -1431.2 0
-1393.5 -1434.7 0 -1393.5 -1434.7 0
-1389.9 -1438.1 0 -1389.9 -1438.1 0
-1386.3 -1441.6 0 -1386.3 -1441.6 0
-1382.7 -1445 0 -1382.7 -1445 0
-1379.2 -1448.4 0 -1379.2 -1448.4 0
-1375.6 -1451.8 0 -1375.6 -1451.8 0
-1371.9 -1455.3 0 -1371.9 -1455.3 0
-1368.3 -1458.7 0 -1368.3 -1458.7 0
-1364.7 -1462 0 -1364.7 -1462 0
-1361.1 -1465.4 0 -1361.1 -1465.4 0
-1357.4 -1468.8 0 -1357.4 -1468.8 0
-1353.8 -1472.2 0 -1353.8 -1472.2 0
-1350.1 -1475.5 0 -1350.1 -1475.5 0
-1346.5 -1478.9 0 -1346.5 -1478.9 0
-1342.8 -1482.2 0 -1342.8 -1482.2 0
-1339.1 -1485.5 0 -1339.1 -1485.5 0
-1335.4 -1488.8 0 -1335.4 -1488.8 0
-1331.7 -1492.1 0 -1331.7 -1492.1 0
-1328 -1495.4 0 -1328 -1495.4 0
-1324.3 -1498.7 0 -1324.3 -1498.7 0
-1320.6 -1502 0 -1320.6 -1502 0
-1316.9 -1505.3 0 -1316.9 -1505.3 0
-1313.1 -1508.5 0 -1313.1 -1508.5 0
-1309.4 -1511.8 0 -1309.4 -1511.8 0
-1305.6 -1515 0 -1305.6 -1515 0
-1301.9 -1518.3 0 -1301.9 -1518.3 0
-1298.1 -1521.5 0 -1298.1 -1521.5 0
-1294.3 -1524.7 0 -1294.3 -1524.7 0
-1290.5 -1527.9 0 -1290.5 -1527.9 0
-1286.7 -1531.1 0 -1286.7 -1531.1 0
-1282.9 -1534.3 0 -1282.9 -1534.3 0
-1279.1 -1537.5 0 -1279.1 -1537.5 0
-1275.3 -1540.6 0 -1275.3 -1540.6 0
-1271.5 -1543.8 0 -1271.5 -1543.8 0
-1267.6 -1547 0 -1267.6 -1547 0
-1263.8 -1550.1 0 -1263.8 -1550.1 0
-1260 -1553.2 0 -1260 -1553.2 0
-1256.1 -1556.3 0 -1256.1 -1556.3 0
-1252.2 -1559.5 0 -1252.2 -1559.5 0
-1248.4 -1562.6 0 -1248.4 -1562.6 0
-1244.5 -1565.6 0 -1244.5 -1565.6 0
-1240.6 -1568.7 0 -1240.6 -1568.7 0
-1236.7 -1571.8 0 -1236.7 -1571.8 0
-1232.8 -1574.9 0 -1232.8 -1574.9 0
-1228.9 -1577.9 0 -1228.9 -1577.9 0
-1225 -1581 0 -1225 -1581 0
-1221 -1584 0 -1221 -1584 0
-1217.1 -1587 0 -1217.1 -1587 0
-1213.2 -1590 0 -1213.2 -1590 0
-1209.2 -1593 0 -1209.2 -1593 0
-1205.3 -1596 0 -1205.3 -1596 0
-1201.3 -1599 0 -1201.3 -1599 0
-1197.3 -1602 0 -1197.3 -1602 0
-1193.4 -1605 0 -1193.4 -1605 0
-1189.4 -1607.9 0 -1189.4 -1607.9 0
-1185.4 -1610.9 0 -1185.4 -1610.9 0
-1181.4 -1613.8 0 -1181.4 -1613.8 0
-1177.4 -1616.7 0 -1177.4 -1616.7 0
-1173.4 -1619.6 0 -1173.4 -1619.6 0
-1169.3 -1622.5 0 -1169.3 -1622.5 0
-1165.3 -1625.4 0 -1165.3 -1625.4 0
-1161.3 -1628.3 0 -1161.3 -1628.3 0
-1157.2 -1631.2 0 -1157.2 -1631.2 0
-1153.2 -1634.1 0 -1153.2 -1634.1 0
-1149.1 -1636.9 0 -1149.1 -1636.9 0
-1145.1 -1639.8 0 -1145.1 -1639.8 0
-1141 -1642.6 0 -1141 -1642.6 0
-1136.9 -1645.4 0 -1136.9 -1645.4 0
-1132.8 -1648.2 0 -1132.8 -1648.2 0
-1128.7 -1651 0 -1128.7 -1651 0
-1124.6 -1653.8 0 -1124.6 -1653.8 0
-1120.5 -1656.6 0 -1120.5 -1656.6 0
-1116.4 -1659.4 0 -1116.4 -1659.4 0
-1112.3 -1662.2 0 -1112.3 -1662.2 0
-1108.2 -1664.9 0 -1108.2 -1664.9 0
-1104 -1667.7 0 -1104 -1667.7 0
-1099.9 -1670.4 0 -1099.9 -1670.4 0
-1095.8 -1673.1 0 -1095.8 -1673.1 0
-1091.6 -1675.8 0 -1091.6 -1675.8 0
-1087.4 -1678.5 0 -1087.4 -1678.5 0
-1083.3 -1681.2 0 -1083.3 -1681.2 0
-1079.1 -1683.9 0 -1079.1 -1683.9 0
-1074.9 -1686.6 0 -1074.9 -1686.6 0
-1070.7 -1689.2 0 -1070.7 -1689.2 0
-1066.5 -1691.9 0 -1066.5 -1691.9 0
-1062.3 -1694.5 0 -1062.3 -1694.5 0
-1058.1 -1697.2 0 -1058.1 -1697.2 0
-1053.9 -1699.8 0 -1053.9 -1699.8 0
-1049.7 -1702.4 0 -1049.7 -1702.4 0
-1045.5 -1705 0 -1045.5 -1705 0
-1041.2 -1707.6 0 -1041.2 -1707.6 0
-1037 -1710.2 0 -1037 -1710.2 0
-1032.8 -1712.7 0 -1032.8 -1712.7 0
-1028.5 -1715.3 0 -1028.5 -1715.3 0
-1024.2 -1717.8 0 -1024.2 -1717.8 0
-1020 -1720.4 0 -1020 -1720.4 0
-1015.7 -1722.9 0 -1015.7 -1722.9 0
-1011.4 -1725.4 0 -1011.4 -1725.4 0
-1007.2 -1727.9 0 -1007.2 -1727.9 0
-1002.9 -1730.4 0 -1002.9 -1730.4 0
-998.57 -1732.9 0 -998.57 -1732.9 0
-994.27 -1735.3 0 -994.27 -1735.3 0
-989.96 -1737.8 0 -989.96 -1737.8 0
-985.64 -1740.3 0 -985.64 -1740.3 0
-981.32 -1742.7 0 -981.32 -1742.7 0
-977 -1745.1 0 -977 -1745.1 0
-972.67 -1747.5 0 -972.67 -1747.5 0
-968.33 -1750 0 -968.33 -1750 0
-963.99 -1752.4 0 -963.99 -1752.4 0
-959.64 -1754.7 0 -959.64 -1754.7 0
-955.28 -1757.1 0 -955.28 -1757.1 0
-950.92 -1759.5 0 -950.92 -1759.5 0
-946.55 -1761.8 0 -946.55 -1761.8 0
-942.18 -1764.2 0 -942.18 -1764.2 0
-937.8 -1766.5 0 -937.8 -1766.5 0
-933.41 -1768.8 0 -933.41 -1768.8 0
-929.02 -1771.1 0 -929.02 -1771.1 0
-924.63 -1773.4 0 -924.63 -1773.4 0
-920.23 -1775.7 0 -920.23 -1775.7 0
-915.82 -1778 0 -915.82 -1778 0
-911.41 -1780.3 0 -911.41 -1780.3 0
-906.99 -1782.5 0 -906.99 -1782.5 0
-902.56 -1784.8 0 -902.56 -1784.8 0
-898.13 -1787 0 -898.13 -1787 0
-893.7 -1789.2 0 -893.7 -1789.2 0
-889.26 -1791.4 0 -889.26 -1791.4 0
-884.81 -1793.6 0 -884.81 -1793.6 0
-880.36 -1795.8 0 -880.36 -1795.8 0
-875.9 -1798 0 -875.9 -1798 0
-871.44 -1800.2 0 -871.44 -1800.2 0
-866.97 -1802.3 0 -866.97 -1802.3 0
-862.5 -1804.5 0 -862.5 -1804.5 0
-858.02 -1806.6 0 -858.02 -1806.6 0
-853.53 -1808.7 0 -853.53 -1808.7 0
-849.04 -1810.8 0 -849.04 -1810.8 0
-844.55 -1812.9 0 -844.55 -1812.9 0
-840.05 -1815 0 -840.05 -1815 0
-835.55 -1817.1 0 -835.55 -1817.1 0
-831.04 -1819.2 0 -831.04 -1819.2 0
-826.52 -1821.2 0 -826.52 -1821.2 0
-822 -1823.3 0 -822 -1823.3 0
-817.47 -1825.3 0 -817.47 -1825.3 0
-812.94 -1827.3 0 -812.94 -1827.3 0
-808.41 -1829.3 0 -808.41 -1829.3 0
-803.87 -1831.3 0 -803.87 -1831.3 0
-799.32 -1833.3 0 -799.32 -1833.3 0
-794.77 -1835.3 0 -794.77 -1835.3 0
-790.22 -1837.3 0 -790.22 -1837.3 0
-785.66 -1839.2 0 -785.66 -1839.2 0
-781.09 -1841.2 0 -781.09 -1841.2 0
-776.52 -1843.1 0 -776.52 -1843.1 0
-771.95 -1845 0 -771.95 -1845 0
-767.37 -1846.9 0 -767.37 -1846.9 0
-762.79 -1848.8 0 -762.79 -1848.8 0
-758.2 -1850.7 0 -758.2 -1850.7 0
-753.61 -1852.6 0 -753.61 -1852.6 0
-749.01 -1854.5 0 -749.01 -1854.5 0
-744.41 -1856.3 0 -744.41 -1856.3 0
-739.8 -1858.1 0 -739.8 -1858.1 0
-735.19 -1860 0 -735.19 -1860 0
-730.57 -1861.8 0 -730.57 -1861.8 0
-725.95 -1863.6 0 -725.95 -1863.6 0
-721.33 -1865.4 0 -721.33 -1865.4 0
-716.7 -1867.2 0 -716.7 -1867.2 0
-712.06 -1868.9 0 -712.06 -1868.9 0
-707.43 -1870.7 0 -707.43 -1870.7 0
-702.78 -1872.5 0 -702.78 -1872.5 0
-698.14 -1874.2 0 -698.14 -1874.2 0
-693.48 -1875.9 0 -693.48 -1875.9 0
-688.83 -1877.6 0 -688.83 -1877.6 0
-684.17 -1879.3 0 -684.17 -1879.3 0
-679.51 -1881 0 -679.51 -1881 0
-674.84 -1882.7 0 -674.84 -1882.7 0
-670.17 -1884.4 0 -670.17 -1884.4 0
-665.49 -1886 0 -665.49 -1886 0
-660.81 -1887.7 0 -660.81 -1887.7 0
-656.12 -1889.3 0 -656.12 -1889.3 0
-651.44 -1890.9 0 -651.44 -1890.9 0
-646.74 -1892.5 0 -646.74 -1892.5 0
-642.05 -1894.1 0 -642.05 -1894.1 0
-637.35 -1895.7 0 -637.35 -1895.7 0
-632.64 -1897.3 0 -632.64 -1897.3 0
-627.93 -1898.9 0 -627.93 -1898.9 0
-623.22 -1900.4 0 -623.22 -1900.4 0
-618.51 -1902 0 -618.51 -1902 0
-613.79 -1903.5 0 -613.79 -1903.5 0
-609.06 -1905 0 -609.06 -1905 0
-604.34 -1906.5 0 -604.34 -1906.5 0
-599.6 -1908 0 -599.6 -1908 0
-594.87 -1909.5 0 -594.87 -1909.5 0
-590.13 -1911 0 -590.13 -1911 0
-585.39 -1912.4 0 -585.39 -1912.4 0
-580.64 -1913.9 0 -580.64 -1913.9 0
-575.89 -1915.3 0 -575.89 -1915.3 0
-571.14 -1916.7 0 -571.14 -1916.7 0
-566.39 -1918.1 0 -566.39 -1918.1 0
-561.63 -1919.5 0 -561.63 -1919.5 0
-556.86 -1920.9 0 -556.86 -1920.9 0
-552.1 -1922.3 0 -552.1 -1922.3 0
-547.33 -1923.7 0 -547.33 -1923.7 0
-542.55 -1925 0 -542.55 -1925 0
-537.78 -1926.3 0 -537.78 -1926.3 0
-533 -1927.7 0 -533 -1927.7 0
-528.21 -1929 0 -528.21 -1929 0
-523.43 -1930.3 0 -523.43 -1930.3 0
-518.64 -1931.6 0 -518.64 -1931.6 0
-513.84 -1932.9 0 -513.84 -1932.9 0
-509.05 -1934.1 0 -509.05 -1934.1 0
-504.25 -1935.4 0 -504.25 -1935.4 0
-499.45 -1936.6 0 -499.45 -1936.6 0
-494.64 -1937.9 0 -494.64 -1937.9 0
-489.83 -1939.1 0 -489.83 -1939.1 0
-485.02 -1940.3 0 -485.02 -1940.3 0
-480.21 -1941.5 0 -480.21 -1941.5 0
-475.39 -1942.7 0 -475.39 -1942.7 0
-470.57 -1943.9 0 -470.57 -1943.9 0
-465.74 -1945 0 -465.74 -1945 0
-460.92 -1946.2 0 -460.92 -1946.2 0
-456.09 -1947.3 0 -456.09 -1947.3 0
-451.26 -1948.4 0 -451.26 -1948.4 0
-446.42 -1949.5 0 -446.42 -1949.5 0
-441.59 -1950.6 0 -441.59 -1950.6 0
-436.75 -1951.7 0 -436.75 -1951.7 0
-431.9 -1952.8 0 -431.9 -1952.8 0
-427.06 -1953.9 0 -427.06 -1953.9 0
-422.21 -1954.9 0 -422.21 -1954.9 0
-417.36 -1956 0 -417.36 -1956 0
-412.51 -1957 0 -412.51 -1957 0
-407.65 -1958 0 -407.65 -1958 0
-402.79 -1959 0 -402.79 -1959 0
-397.93 -1960 0 -397.93 -1960 0
-393.07 -1961 0 -393.07 -1961 0
-388.2 -1962 0 -388.2 -1962 0
-383.34 -1962.9 0 -383.34 -1962.9 0
-378.47 -1963.9 0 -378.47 -1963.9 0
-373.59 -1964.8 0 -373.59 -1964.8 0
-368.72 -1965.7 0 -368.72 -1965.7 0
-363.84 -1966.6 0 -363.84 -1966.6 0
-358.96 -1967.5 0 -358.96 -1967.5 0
-354.08 -1968.4 0 -354.08 -1968.4 0
-349.2 -1969.3 0 -349.2 -1969.3 0
-344.31 -1970.1 0 -344.31 -1970.1 0
-339.42 -1971 0 -339.42 -1971 0
-334.53 -1971.8 0 -334.53 -1971.8 0
-329.64 -1972.6 0 -329.64 -1972.6 0
-324.75 -1973.5 0 -324.75 -1973.5 0
-319.85 -1974.3 0 -319.85 -1974.3 0
-314.95 -1975 0 -314.95 -1975 0
-310.05 -1975.8 0 -310.05 -1975.8 0
-305.15 -1976.6 0 -305.15 -1976.6 0
-300.25 -1977.3 0 -300.25 -1977.3 0
-295.34 -1978.1 0 -295.34 -1978.1 0
-290.43 -1978.8 0 -290.43 -1978.8 0
-285.52 -1979.5 0 -285.52 -1979.5 0
-280.61 -1980.2 0 -280.61 -1980.2 0
-275.7 -1980.9 0 -275.7 -1980.9 0
-270.78 -1981.6 0 -270.78 -1981.6 0
-265.87 -1982.2 0 -265.87 -1982.2 0
-260.95 -1982.9 0 -260.95 -1982.9 0
-256.03 -1983.5 0 -256.03 -1983.5 0
-251.11 -1984.2 0 -251.11 -1984.2 0
-246.19 -1984.8 0 -246.19 -1984.8 0
-241.26 -1985.4 0 -241.26 -1985.4 0
-236.34 -1986 0 -236.34 -1986 0
-231.41 -1986.6 0 -231.41 -1986.6 0
-226.48 -1987.1 0 -226.48 -1987.1 0
-221.55 -1987.7 0 -221.55 -1987.7 0
-216.62 -1988.2 0 -216.62 -1988.2 0
-211.69 -1988.8 0 -211.69 -1988.8 0
-206.75 -1989.3 0 -206.75 -1989.3 0
-201.82 -1989.8 0 -201.82 -1989.8 0
-196.88 -1990.3 0 -196.88 -1990.3 0
-191.95 -1990.8 0 -191.95 -1990.8 0
-187.01 -1991.2 0 -187.01 -1991.2 0
-182.07 -1991.7 0 -182.07 -1991.7 0
-177.13 -1992.1 0 -177.13 -1992.1 0
-172.18 -1992.6 0 -172.18 -1992.6 0
-167.24 -1993 0 -167.24 -1993 0
-162.3 -1993.4 0 -162.3 -1993.4 0
-157.35 -1993.8 0 -157.35 -1993.8 0
-152.4 -1994.2 0 -152.4 -1994.2 0
-147.46 -1994.6 0 -147.46 -1994.6 0
-142.51 -1994.9 0 -142.51 -1994.9 0
-137.56 -1995.3 0 -137.56 -1995.3 0
-132.61 -1995.6 0 -132.61 -1995.6 0
-127.66 -1995.9 0 -127.66 -1995.9 0
-122.71 -1996.2 0 -122.71 -1996.2 0
-117.76 -1996.5 0 -117.76 -1996.5 0
-112.8 -1996.8 0 -112.8 -1996.8 0
-107.85 -1997.1 0 -107.85 -1997.1 0
-102.9 -1997.4 0 -102.9 -1997.4 0
-97.942 -1997.6 0 -97.942 -1997.6 0
-92.986 -1997.8 0 -92.986 -1997.8 0
-88.03 -1998.1 0 -88.03 -1998.1 0
-83.074 -1998.3 0 -83.074 -1998.3 0
-78.117 -1998.5 0 -78.117 -1998.5 0
-73.159 -1998.7 0 -73.159 -1998.7 0
-68.201 -1998.8 0 -68.201 -1998.8 0
-63.243 -1999 0 -63.243 -1999 0
-58.284 -1999.2 0 -58.284 -1999.2 0
-53.325 -1999.3 0 -53.325 -1999.3 0
-48.366 -1999.4 0 -48.366 -1999.4 0
-43.406 -1999.5 0 -43.406 -1999.5 0
-38.446 -1999.6 0 -38.446 -1999.6 0
-33.486 -1999.7 0 -33.486 -1999.7 0
-28.525 -1999.8 0 -28.525 -1999.8 0
-23.565 -1999.9 0 -23.565 -1999.9 0
-18.604 -1999.9 0 -18.604 -1999.9 0
-13.643 -2000 0 -13.643 -2000 0
-8.6818 -2000 0 -8.6818 -2000 0
-3.7208 -2000 0 -3.7208 -2000 0
1.2403 -2000 0 1.2403 -2000 0
6.2013 -2000 0 6.2013 -2000 0
11.162 -2000 0 11.162 -2000 0
16.123 -1999.9 0 16.123 -1999.9 0
21.084 -1999.9 0 21.084 -1999.9 0
26.045 -1999.8 0 26.045 -1999.8 0
31.005 -1999.8 0 31.005 -1999.8 0
35.966 -1999.7 0 35.966 -1999.7 0
40.926 -1999.6 0 40.926 -1999.6 0
45.886 -1999.5 0 45.886 -1999.5 0
50.845 -1999.4 0 50.845 -1999.4 0
55.805 -1999.2 0 55.805 -1999.2 0
60.764 -1999.1 0 60.764 -1999.1 0
65.722 -1998.9 0 65.722 -1998.9 0
70.68 -1998.8 0 70.68 -1998.8 0
75.638 -1998.6 0 75.638 -1998.6 0
80.595 -1998.4 0 80.595 -1998.4 0
85.552 -1998.2 0 85.552 -1998.2 0
90.508 -1998 0 90.508 -1998 0
95.464 -1997.7 0 95.464 -1997.7 0
100.42 -1997.5 0 100.42 -1997.5 0
105.37 -1997.2 0 105.37 -1997.2 0
110.33 -1997 0 110.33 -1997 0
115.28 -1996.7 0 115.28 -1996.7 0
120.23 -1996.4 0 120.23 -1996.4 0
125.18 -1996.1 0 125.18 -1996.1 0
130.14 -1995.8 0 130.14 -1995.8 0
135.09 -1995.4 0 135.09 -1995.4 0
140.04 -1995.1 0 140.04 -1995.1 0
144.98 -1994.7 0 144.98 -1994.7 0
149.93 -1994.4 0 149.93 -1994.4 0
154.88 -1994 0 154.88 -1994 0
159.82 -1993.6 0 159.82 -1993.6 0
164.77 -1993.2 0 164.77 -1993.2 0
169.71 -1992.8 0 169.71 -1992.8 0
174.65 -1992.4 0 174.65 -1992.4 0
179.6 -1991.9 0 179.6 -1991.9 0
184.54 -1991.5 0 184.54 -1991.5 0
189.48 -1991 0 189.48 -1991 0
194.41 -1990.5 0 194.41 -1990.5 0
199.35 -1990 0 199.35 -1990 0
204.29 -1989.5 0 204.29 -1989.5 0
209.22 -1989 0 209.22 -1989 0
214.15 -1988.5 0 214.15 -1988.5 0
219.09 -1988 0 219.09 -1988 0
224.02 -1987.4 0 224.02 -1987.4 0
228.95 -1986.9 0 228.95 -1986.9 0
233.87 -1986.3 0 233.87 -1986.3 0
238.8 -1985.7 0 238.8 -1985.7 0
243.73 -1985.1 0 243.73 -1985.1 0
248.65 -1984.5 0 248.65 -1984.5 0
253.57 -1983.9 0 253.57 -1983.9 0
258.49 -1983.2 0 258.49 -1983.2 0
263.41 -1982.6 0 263.41 -1982.6 0
268.33 -1981.9 0 268.33 -1981.9 0
273.24 -1981.2 0 273.24 -1981.2 0
278.16 -1980.6 0 278.16 -1980.6 0
283.07 -1979.9 0 283.07 -1979.9 0
287.98 -1979.2 0 287.98 -1979.2 0
292.89 -1978.4 0 292.89 -1978.4 0
297.79 -1977.7 0 297.79 -1977.7 0
302.7 -1977 0 302.7 -1977 0
307.6 -1976.2 0 307.6 -1976.2 0
312.5 -1975.4 0 312.5 -1975.4 0
317.4 -1974.7 0 317.4 -1974.7 0
322.3 -1973.9 0 322.3 -1973.9 0
327.19 -1973.1 0 327.19 -1973.1 0
332.09 -1972.2 0 332.09 -1972.2 0
336.98 -1971.4 0 336.98 -1971.4 0
341.87 -1970.6 0 341.87 -1970.6 0
346.75 -1969.7 0 346.75 -1969.7 0
351.64 -1968.8 0 351.64 -1968.8 0
356.52 -1968 0 356.52 -1968 0
361.4 -1967.1 0 361.4 -1967.1 0
366.28 -1966.2 0 366.28 -1966.2 0
371.16 -1965.3 0 371.16 -1965.3 0
376.03 -1964.3 0 376.03 -1964.3 0
380.9 -1963.4 0 380.9 -1963.4 0
385.77 -1962.4 0 385.77 -1962.4 0
390.64 -1961.5 0 390.64 -1961.5 0
395.5 -1960.5 0 395.5 -1960.5 0
400.36 -1959.5 0 400.36 -1959.5 0
405.22 -1958.5 0 405.22 -1958.5 0
410.08 -1957.5 0 410.08 -1957.5 0
414.93 -1956.5 0 414.93 -1956.5 0
419.79 -1955.4 0 419.79 -1955.4 0
424.63 -1954.4 0 424.63 -1954.4 0
429.48 -1953.3 0 429.48 -1953.3 0
434.33 -1952.3 0 434.33 -1952.3 0
439.17 -1951.2 0 439.17 -1951.2 0
444.01 -1950.1 0 444.01 -1950.1 0
448.84 -1949 0 448.84 -1949 0
453.67 -1947.9 0 453.67 -1947.9 0
458.5 -1946.7 0 458.5 -1946.7 0
463.33 -1945.6 0 463.33 -1945.6 0
468.16 -1944.4 0 468.16 -1944.4 0
472.98 -1943.3 0 472.98 -1943.3 0
477.8 -1942.1 0 477.8 -1942.1 0
482.61 -1940.9 0 482.61 -1940.9 0
487.43 -1939.7 0 487.43 -1939.7 0
492.24 -1938.5 0 492.24 -1938.5 0
497.04 -1937.3 0 497.04 -1937.3 0
501.85 -1936 0 501.85 -1936 0
506.65 -1934.8 0 506.65 -1934.8 0
511.45 -1933.5 0 511.45 -1933.5 0
516.24 -1932.2 0 516.24 -1932.2 0
521.03 -1930.9 0 521.03 -1930.9 0
525.82 -1929.6 0 525.82 -1929.6 0
530.6 -1928.3 0 530.6 -1928.3 0
535.39 -1927 0 535.39 -1927 0
540.16 -1925.7 0 540.16 -1925.7 0
544.94 -1924.3 0 544.94 -1924.3 0
549.71 -1923 0 549.71 -1923 0
554.48 -1921.6 0 554.48 -1921.6 0
559.24 -1920.2 0 559.24 -1920.2 0
564.01 -1918.8 0 564.01 -1918.8 0
568.76 -1917.4 0 568.76 -1917.4 0
573.52 -1916 0 573.52 -1916 0
578.27 -1914.6 0 578.27 -1914.6 0
583.02 -1913.1 0 583.02 -1913.1 0
587.76 -1911.7 0 587.76 -1911.7 0
592.5 -1910.2 0 592.5 -1910.2 0
597.24 -1908.7 0 597.24 -1908.7 0
601.97 -1907.3 0 601.97 -1907.3 0
606.7 -1905.8 0 606.7 -1905.8 0
611.42 -1904.2 0 611.42 -1904.2 0
616.15 -1902.7 0 616.15 -1902.7 0
620.86 -1901.2 0 620.86 -1901.2 0
625.58 -1899.6 0 625.58 -1899.6 0
630.29 -1898.1 0 630.29 -1898.1 0
634.99 -1896.5 0 634.99 -1896.5 0
639.7 -1894.9 0 639.7 -1894.9 0
644.4 -1893.3 0 644.4 -1893.3 0
649.09 -1891.7 0 649.09 -1891.7 0
653.78 -1890.1 0 653.78 -1890.1 0
658.47 -1888.5 0 658.47 -1888.5 0
663.15 -1886.9 0 663.15 -1886.9 0
667.83 -1885.2 0 667.83 -1885.2 0
672.5 -1883.5 0 672.5 -1883.5 0
677.17 -1881.9 0 677.17 -1881.9 0
681.84 -1880.2 0 681.84 -1880.2 0
686.5 -1878.5 0 686.5 -1878.5 0
691.16 -1876.8 0 691.16 -1876.8 0
695.81 -1875.1 0 695.81 -1875.1 0
700.46 -1873.3 0 700.46 -1873.3 0
705.1 -1871.6 0 705.1 -1871.6 0
709.74 -1869.8 0 709.74 -1869.8 0
714.38 -1868.1 0 714.38 -1868.1 0
719.01 -1866.3 0 719.01 -1866.3 0
723.64 -1864.5 0 723.64 -1864.5 0
728.26 -1862.7 0 728.26 -1862.7 0
732.88 -1860.9 0 732.88 -1860.9 0
737.49 -1859.1 0 737.49 -1859.1 0
742.1 -1857.2 0 742.1 -1857.2 0
746.71 -1855.4 0 746.71 -1855.4 0
751.31 -1853.5 0 751.31 -1853.5 0
755.9 -1851.7 0 755.9 -1851.7 0
760.49 -1849.8 0 760.49 -1849.8 0
765.08 -1847.9 0 765.08 -1847.9 0
769.66 -1846 0 769.66 -1846 0
774.24 -1844.1 0 774.24 -1844.1 0
778.81 -1842.1 0 778.81 -1842.1 0
783.38 -1840.2 0 783.38 -1840.2 0
787.94 -1838.2 0 787.94 -1838.2 0
792.5 -1836.3 0 792.5 -1836.3 0
797.05 -1834.3 0 797.05 -1834.3 0
801.6 -1832.3 0 801.6 -1832.3 0
806.14 -1830.3 0 806.14 -1830.3 0
810.68 -1828.3 0 810.68 -1828.3 0
815.21 -1826.3 0 815.21 -1826.3 0
819.74 -1824.3 0 819.74 -1824.3 0
824.26 -1822.2 0 824.26 -1822.2 0
828.78 -1820.2 0 828.78 -1820.2 0
833.29 -1818.1 0 833.29 -1818.1 0
837.8 -1816.1 0 837.8 -1816.1 0
842.3 -1814 0 842.3 -1814 0
846.8 -1811.9 0 846.8 -1811.9 0
851.29 -1809.8 0 851.29 -1809.8 0
855.78 -1807.7 0 855.78 -1807.7 0
860.26 -1805.5 0 860.26 -1805.5 0
864.73 -1803.4 0 864.73 -1803.4 0
869.2 -1801.2 0 869.2 -1801.2 0
873.67 -1799.1 0 873.67 -1799.1 0
878.13 -1796.9 0 878.13 -1796.9 0
882.58 -1794.7 0 882.58 -1794.7 0
887.03 -1792.5 0 887.03 -1792.5 0
891.48 -1790.3 0 891.48 -1790.3 0
895.91 -1788.1 0 895.91 -1788.1 0
900.35 -1785.9 0 900.35 -1785.9 0
904.77 -1783.6 0 904.77 -1783.6 0
909.2 -1781.4 0 909.2 -1781.4 0
913.61 -1779.1 0 913.61 -1779.1 0
918.02 -1776.9 0 918.02 -1776.9 0
922.43 -1774.6 0 922.43 -1774.6 0
926.83 -1772.3 0 926.83 -1772.3 0
931.22 -1770 0 931.22 -1770 0
935.61 -1767.7 0 935.61 -1767.7 0
939.99 -1765.3 0 939.99 -1765.3 0
944.37 -1763 0 944.37 -1763 0
948.74 -1760.7 0 948.74 -1760.7 0
953.1 -1758.3 0 953.1 -1758.3 0
957.46 -1755.9 0 957.46 -1755.9 0
961.81 -1753.5 0 961.81 -1753.5 0
966.16 -1751.2 0 966.16 -1751.2 0
970.5 -1748.8 0 970.5 -1748.8 0
974.83 -1746.3 0 974.83 -1746.3 0
979.16 -1743.9 0 979.16 -1743.9 0
983.49 -1741.5 0 983.49 -1741.5 0
987.8 -1739 0 987.8 -1739 0
992.11 -1736.6 0 992.11 -1736.6 0
996.42 -1734.1 0 996.42 -1734.1 0
1000.7 -1731.6 0 1000.7 -1731.6 0
1005 -1729.1 0 1005 -1729.1 0
1009.3 -1726.7 0 1009.3 -1726.7 0
1013.6 -1724.1 0 1013.6 -1724.1 0
1017.8 -1721.6 0 1017.8 -1721.6 0
1022.1 -1719.1 0 1022.1 -1719.1 0
1026.4 -1716.6 0 1026.4 -1716.6 0
1030.6 -1714 0 1030.6 -1714 0
1034.9 -1711.4 0 1034.9 -1711.4 0
1039.1 -1708.9 0 1039.1 -1708.9 0
1043.4 -1706.3 0 1043.4 -1706.3 0
1047.6 -1703.7 0 1047.6 -1703.7 0
1051.8 -1701.1 0 1051.8 -1701.1 0
1056 -1698.5 0 1056 -1698.5 0
1060.2 -1695.8 0 1060.2 -1695.8 0
1064.4 -1693.2 0 1064.4 -1693.2 0
1068.6 -1690.6 0 1068.6 -1690.6 0
1072.8 -1687.9 0 1072.8 -1687.9 0
1077 -1685.2 0 1077 -1685.2 0
1081.2 -1682.6 0 1081.2 -1682.6 0
1085.4 -1679.9 0 1085.4 -1679.9 0
1089.5 -1677.2 0 1089.5 -1677.2 0
1093.7 -1674.5 0 1093.7 -1674.5 0
1097.8 -1671.8 0 1097.8 -1671.8 0
1102 -1669 0 1102 -1669 0
1106.1 -1666.3 0 1106.1 -1666.3 0
1110.2 -1663.5 0 1110.2 -1663.5 0
1114.4 -1660.8 0 1114.4 -1660.8 0
1118.5 -1658 0 1118.5 -1658 0
1122.6 -1655.2 0 1122.6 -1655.2 0
1126.7 -1652.4 0 1126.7 -1652.4 0
1130.8 -1649.6 0 1130.8 -1649.6 0
1134.9 -1646.8 0 1134.9 -1646.8 0
1139 -1644 0 1139 -1644 0
1143 -1641.2 0 1143 -1641.2 0
1147.1 -1638.3 0 1147.1 -1638.3 0
1151.2 -1635.5 0 1151.2 -1635.5 0
1155.2 -1632.6 0 1155.2 -1632.6 0
1159.3 -1629.8 0 1159.3 -1629.8 0
1163.3 -1626.9 0 1163.3 -1626.9 0
1167.3 -1624 0 1167.3 -1624 0
1171.4 -1621.1 0 1171.4 -1621.1 0
1175.4 -1618.2 0 1175.4 -1618.2 0
1179.4 -1615.3 0 1179.4 -1615.3 0
1183.4 -1612.3 0 1183.4 -1612.3 0
1187.4 -1609.4 0 1187.4 -1609.4 0
1191.4 -1606.4 0 1191.4 -1606.4 0
1195.3 -1603.5 0 1195.3 -1603.5 0
1199.3 -1600.5 0 1199.3 -1600.5 0
1203.3 -1597.5 0 1203.3 -1597.5 0
1207.2 -1594.5 0 1207.2 -1594.5 0
1211.2 -1591.5 0 1211.2 -1591.5 0
1215.1 -1588.5 0 1215.1 -1588.5 0
1219.1 -1585.5 0 1219.1 -1585.5 0
1223 -1582.5 0 1223 -1582.5 0
1226.9 -1579.4 0 1226.9 -1579.4 0
1230.8 -1576.4 0 1230.8 -1576.4 0
1234.8 -1573.3 0 1234.8 -1573.3 0
1238.7 -1570.3 0 1238.7 -1570.3 0
1242.5 -1567.2 0 1242.5 -1567.2 0
1246.4 -1564.1 0 1246.4 -1564.1 0
1250.3 -1561 0 1250.3 -1561 0
1254.2 -1557.9 0 1254.2 -1557.9 0
1258 -1554.8 0 1258 -1554.8 0
1261.9 -1551.7 0 1261.9 -1551.7 0
1265.7 -1548.5 0 1265.7 -1548.5 0
1269.6 -1545.4 0 1269.6 -1545.4 0
1273.4 -1542.2 0 1273.4 -1542.2 0
1277.2 -1539.1 0 1277.2 -1539.1 0
1281 -1535.9 0 1281 -1535.9 0
1284.8 -1532.7 0 1284.8 -1532.7 0
1288.6 -1529.5 0 1288.6 -1529.5 0
1292.4 -1526.3 0 1292.4 -1526.3 0
1296.2 -1523.1 0 1296.2 -1523.1 0
1300 -1519.9 0 1300 -1519.9 0
1303.7 -1516.7 0 1303.7 -1516.7 0
1307.5 -1513.4 0 1307.5 -1513.4 0
1311.3 -1510.2 0 1311.3 -1510.2 0
1315 -1506.9 0 1315 -1506.9 0
1318.7 -1503.6 0 1318.7 -1503.6 0
1322.5 -1500.4 0 1322.5 -1500.4 0
1326.2 -1497.1 0 1326.2 -1497.1 0
1329.9 -1493.8 0 1329.9 -1493.8 0
1333.6 -1490.5 0 1333.6 -1490.5 0
1337.3 -1487.2 0 1337.3 -1487.2 0
1341 -1483.9 0 1341 -1483.9 0
1344.6 -1480.5 0 1344.6 -1480.5 0
1348.3 -1477.2 0 1348.3 -1477.2 0
1352 -1473.8 0 1352 -1473.8 0
1355.6 -1470.5 0 1355.6 -1470.5 0
1359.3 -1467.1 0 1359.3 -1467.1 0
1362.9 -1463.7 0 1362.9 -1463.7 0
1366.5 -1460.3 0 1366.5 -1460.3 0
1370.1 -1457 0 1370.1 -1457 0
1373.8 -1453.5 0 1373.8 -1453.5 0
1377.4 -1450.1 0 1377.4 -1450.1 0
1380.9 -1446.7 0 1380.9 -1446.7 0
1384.5 -1443.3 0 1384.5 -1443.3 0
1388.1 -1439.8 0 1388.1 -1439.8 0
1391.7 -1436.4 0 1391.7 -1436.4 0
1395.2 -1432.9 0 1395.2 -1432.9 0
1398.8 -1429.5 0 1398.8 -1429.5 0
1402.3 -1426 0 1402.3 -1426 0
1405.9 -1422.5 0 1405.9 -1422.5 0
1409.4 -1419 0 1409.4 -1419 0
1412.9 -1415.5 0 1412.9 -1415.5 0
1416.4 -1412 0 1416.4 -1412 0
1419.9 -1408.5 0 1419.9 -1408.5 0
1423.4 -1405 0 1423.4 -1405 0
1426.9 -1401.4 0 1426.9 -1401.4 0
1430.3 -1397.9 0 1430.3 -1397.9 0
1433.8 -1394.3 0 1433.8 -1394.3 0
1437.3 -1390.8 0 1437.3 -1390.8 0
1440.7 -1387.2 0 1440.7 -1387.2 0
1444.1 -1383.6 0 1444.1 -1383.6 0
1447.6 -1380 0 1447.6 -1380 0
1451 -1376.5 0 1451 -1376.5 0
1454.4 -1372.9 0 1454.4 -1372.9 0
1457.8 -1369.2 0 1457.8 -1369.2 0
1461.2 -1365.6 0 1461.2 -1365.6 0
1464.6 -1362 0 1464.6 -1362 0
1468 -1358.4 0 1468 -1358.4 0
1471.3 -1354.7 0 1471.3 -1354.7 0
1474.7 -1351.1 0 1474.7 -1351.1 0
1478 -1347.4 0 1478 -1347.4 0
1481.4 -1343.7 0 1481.4 -1343.7 0
1484.7 -1340 0 1484.7 -1340 0
1488 -1336.4 0 1488 -1336.4 0
1491.3 -1332.7 0 1491.3 -1332.7 0
1494.6 -1329 0 1494.6 -1329 0
1497.9 -1325.2 0 1497.9 -1325.2 0
1501.2 -1321.5 0 1501.2 -1321.5 0
1504.5 -1317.8 0 1504.5 -1317.8 0
1507.7 -1314.1 0 1507.7 -1314.1 0
1511 -1310.3 0 1511 -1310.3 0
1514.2 -1306.6 0 1514.2 -1306.6 0
1517.5 -1302.8 0 1517.5 -1302.8 0
1520.7 -1299 0 1520.7 -1299 0
1523.9 -1295.3 0 1523.9 -1295.3 0
1527.1 -1291.5 0 1527.1 -1291.5 0
1530.3 -1287.7 0 1530.3 -1287.7 0
1533.5 -1283.9 0 1533.5 -1283.9 0
1536.7 -1280.1 0 1536.7 -1280.1 0
1539.9 -1276.3 0 1539.9 -1276.3 0
1543 -1272.4 0 1543 -1272.4 0
1546.2 -1268.6 0 1546.2 -1268.6 0
1549.3 -1264.8 0 1549.3 -1264.8 0
1552.4 -1260.9 0 1552.4 -1260.9 0
1555.6 -1257.1 0 1555.6 -1257.1 0
1558.7 -1253.2 0 1558.7 -1253.2 0
1561.8 -1249.3 0 1561.8 -1249.3 0
1564.9 -1245.5 0 1564.9 -1245.5 0
1568 -1241.6 0 1568 -1241.6 0
1571 -1237.7 0 1571 -1237.7 0
1574.1 -1233.8 0 1574.1 -1233.8 0
1577.2 -1229.9 0 1577.2 -1229.9 0
1580.2 -1226 0 1580.2 -1226 0
1583.2 -1222 0 1583.2 -1222 0
1586.3 -1218.1 0 1586.3 -1218.1 0
1589.3 -1214.2 0 1589.3 -1214.2 0
1592.3 -1210.2 0 1592.3 -1210.2 0
1595.3 -1206.3 0 1595.3 -1206.3 0
1598.3 -1202.3 0 1598.3 -1202.3 0
1601.3 -1198.3 0 1601.3 -1198.3 0
1604.2 -1194.4 0 1604.2 -1194.4 0
1607.2 -1190.4 0 1607.2 -1190.4 0
1610.1 -1186.4 0 1610.1 -1186.4 0
1613.1 -1182.4 0 1613.1 -1182.4 0
1616 -1178.4 0 1616 -1178.4 0
1618.9 -1174.4 0 1618.9 -1174.4 0
1621.8 -1170.3 0 1621.8 -1170.3 0
1624.7 -1166.3 0 1624.7 -1166.3 0
1627.6 -1162.3 0 1627.6 -1162.3 0
1630.5 -1158.2 0 1630.5 -1158.2 0
1633.3 -1154.2 0 1633.3 -1154.2 0
1636.2 -1150.1 0 1636.2 -1150.1 0
1639.1 -1146.1 0 1639.1 -1146.1 0
1641.9 -1142 0 1641.9 -1142 0
1644.7 -1137.9 0 1644.7 -1137.9 0
1647.5 -1133.9 0 1647.5 -1133.9 0
1650.3 -1129.8 0 1650.3 -1129.8 0
1653.1 -1125.7 0 1653.1 -1125.7 0
1655.9 -1121.6 0 1655.9 -1121.6 0
1658.7 -1117.4 0 1658.7 -1117.4 0
1661.5 -1113.3 0 1661.5 -1113.3 0
1664.2 -1109.2 0 1664.2 -1109.2 0
1667 -1105.1 0 1667 -1105.1 0
1669.7 -1100.9 0 1669.7 -1100.9 0
1672.4 -1096.8 0 1672.4 -1096.8 0
1675.2 -1092.6 0 1675.2 -1092.6 0
1677.9 -1088.5 0 1677.9 -1088.5 0
1680.6 -1084.3 0 1680.6 -1084.3 0
1683.2 -1080.1 0 1683.2 -1080.1 0
1685.9 -1076 0 1685.9 -1076 0
1688.6 -1071.8 0 1688.6 -1071.8 0
1691.2 -1067.6 0 1691.2 -1067.6 0
1693.9 -1063.4 0 1693.9 -1063.4 0
1696.5 -1059.2 0 1696.5 -1059.2 0
1699.1 -1055 0 1699.1 -1055 0
1701.7 -1050.8 0 1701.7 -1050.8 0
1704.3 -1046.5 0 1704.3 -1046.5 0
1706.9 -1042.3 0 1706.9 -1042.3 0
1709.5 -1038.1 0 1709.5 -1038.1 0
1712.1 -1033.8 0 1712.1 -1033.8 0
1714.6 -1029.6 0 1714.6 -1029.6 0
1717.2 -1025.3 0 1717.2 -1025.3 0
1719.7 -1021 0 1719.7 -1021 0
1722.3 -1016.8 0 1722.3 -1016.8 0
1724.8 -1012.5 0 1724.8 -1012.5 0
1727.3 -1008.2 0 1727.3 -1008.2 0
1729.8 -1003.9 0 1729.8 -1003.9 0
1732.3 -999.64 0 1732.3 -999.64 0
1734.7 -995.34 0 1734.7 -995.34 0
1737.2 -991.04 0 1737.2 -991.04 0
1739.6 -986.72 0 1739.6 -986.72 0
1742.1 -982.41 0 1742.1 -982.41 0
1744.5 -978.08 0 1744.5 -978.08 0
1746.9 -973.75 0 1746.9 -973.75 0
1749.4 -969.41 0 1749.4 -969.41 0
1751.8 -965.07 0 1751.8 -965.07 0
1754.1 -960.72 0 1754.1 -960.72 0
1756.5 -956.37 0 1756.5 -956.37 0
1758.9 -952.01 0 1758.9 -952.01 0
1761.2 -947.64 0 1761.2 -947.64 0
1763.6 -943.27 0 1763.6 -943.27 0
1765.9 -938.89 0 1765.9 -938.89 0
1768.2 -934.51 0 1768.2 -934.51 0
1770.6 -930.12 0 1770.6 -930.12 0
1772.9 -925.73 0 1772.9 -925.73 0
1775.1 -921.33 0 1775.1 -921.33 0
1777.4 -916.92 0 1777.4 -916.92 0
1779.7 -912.51 0 1779.7 -912.51 0
1782 -908.09 0 1782 -908.09 0
1784.2 -903.67 0 1784.2 -903.67 0
1786.4 -899.24 0 1786.4 -899.24 0
1788.7 -894.81 0 1788.7 -894.81 0
1790.9 -890.37 0 1790.9 -890.37 0
1793.1 -885.92 0 1793.1 -885.92 0
1795.3 -881.47 0 1795.3 -881.47 0
1797.5 -877.01 0 1797.5 -877.01 0
1799.6 -872.55 0 1799.6 -872.55 0
1801.8 -868.09 0 1801.8 -868.09 0
1803.9 -863.61 0 1803.9 -863.61 0
1806.1 -859.14 0 1806.1 -859.14 0
1808.2 -854.65 0 1808.2 -854.65 0
1810.3 -850.17 0 1810.3 -850.17 0
1812.4 -845.67 0 1812.4 -845.67 0
1814.5 -841.18 0 1814.5 -841.18 0
1816.6 -836.67 0 1816.6 -836.67 0
1818.7 -832.16 0 1818.7 -832.16 0
1820.7 -827.65 0 1820.7 -827.65 0
1822.8 -823.13 0 1822.8 -823.13 0
1824.8 -818.61 0 1824.8 -818.61 0
1826.8 -814.08 0 1826.8 -814.08 0
1828.8 -809.54 0 1828.8 -809.54 0
1830.8 -805 0 1830.8 -805 0
1832.8 -800.46 0 1832.8 -800.46 0
1834.8 -795.91 0 1834.8 -795.91 0
1836.8 -791.36 0 1836.8 -791.36 0
1838.7 -786.8 0 1838.7 -786.8 0
1840.7 -782.24 0 1840.7 -782.24 0
1842.6 -777.67 0 1842.6 -777.67 0
1844.5 -773.09 0 1844.5 -773.09 0
1846.5 -768.52 0 1846.5 -768.52 0
1848.4 -763.93 0 1848.4 -763.93 0
1850.2 -759.35 0 1850.2 -759.35 0
1852.1 -754.76 0 1852.1 -754.76 0
1854 -750.16 0 1854 -750.16 0
1855.8 -745.56 0 1855.8 -745.56 0
1857.7 -740.95 0 1857.7 -740.95 0
1859.5 -736.34 0 1859.5 -736.34 0
1861.3 -731.73 0 1861.3 -731.73 0
1863.1 -727.11 0 1863.1 -727.11 0
1864.9 -722.48 0 1864.9 -722.48 0
1866.7 -717.86 0 1866.7 -717.86 0
1868.5 -713.22 0 1868.5 -713.22 0
1870.3 -708.59 0 1870.3 -708.59 0
1872 -703.94 0 1872 -703.94 0
1873.8 -699.3 0 1873.8 -699.3 0
1875.5 -694.65 0 1875.5 -694.65 0
1877.2 -689.99 0 1877.2 -689.99 0
1878.9 -685.34 0 1878.9 -685.34 0
1880.6 -680.67 0 1880.6 -680.67 0
1882.3 -676.01 0 1882.3 -676.01 0
1884 -671.33 0 1884 -671.33 0
1885.6 -666.66 0 1885.6 -666.66 0
1887.3 -661.98 0 1887.3 -661.98 0
1888.9 -657.3 0 1888.9 -657.3 0
1890.5 -652.61 0 1890.5 -652.61 0
1892.1 -647.92 0 1892.1 -647.92 0
1893.7 -643.22 0 1893.7 -643.22 0
1895.3 -638.52 0 1895.3 -638.52 0
1896.9 -633.82 0 1896.9 -633.82 0
1898.5 -629.11 0 1898.5 -629.11 0
1900 -624.4 0 1900 -624.4 0
1901.6 -619.69 0 1901.6 -619.69 0
1903.1 -614.97 0 1903.1 -614.97 0
1904.6 -610.24 0 1904.6 -610.24 0
1906.1 -605.52 0 1906.1 -605.52 0
1907.6 -600.79 0 1907.6 -600.79 0
1909.1 -596.05 0 1909.1 -596.05 0
1910.6 -591.32 0 1910.6 -591.32 0
1912 -586.57 0 1912 -586.57 0
1913.5 -581.83 0 1913.5 -581.83 0
1914.9 -577.08 0 1914.9 -577.08 0
1916.4 -572.33 0 1916.4 -572.33 0
1917.8 -567.57 0 1917.8 -567.57 0
1919.2 -562.82 0 1919.2 -562.82 0
1920.6 -558.05 0 1920.6 -558.05 0
1921.9 -553.29 0 1921.9 -553.29 0
1923.3 -548.52 0 1923.3 -548.52 0
1924.7 -543.75 0 1924.7 -543.75 0
1926 -538.97 0 1926 -538.97 0
1927.3 -534.19 0 1927.3 -534.19 0
1928.7 -529.41 0 1928.7 -529.41 0
1930 -524.62 0 1930 -524.62 0
1931.3 -519.83 0 1931.3 -519.83 0
1932.5 -515.04 0 1932.5 -515.04 0
1933.8 -510.25 0 1933.8 -510.25 0
1935.1 -505.45 0 1935.1 -505.45 0
1936.3 -500.65 0 1936.3 -500.65 0
1937.6 -495.84 0 1937.6 -495.84 0
1938.8 -491.03 0 1938.8 -491.03 0
1940 -486.22 0 1940 -486.22 0
1941.2 -481.41 0 1941.2 -481.41 0
1942.4 -476.59 0 1942.4 -476.59 0
1943.6 -471.77 0 1943.6 -471.77 0
1944.7 -466.95 0 1944.7 -466.95 0
1945.9 -462.13 0 1945.9 -462.13 0
1947 -457.3 0 1947 -457.3 0
1948.1 -452.47 0 1948.1 -452.47 0
1949.3 -447.63 0 1949.3 -447.63 0
1950.4 -442.8 0 1950.4 -442.8 0
1951.5 -437.96 0 1951.5 -437.96 0
1952.5 -433.11 0 1952.5 -433.11 0
1953.6 -428.27 0 1953.6 -428.27 0
1954.7 -423.42 0 1954.7 -423.42 0
1955.7 -418.57 0 1955.7 -418.57 0
1956.7 -413.72 0 1956.7 -413.72 0
1957.8 -408.87 0 1957.8 -408.87 0
1958.8 -404.01 0 1958.8 -404.01 0
1959.8 -399.15 0 1959.8 -399.15 0
1960.7 -394.29 0 1960.7 -394.29 0
1961.7 -389.42 0 1961.7 -389.42 0
1962.7 -384.55 0 1962.7 -384.55 0
1963.6 -379.68 0 1963.6 -379.68 0
1964.6 -374.81 0 1964.6 -374.81 0
1965.5 -369.94 0 1965.5 -369.94 0
1966.4 -365.06 0 1966.4 -365.06 0
1967.3 -360.18 0 1967.3 -360.18 0
1968.2 -355.3 0 1968.2 -355.3 0
1969.1 -350.42 0 1969.1 -350.42 0
1969.9 -345.53 0 1969.9 -345.53 0
1970.8 -340.64 0 1970.8 -340.64 0
1971.6 -335.75 0 1971.6 -335.75 0
1972.4 -330.86 0 1972.4 -330.86 0
1973.3 -325.97 0 1973.3 -325.97 0
1974.1 -321.07 0 1974.1 -321.07 0
1974.9 -316.18 0 1974.9 -316.18 0
1975.6 -311.28 0 1975.6 -311.28 0
1976.4 -306.37 0 1976.4 -306.37 0
1977.1 -301.47 0 1977.1 -301.47 0
1977.9 -296.57 0 1977.9 -296.57 0
1978.6 -291.66 0 1978.6 -291.66 0
1979.3 -286.75 0 1979.3 -286.75 0
1980 -281.84 0 1980 -281.84 0
1980.7 -276.93 0 1980.7 -276.93 0
1981.4 -272.01 0 1981.4 -272.01 0
1982.1 -267.1 0 1982.1 -267.1 0
1982.7 -262.18 0 1982.7 -262.18 0
1983.4 -257.26 0 1983.4 -257.26 0
1984 -252.34 0 1984 -252.34 0
1984.6 -247.42 0 1984.6 -247.42 0
1985.2 -242.49 0 1985.2 -242.49 0
1985.8 -237.57 0 1985.8 -237.57 0
1986.4 -232.64 0 1986.4 -232.64 0
1987 -227.71 0 1987 -227.71 0
1987.6 -222.78 0 1987.6 -222.78 0
1988.1 -217.85 0 1988.1 -217.85 0
1988.6 -212.92 0 1988.6 -212.92 0
1989.2 -207.99 0 1989.2 -207.99 0
1989.7 -203.05 0 1989.7 -203.05 0
1990.2 -198.12 0 1990.2 -198.12 0
1990.6 -193.18 0 1990.6 -193.18 0
1991.1 -188.24 0 1991.1 -188.24 0
1991.6 -183.3 0 1991.6 -183.3 0
1992 -178.36 0 1992 -178.36 0
1992.5 -173.42 0 1992.5 -173.42 0
1992.9 -168.48 0 1992.9 -168.48 0
1993.3 -163.53 0 1993.3 -163.53 0
1993.7 -158.59 0 1993.7 -158.59 0
1994.1 -153.64 0 1994.1 -153.64 0
1994.5 -148.69 0 1994.5 -148.69 0
1994.8 -143.75 0 1994.8 -143.75 0
1995.2 -138.8 0 1995.2 -138.8 0
1995.5 -133.85 0 1995.5 -133.85 0
1995.8 -128.9 0 1995.8 -128.9 0
1996.2 -123.95 0 1996.2 -123.95 0
1996.5 -119 0 1996.5 -119 0
1996.7 -114.04 0 1996.7 -114.04 0
1997 -109.09 0 1997 -109.09 0
1997.3 -104.14 0 1997.3 -104.14 0
1997.5 -99.181 0 1997.5 -99.181 0
1997.8 -94.225 0 1997.8 -94.225 0
1998 -89.269 0 1998 -89.269 0
1998.2 -84.313 0 1998.2 -84.313 0
1998.4 -79.356 0 1998.4 -79.356 0
1998.6 -74.399 0 1998.6 -74.399 0
1998.8 -69.441 0 1998.8 -69.441 0
1999 -64.483 0 1999 -64.483 0
1999.1 -59.524 0 1999.1 -59.524 0
1999.3 -54.565 0 1999.3 -54.565 0
1999.4 -49.606 0 1999.4 -49.606 0
1999.5 -44.646 0 1999.5 -44.646 0
1999.6 -39.686 0 1999.6 -39.686 0
1999.7 -34.726 0 1999.7 -34.726 0
1999.8 -29.765 0 1999.8 -29.765 0
1999.8 -24.805 0 1999.8 -24.805 0
1999.9 -19.844 0 1999.9 -19.844 0
1999.9 -14.883 0 1999.9 -14.883 0
2000 -9.9221 0 2000 -9.9221 0
2000 -4.9611 0 2000 -4.9611 0
